1	9	3	91	31	67	3	35	48
1	9	11	91	89	60	20	35	42
1	9	14	91	100	21	59	35	15
1	9	8	91	100	22	66	35	25
1	9	64	91	100	26	37	35	33
1	9	18	91	80	63	16	35	37
1	3	11	31	89	3	71	48	42
1	3	14	31	100	10	69	48	15
1	3	8	31	100	2	78	48	25
1	3	64	31	100	0	77	48	33
1	3	18	31	80	7	57	48	37
1	11	14	89	100	24	63	42	15
1	11	8	89	100	13	64	42	25
1	11	64	89	100	11	69	42	33
1	11	18	89	80	24	25	42	37
1	14	8	100	100	61	30	15	25
1	14	64	100	100	61	23	15	33
1	14	18	100	80	72	24	15	37
1	8	64	100	100	63	12	25	33
1	8	18	100	80	81	8	25	37
1	64	18	100	80	79	8	33	37
2	19	80	100	100	12	62	35	33
2	19	5	100	94	60	27	35	38
2	80	5	100	94	59	11	33	38
3	18	7	77	64	30	18	30	31
3	18	20	77	74	57	19	30	38
3	18	1	77	38	64	6	30	45
3	18	66	77	68	48	24	30	39
3	18	16	77	67	57	21	30	39
3	18	14	77	79	23	53	30	25
3	18	15	77	73	24	15	30	31
3	7	20	64	74	48	20	31	38
3	7	1	64	38	50	12	31	45
3	7	66	64	68	48	13	31	39
3	7	16	64	67	44	13	31	39
3	7	14	64	79	10	64	31	25
3	7	15	64	73	21	23	31	31
3	20	1	74	38	50	7	38	45
3	20	66	74	68	18	28	38	39
3	20	16	74	67	28	20	38	39
3	20	14	74	79	4	56	38	25
3	20	15	74	73	19	44	38	31
3	1	66	38	68	4	54	45	39
3	1	16	38	67	2	53	45	39
3	1	14	38	79	8	71	45	25
3	1	15	38	73	2	53	45	31
3	66	16	68	67	18	23	39	39
3	66	14	68	79	13	51	39	25
3	66	15	68	73	16	41	39	31
3	16	14	67	79	15	59	39	25
3	16	15	67	73	15	41	39	31
3	14	15	79	73	64	11	25	31
4	10	11	100	91	70	20	28	45
4	10	9	100	100	36	49	28	15
4	10	67	100	92	75	13	28	42
4	10	8	100	99	32	32	28	28
4	11	9	91	100	20	67	45	15
4	11	67	91	92	21	50	45	42
4	11	8	91	99	7	65	45	28
4	9	67	100	92	65	19	15	42
4	9	8	100	99	68	24	15	28
4	67	8	92	99	33	58	42	28
5	37	36	91	5	75	0	31	47
5	37	18	91	97	25	38	31	31
5	37	14	91	92	57	30	31	40
5	37	2	91	97	61	18	31	43
5	37	35	91	85	57	22	31	41
5	37	12	91	1	86	0	31	19
5	37	19	91	100	14	35	31	31
5	37	11	91	29	77	6	31	49
5	36	18	5	97	0	87	47	31
5	36	14	5	92	0	73	47	40
5	36	2	5	97	2	84	47	43
5	36	35	5	85	2	83	47	41
5	36	12	5	1	1	3	47	19
5	36	19	5	100	1	93	47	31
5	36	11	5	29	4	16	47	49
5	18	14	97	92	56	33	31	40
5	18	2	97	97	59	20	31	43
5	18	35	97	85	68	24	31	41
5	18	12	97	1	92	1	31	19
5	18	19	97	100	24	27	31	31
5	18	11	97	29	79	8	31	49
5	14	2	92	97	27	19	40	43
5	14	35	92	85	23	27	40	41
5	14	12	92	1	92	0	40	19
5	14	19	92	100	15	74	40	31
5	14	11	92	29	67	5	40	49
5	2	35	97	85	24	19	43	41
5	2	12	97	1	97	0	43	19
5	2	19	97	100	28	69	43	31
5	2	11	97	29	80	4	43	49
5	35	12	85	1	86	0	41	19
5	35	19	85	100	8	71	41	31
5	35	11	85	29	78	12	41	49
5	12	19	1	100	2	98	19	31
5	12	11	1	29	0	24	19	49
5	19	11	100	29	89	0	31	49
6	20	7	83	61	66	13	20	45
6	20	11	83	83	56	20	20	36
6	20	15	83	86	51	21	20	31
6	20	16	83	87	65	18	20	28
6	7	11	61	83	7	61	45	36
6	7	15	61	86	25	49	45	31
6	7	16	61	87	9	66	45	28
6	11	15	83	86	27	44	36	31
6	11	16	83	87	18	53	36	28
6	15	16	86	87	28	44	31	28
7	20	16	67	85	16	51	45	28
7	20	6	67	62	21	21	45	47
7	20	15	67	81	20	64	45	26
7	20	18	67	57	12	44	45	39
7	20	3	67	61	23	33	45	35
7	16	6	85	62	54	19	28	47
7	16	15	85	81	21	18	28	26
7	16	18	85	57	47	19	28	39
7	16	3	85	61	50	19	28	35
7	6	15	62	81	13	53	47	26
7	6	18	62	57	9	41	47	39
7	6	3	62	61	18	44	47	35
7	15	18	81	57	47	9	26	39
7	15	3	81	61	39	31	26	35
7	18	3	57	61	14	44	39	35
8	14	10	97	100	15	59	37	31
8	14	63	97	79	71	11	37	45
8	14	67	97	83	71	13	37	42
8	14	1	97	100	25	54	37	27
8	14	4	97	100	9	65	37	27
8	14	9	97	99	26	62	37	17
8	10	63	100	79	74	15	31	45
8	10	67	100	83	71	26	31	42
8	10	1	100	100	16	76	31	27
8	10	4	100	100	26	62	31	27
8	10	9	100	99	40	41	31	17
8	63	67	79	83	12	52	45	42
8	63	1	79	100	13	74	45	27
8	63	4	79	100	11	76	45	27
8	63	9	79	99	11	75	45	17
8	67	1	83	100	14	64	42	27
8	67	4	83	100	27	58	42	27
8	67	9	83	99	20	66	42	17
8	1	4	100	100	59	12	27	27
8	1	9	100	99	21	69	27	17
8	4	9	100	99	37	52	27	17
9	4	8	100	100	68	23	10	14
9	4	10	100	100	78	27	10	16
9	4	1	100	97	69	11	10	35
9	4	13	100	79	59	20	10	41
9	4	67	100	100	61	24	10	20
9	4	11	100	70	64	23	10	40
9	4	14	100	41	78	7	10	46
9	4	64	100	55	78	8	10	44
9	8	10	100	100	70	26	14	16
9	8	1	100	97	64	28	14	35
9	8	13	100	79	72	8	14	41
9	8	67	100	100	62	29	14	20
9	8	11	100	70	71	6	14	40
9	8	14	100	41	72	13	14	46
9	8	64	100	55	72	10	14	44
9	10	1	100	97	62	25	16	35
9	10	13	100	79	63	20	16	41
9	10	67	100	100	59	27	16	20
9	10	11	100	70	67	9	16	40
9	10	14	100	41	68	3	16	46
9	10	64	100	55	71	5	16	44
9	1	13	97	79	71	6	35	41
9	1	67	97	100	17	60	35	20
9	1	11	97	70	60	15	35	40
9	1	14	97	41	64	17	35	46
9	1	64	97	55	59	19	35	44
9	13	67	79	100	7	74	41	20
9	13	11	79	70	18	55	41	40
9	13	14	79	41	32	18	41	46
9	13	64	79	55	21	17	41	44
9	67	11	100	70	71	12	20	40
9	67	14	100	41	70	2	20	46
9	67	64	100	55	79	6	20	44
9	11	14	70	41	52	19	40	46
9	11	64	70	55	59	24	40	44
9	14	64	41	55	16	23	46	44
10	8	67	100	100	51	31	32	37
10	8	13	100	75	76	8	32	43
10	8	4	100	100	31	49	32	28
10	8	9	100	99	29	52	32	19
10	67	13	100	75	80	9	37	43
10	67	4	100	100	27	58	37	28
10	67	9	100	99	31	58	37	19
10	13	4	75	100	16	81	43	28
10	13	9	75	99	19	72	43	19
10	4	9	100	99	19	71	28	19
11	20	5	79	26	68	1	25	43
11	20	6	79	87	52	17	25	36
11	20	18	79	70	51	10	25	38
11	20	15	79	72	64	17	25	44
11	20	66	79	39	49	3	25	45
11	20	14	79	72	57	10	25	43
11	20	1	79	81	58	17	25	39
11	20	9	79	78	64	15	25	38
11	20	13	79	79	21	57	25	23
11	20	4	79	60	53	21	25	39
11	5	6	26	87	3	69	43	36
11	5	18	26	70	10	54	43	38
11	5	15	26	72	4	30	43	44
11	5	66	26	39	17	13	43	45
11	5	14	26	72	8	38	43	43
11	5	1	26	81	4	75	43	39
11	5	9	26	78	7	69	43	38
11	5	13	26	79	6	67	43	23
11	5	4	26	60	3	70	43	39
11	6	18	87	70	59	4	36	38
11	6	15	87	72	56	21	36	44
11	6	66	87	39	71	5	36	45
11	6	14	87	72	60	15	36	43
11	6	1	87	81	52	19	36	39
11	6	9	87	78	48	23	36	38
11	6	13	87	79	14	61	36	23
11	6	4	87	60	58	18	36	39
11	18	15	70	72	39	6	38	44
11	18	66	70	39	44	3	38	45
11	18	14	70	72	18	27	38	43
11	18	1	70	81	9	49	38	39
11	18	9	70	78	6	67	38	38
11	18	13	70	79	19	54	38	23
11	18	4	70	60	8	51	38	39
11	15	66	72	39	26	2	44	45
11	15	14	72	72	4	15	44	43
11	15	1	72	81	5	68	44	39
11	15	9	72	78	10	72	44	38
11	15	13	72	79	1	66	44	23
11	15	4	72	60	6	59	44	39
11	66	14	39	72	4	42	45	43
11	66	1	39	81	2	87	45	39
11	66	9	39	78	2	73	45	38
11	66	13	39	79	1	68	45	23
11	66	4	39	60	2	72	45	39
11	14	1	72	81	11	63	43	39
11	14	9	72	78	13	56	43	38
11	14	13	72	79	12	57	43	23
11	14	4	72	60	5	44	43	39
11	1	9	81	78	27	44	39	38
11	1	13	81	79	21	52	39	23
11	1	4	81	60	52	8	39	39
11	9	13	78	79	27	46	38	23
11	9	4	78	60	49	25	38	39
11	13	4	79	60	61	19	23	39
12	19	0	6	0	0	0	21	65535
13	20	9	51	84	7	53	45	43
13	20	14	51	90	7	76	45	36
13	20	11	51	86	25	53	45	28
13	20	10	51	84	15	23	45	42
13	20	5	51	1	47	1	45	45
13	20	18	51	73	13	44	45	41
13	9	14	84	90	19	50	43	36
13	9	11	84	86	21	43	43	28
13	9	10	84	84	29	19	43	42
13	9	5	84	1	61	1	43	45
13	9	18	84	73	17	10	43	41
13	14	11	90	86	29	36	36	28
13	14	10	90	84	62	10	36	42
13	14	5	90	1	80	1	36	45
13	14	18	90	73	43	18	36	41
13	11	10	86	84	60	10	28	42
13	11	5	86	1	79	2	28	45
13	11	18	86	73	52	20	28	41
13	10	5	84	1	76	2	42	45
13	10	18	84	73	26	40	42	41
13	5	18	1	73	0	63	45	41
14	1	33	92	53	75	3	15	46
14	1	18	92	100	59	25	15	17
14	1	66	92	50	73	4	15	41
14	1	13	92	90	70	9	15	33
14	1	3	92	77	74	22	15	28
14	1	37	92	70	59	11	15	39
14	1	35	92	89	67	6	15	36
14	1	8	92	100	67	22	15	34
14	1	16	92	40	79	10	15	45
14	1	5	92	83	60	8	15	37
14	1	11	92	54	59	19	15	45
14	1	9	92	55	59	16	15	45
14	33	18	53	100	15	71	46	17
14	33	66	53	50	22	42	46	41
14	33	13	53	90	18	59	46	33
14	33	3	53	77	15	51	46	28
14	33	37	53	70	8	40	46	39
14	33	35	53	89	7	63	46	36
14	33	8	53	100	4	78	46	34
14	33	16	53	40	17	18	46	45
14	33	5	53	83	8	60	46	37
14	33	11	53	54	9	47	46	45
14	33	9	53	55	21	11	46	45
14	18	66	100	50	68	17	17	41
14	18	13	100	90	65	26	17	33
14	18	3	100	77	68	30	17	28
14	18	37	100	70	69	17	17	39
14	18	35	100	89	55	22	17	36
14	18	8	100	100	67	7	17	34
14	18	16	100	40	71	11	17	45
14	18	5	100	83	54	27	17	37
14	18	11	100	54	63	20	17	45
14	18	9	100	55	71	4	17	45
14	66	13	50	90	6	56	41	33
14	66	3	50	77	12	49	41	28
14	66	37	50	70	11	38	41	39
14	66	35	50	89	17	63	41	36
14	66	8	50	100	5	71	41	34
14	66	16	50	40	40	17	41	45
14	66	5	50	83	8	42	41	37
14	66	11	50	54	17	26	41	45
14	66	9	50	55	37	15	41	45
14	13	3	90	77	14	51	33	28
14	13	37	90	70	58	12	33	39
14	13	35	90	89	25	27	33	36
14	13	8	90	100	21	21	33	34
14	13	16	90	40	65	10	33	45
14	13	5	90	83	57	21	33	37
14	13	11	90	54	55	21	33	45
14	13	9	90	55	56	15	33	45
14	3	37	77	70	56	24	28	39
14	3	35	77	89	52	23	28	36
14	3	8	77	100	63	27	28	34
14	3	16	77	40	43	15	28	45
14	3	5	77	83	51	35	28	37
14	3	11	77	54	54	13	28	45
14	3	9	77	55	56	18	28	45
14	37	35	70	89	12	61	39	36
14	37	8	70	100	13	72	39	34
14	37	16	70	40	47	12	39	45
14	37	5	70	83	16	33	39	37
14	37	11	70	54	31	9	39	45
14	37	9	70	55	48	8	39	45
14	35	8	89	100	11	18	36	34
14	35	16	89	40	78	5	36	45
14	35	5	89	83	52	28	36	37
14	35	11	89	54	61	9	36	45
14	35	9	89	55	75	7	36	45
14	8	16	100	40	80	4	34	45
14	8	5	100	83	62	10	34	37
14	8	11	100	54	80	4	34	45
14	8	9	100	55	64	9	34	45
14	16	5	40	83	4	72	45	37
14	16	11	40	54	5	12	45	45
14	16	9	40	55	10	4	45	45
14	5	11	83	54	48	6	37	45
14	5	9	83	55	75	10	37	45
14	11	9	54	55	24	11	45	45
15	16	20	84	73	31	19	23	33
15	16	11	84	60	56	9	23	47
15	16	3	84	62	66	13	23	34
15	16	7	84	75	42	12	23	27
15	16	66	84	48	66	8	23	44
15	16	6	84	82	50	14	23	34
15	20	11	73	60	28	30	33	47
15	20	3	73	62	19	47	33	34
15	20	7	73	75	32	48	33	27
15	20	66	73	48	59	4	33	44
15	20	6	73	82	18	46	33	34
15	11	3	60	62	11	49	47	34
15	11	7	60	75	3	35	47	27
15	11	66	60	48	23	11	47	44
15	11	6	60	82	17	43	47	34
15	3	7	62	75	14	39	34	27
15	3	66	62	48	29	6	34	44
15	3	6	62	82	3	14	34	34
15	7	66	75	48	40	5	27	44
15	7	6	75	82	31	18	27	34
15	66	6	48	82	3	41	44	34
16	6	66	79	68	48	11	30	38
16	6	14	79	50	44	6	30	45
16	6	20	79	77	30	14	30	27
16	6	15	79	72	16	35	30	21
16	6	3	79	30	42	3	30	42
16	6	18	79	41	43	5	30	42
16	6	7	79	45	18	15	30	27
16	66	14	68	50	30	9	38	45
16	66	20	68	77	16	38	38	27
16	66	15	68	72	7	48	38	21
16	66	3	68	30	11	11	38	42
16	66	18	68	41	30	9	38	42
16	66	7	68	45	16	31	38	27
16	14	20	50	77	7	54	45	27
16	14	15	50	72	6	50	45	21
16	14	3	50	30	10	27	45	42
16	14	18	50	41	9	12	45	42
16	14	7	50	45	6	22	45	27
16	20	15	77	72	14	42	27	21
16	20	3	77	30	38	14	27	42
16	20	18	77	41	44	3	27	42
16	20	7	77	45	22	25	27	27
16	15	3	72	30	45	4	21	42
16	15	18	72	41	41	6	21	42
16	15	7	72	45	31	19	21	27
16	3	18	30	41	24	14	42	42
16	3	7	30	45	8	27	42	27
16	18	7	41	45	6	29	42	27
17	39	38	100	90	63	25	30	39
17	39	83	100	89	74	13	30	38
17	39	2	100	2	100	0	30	47
17	38	83	90	89	17	58	39	38
17	38	2	90	2	86	1	39	47
17	83	2	89	2	92	0	38	47
18	5	7	94	28	80	8	30	41
18	5	37	94	49	70	11	30	39
18	5	3	94	52	44	13	30	35
18	5	11	94	42	77	5	30	44
18	5	16	94	43	83	6	30	44
18	5	1	94	78	61	15	30	39
18	5	35	94	68	70	17	30	40
18	5	33	94	9	76	2	30	47
18	5	14	94	100	22	59	30	19
18	5	13	94	55	76	8	30	41
18	5	66	94	40	82	4	30	44
18	7	37	28	49	7	24	41	39
18	7	3	28	52	7	42	41	35
18	7	11	28	42	7	16	41	44
18	7	16	28	43	19	7	41	44
18	7	1	28	78	3	52	41	39
18	7	35	28	68	10	35	41	40
18	7	33	28	9	31	3	41	47
18	7	14	28	100	6	79	41	19
18	7	13	28	55	6	8	41	41
18	7	66	28	40	20	3	41	44
18	37	3	49	52	28	34	39	35
18	37	11	49	42	28	16	39	44
18	37	16	49	43	41	8	39	44
18	37	1	49	78	11	44	39	39
18	37	35	49	68	17	23	39	40
18	37	33	49	9	47	2	39	47
18	37	14	49	100	15	69	39	19
18	37	13	49	55	27	15	39	41
18	37	66	49	40	47	7	39	44
18	3	11	52	42	44	7	35	44
18	3	16	52	43	44	13	35	44
18	3	1	52	78	35	47	35	39
18	3	35	52	68	32	36	35	40
18	3	33	52	9	58	10	35	47
18	3	14	52	100	15	75	35	19
18	3	13	52	55	37	5	35	41
18	3	66	52	40	37	4	35	44
18	11	16	42	43	23	9	44	44
18	11	1	42	78	11	51	44	39
18	11	35	42	68	12	28	44	40
18	11	33	42	9	42	7	44	47
18	11	14	42	100	12	78	44	19
18	11	13	42	55	22	10	44	41
18	11	66	42	40	48	15	44	44
18	16	1	43	78	11	59	44	39
18	16	35	43	68	15	52	44	40
18	16	33	43	9	47	7	44	47
18	16	14	43	100	10	67	44	19
18	16	13	43	55	7	18	44	41
18	16	66	43	40	14	15	44	44
18	1	35	78	68	23	11	39	40
18	1	33	78	9	73	3	39	47
18	1	14	78	100	22	59	39	19
18	1	13	78	55	58	13	39	41
18	1	66	78	40	58	6	39	44
18	35	33	68	9	49	10	40	47
18	35	14	68	100	17	75	40	19
18	35	13	68	55	42	21	40	41
18	35	66	68	40	57	10	40	44
18	33	14	9	100	4	81	47	19
18	33	13	9	55	5	57	47	41
18	33	66	9	40	4	42	47	44
18	14	13	100	55	76	15	19	41
18	14	66	100	40	77	11	19	44
18	13	66	55	40	26	15	41	44
19	2	5	99	100	29	69	38	30
19	2	26	99	88	71	11	38	44
19	2	83	99	73	68	5	38	46
19	2	12	99	15	93	5	38	18
19	2	18	99	0	96	0	38	65535
19	5	26	100	88	64	16	30	44
19	5	83	100	73	75	9	30	46
19	5	12	100	15	90	5	30	18
19	5	18	100	0	91	0	30	65535
19	26	83	88	73	24	4	44	46
19	26	12	88	15	82	2	44	18
19	26	18	88	0	74	0	44	65535
19	83	12	73	15	68	7	46	18
19	83	18	73	0	72	0	46	65535
19	12	18	15	0	18	0	18	65535
20	16	13	76	48	72	9	30	45
20	16	6	76	94	25	59	30	26
20	16	15	76	78	52	18	30	34
20	16	7	76	65	60	12	30	46
20	16	3	76	74	54	18	30	44
20	13	6	48	94	8	76	45	26
20	13	15	48	78	7	58	45	34
20	13	7	48	65	10	40	45	46
20	13	3	48	74	9	56	45	44
20	6	15	94	78	63	15	26	34
20	6	7	94	65	67	18	26	46
20	6	3	94	74	73	10	26	44
20	15	7	78	65	33	24	34	46
20	15	3	78	74	49	14	34	44
20	7	3	65	74	19	43	46	44
24	27	48	100	1	100	0	34	50
24	27	31	100	94	54	24	34	38
24	48	31	1	94	0	99	50	38
25	28	35	100	87	64	26	21	39
26	39	35	29	67	8	39	47	47
26	39	36	29	100	7	74	47	35
26	39	19	29	81	7	62	47	44
26	39	37	29	97	9	79	47	31
26	35	36	67	100	27	69	47	35
26	35	19	67	81	19	32	47	44
26	35	37	67	97	19	63	47	31
26	36	19	100	81	63	10	35	44
26	36	37	100	97	18	62	35	31
26	19	37	81	97	19	59	44	31
27	24	40	99	93	19	55	28	31
27	24	31	99	91	68	19	28	42
27	24	30	99	82	74	7	28	45
27	24	47	99	62	79	12	28	46
27	24	56	99	100	10	63	28	31
27	24	54	99	70	77	5	28	47
27	24	55	99	99	10	76	28	35
27	24	58	99	11	93	3	28	44
27	40	31	93	91	62	12	31	42
27	40	30	93	82	67	21	31	45
27	40	47	93	62	73	13	31	46
27	40	56	93	100	66	22	31	31
27	40	54	93	70	61	18	31	47
27	40	55	93	99	64	26	31	35
27	40	58	93	11	83	4	31	44
27	31	30	91	82	68	22	42	45
27	31	47	91	62	60	12	42	46
27	31	56	91	100	16	79	42	31
27	31	54	91	70	67	16	42	47
27	31	55	91	99	6	61	42	35
27	31	58	91	11	86	5	42	44
27	30	47	82	62	28	19	45	46
27	30	56	82	100	11	71	45	31
27	30	54	82	70	31	20	45	47
27	30	55	82	99	6	70	45	35
27	30	58	82	11	69	4	45	44
27	47	56	62	100	19	74	46	31
27	47	54	62	70	22	21	46	47
27	47	55	62	99	14	77	46	35
27	47	58	62	11	43	5	46	44
27	56	54	100	70	85	13	31	47
27	56	55	100	99	40	22	31	35
27	56	58	100	11	92	4	31	44
27	54	55	70	99	10	79	47	35
27	54	58	70	11	59	4	47	44
27	55	58	99	11	92	5	35	44
28	35	25	89	99	26	63	44	19
28	35	38	89	91	16	56	44	35
28	35	36	89	12	68	2	44	47
28	25	38	99	91	64	20	19	35
28	25	36	99	12	88	0	19	47
28	38	36	91	12	88	0	35	47
30	38	46	84	78	22	21	41	43
30	38	27	84	87	47	17	41	43
30	38	53	84	68	25	43	41	32
30	38	51	84	68	34	44	41	37
30	38	57	84	65	30	45	41	45
30	46	27	78	87	49	16	43	43
30	46	53	78	68	28	43	43	32
30	46	51	78	68	30	40	43	37
30	46	57	78	65	22	51	43	45
30	27	53	87	68	24	47	43	32
30	27	51	87	68	32	45	43	37
30	27	57	87	65	29	44	43	45
30	53	51	68	68	48	14	32	37
30	53	57	68	65	49	14	32	45
30	51	57	68	65	20	24	37	45
31	60	24	76	92	7	67	47	30
31	60	28	76	32	47	5	47	48
31	60	27	76	95	10	69	47	38
31	60	48	76	88	18	64	47	41
31	60	45	76	4	68	1	47	48
31	24	28	92	32	84	3	30	48
31	24	27	92	95	68	13	30	38
31	24	48	92	88	16	30	30	41
31	24	45	92	4	97	0	30	48
31	28	27	32	95	3	80	48	38
31	28	48	32	88	3	82	48	41
31	28	45	32	4	22	0	48	48
31	27	48	95	88	15	62	38	41
31	27	45	95	4	90	0	38	48
31	48	45	88	4	86	0	41	48
32	48	34	64	100	21	72	46	18
32	48	45	64	89	21	57	46	37
32	48	33	64	40	27	12	46	46
32	34	45	100	89	56	21	18	37
32	34	33	100	40	77	6	18	46
32	45	33	89	40	74	9	37	46
33	5	14	72	55	33	20	43	46
33	5	60	72	43	12	26	43	48
33	5	18	72	13	49	2	43	46
33	5	32	72	54	28	21	43	44
33	5	35	72	73	20	24	43	46
33	14	60	55	43	13	31	46	48
33	14	18	55	13	36	2	46	46
33	14	32	55	54	27	22	46	44
33	14	35	55	73	19	36	46	46
33	60	18	43	13	58	4	48	46
33	60	32	43	54	40	17	48	44
33	60	35	43	73	22	22	48	46
33	18	32	13	54	5	34	46	44
33	18	35	13	73	4	56	46	46
33	32	35	54	73	13	35	44	46
34	32	0	99	0	0	0	19	65535
35	14	37	85	77	58	19	36	39
35	14	5	85	89	57	28	36	38
35	14	48	85	1	87	0	36	49
35	14	26	85	82	64	9	36	45
35	14	18	85	69	58	21	36	37
35	14	28	85	89	63	10	36	45
35	14	25	85	93	53	9	36	38
35	14	60	85	51	75	4	36	48
35	14	36	85	90	44	14	36	37
35	14	33	85	70	62	27	36	45
35	37	5	77	89	17	30	39	38
35	37	48	77	1	77	1	39	49
35	37	26	77	82	39	30	39	45
35	37	18	77	69	32	31	39	37
35	37	28	77	89	29	24	39	45
35	37	25	77	93	7	58	39	38
35	37	60	77	51	59	9	39	48
35	37	36	77	90	15	57	39	37
35	37	33	77	70	34	7	39	45
35	5	48	89	1	85	1	38	49
35	5	26	89	82	60	9	38	45
35	5	18	89	69	33	22	38	37
35	5	28	89	89	38	12	38	45
35	5	25	89	93	8	31	38	38
35	5	60	89	51	75	4	38	48
35	5	36	89	90	30	52	38	37
35	5	33	89	70	48	26	38	45
35	48	26	1	82	1	66	49	45
35	48	18	1	69	1	71	49	37
35	48	28	1	89	1	77	49	45
35	48	25	1	93	1	85	49	38
35	48	60	1	51	15	18	49	48
35	48	36	1	90	3	79	49	37
35	48	33	1	70	4	56	49	45
35	26	18	82	69	24	43	45	37
35	26	28	82	89	6	42	45	45
35	26	25	82	93	14	62	45	38
35	26	60	82	51	58	2	45	48
35	26	36	82	90	20	62	45	37
35	26	33	82	70	10	46	45	45
35	18	28	69	89	46	25	37	45
35	18	25	69	93	7	35	37	38
35	18	60	69	51	60	14	37	48
35	18	36	69	90	11	58	37	37
35	18	33	69	70	35	25	37	45
35	28	25	89	93	33	50	45	38
35	28	60	89	51	67	3	45	48
35	28	36	89	90	28	53	45	37
35	28	33	89	70	18	10	45	45
35	25	60	93	51	65	6	38	48
35	25	36	93	90	11	34	38	37
35	25	33	93	70	68	6	38	45
35	60	36	51	90	7	66	48	37
35	60	33	51	70	14	41	48	45
35	36	33	90	70	57	8	37	45
36	39	26	98	100	33	48	42	35
36	39	35	98	89	19	61	42	38
36	39	37	98	11	84	1	42	44
36	39	38	98	100	26	70	42	33
36	39	5	98	4	93	1	42	44
36	26	35	100	89	51	23	35	38
36	26	37	100	11	93	1	35	44
36	26	38	100	100	12	62	35	33
36	26	5	100	4	98	1	35	44
36	35	37	89	11	79	1	38	44
36	35	38	89	100	15	71	38	33
36	35	5	89	4	89	0	38	44
36	37	38	11	100	0	94	44	33
36	37	5	11	4	0	0	44	44
36	38	5	100	4	96	2	33	44
37	60	5	77	87	6	55	44	31
37	60	26	77	94	13	63	44	32
37	60	14	77	79	18	13	44	42
37	60	35	77	73	22	24	44	42
37	60	18	77	67	21	14	44	39
37	60	39	77	90	52	10	44	44
37	60	38	77	84	12	44	44	38
37	5	26	87	94	6	13	31	32
37	5	14	87	79	79	11	31	42
37	5	35	87	73	71	24	31	42
37	5	18	87	67	64	18	31	39
37	5	39	87	90	73	15	31	44
37	5	38	87	84	71	9	31	38
37	26	14	94	79	71	6	32	42
37	26	35	94	73	70	18	32	42
37	26	18	94	67	73	14	32	39
37	26	39	94	90	57	28	32	44
37	26	38	94	84	66	10	32	38
37	14	35	79	73	26	32	42	42
37	14	18	79	67	26	17	42	39
37	14	39	79	90	40	25	42	44
37	14	38	79	84	11	56	42	38
37	35	18	73	67	30	21	42	39
37	35	39	73	90	43	20	42	44
37	35	38	73	84	15	52	42	38
37	18	39	67	90	30	26	39	44
37	18	38	67	84	7	74	39	38
37	39	38	90	84	21	57	44	38
38	51	37	85	91	47	25	35	37
38	51	28	85	100	12	24	35	37
38	51	36	85	98	11	72	35	33
38	51	35	85	0	75	0	35	65535
38	51	39	85	100	7	64	35	33
38	51	17	85	90	54	30	35	40
38	51	30	85	85	54	26	35	41
38	51	53	85	49	59	15	35	44
38	37	28	91	100	9	64	37	37
38	37	36	91	98	23	58	37	33
38	37	35	91	0	78	2	37	65535
38	37	39	91	100	21	69	37	33
38	37	17	91	90	15	23	37	40
38	37	30	91	85	60	21	37	41
38	37	53	91	49	78	9	37	44
38	28	36	100	98	20	66	37	33
38	28	35	100	0	86	7	37	65535
38	28	39	100	100	12	57	37	33
38	28	17	100	90	64	10	37	40
38	28	30	100	85	66	12	37	41
38	28	53	100	49	77	3	37	44
38	36	35	98	0	80	5	33	65535
38	36	39	98	100	25	39	33	33
38	36	17	98	90	73	10	33	40
38	36	30	98	85	70	8	33	41
38	36	53	98	49	83	6	33	44
38	35	39	0	100	0	100	65535	33
38	35	17	0	90	1	97	65535	40
38	35	30	0	85	1	84	65535	41
38	35	53	0	49	0	39	65535	44
38	39	17	100	90	75	25	33	40
38	39	30	100	85	80	14	33	41
38	39	53	100	49	85	4	33	44
38	17	30	90	85	38	9	40	41
38	17	53	90	49	77	3	40	44
38	30	53	85	49	62	11	41	44
39	38	37	100	91	56	20	33	42
39	38	17	100	99	28	72	33	31
39	38	36	100	100	69	31	33	42
39	38	26	100	36	84	3	33	46
39	37	17	91	99	9	67	42	31
39	37	36	91	100	12	39	42	42
39	37	26	91	36	62	10	42	46
39	17	36	99	100	59	9	31	42
39	17	26	99	36	81	5	31	46
39	36	26	100	36	62	8	42	46
40	55	53	95	61	75	11	16	38
40	55	58	95	93	45	26	16	25
40	55	59	95	71	75	14	16	38
40	55	81	95	66	73	11	16	39
40	55	27	95	88	69	23	16	28
40	55	45	95	72	62	13	16	39
40	55	54	95	100	65	22	16	19
40	55	51	95	72	54	27	16	35
40	55	47	95	100	66	32	16	25
40	55	57	95	40	89	6	16	47
40	55	84	95	9	99	1	16	44
40	53	58	61	93	13	72	38	25
40	53	59	61	71	12	43	38	38
40	53	81	61	66	27	17	38	39
40	53	27	61	88	7	72	38	28
40	53	45	61	72	10	41	38	39
40	53	54	61	100	16	73	38	19
40	53	51	61	72	13	51	38	35
40	53	47	61	100	5	75	38	25
40	53	57	61	40	51	4	38	47
40	53	84	61	9	59	2	38	44
40	58	59	93	71	62	19	25	38
40	58	81	93	66	64	14	25	39
40	58	27	93	88	52	20	25	28
40	58	45	93	72	62	20	25	39
40	58	54	93	100	24	60	25	19
40	58	51	93	72	64	18	25	35
40	58	47	93	100	33	57	25	25
40	58	57	93	40	87	0	25	47
40	58	84	93	9	94	0	25	44
40	59	81	71	66	56	15	38	39
40	59	27	71	88	12	69	38	28
40	59	45	71	72	31	28	38	39
40	59	54	71	100	13	67	38	19
40	59	51	71	72	17	40	38	35
40	59	47	71	100	20	62	38	25
40	59	57	71	40	65	2	38	47
40	59	84	71	9	69	0	38	44
40	81	27	66	88	8	71	39	28
40	81	45	66	72	12	53	39	39
40	81	54	66	100	15	68	39	19
40	81	51	66	72	12	47	39	35
40	81	47	66	100	6	80	39	25
40	81	57	66	40	58	0	39	47
40	81	84	66	9	56	1	39	44
40	27	45	88	72	64	6	28	39
40	27	54	88	100	23	55	28	19
40	27	51	88	72	62	12	28	35
40	27	47	88	100	23	66	28	25
40	27	57	88	40	94	0	28	47
40	27	84	88	9	92	1	28	44
40	45	54	72	100	21	64	39	19
40	45	51	72	72	31	41	39	35
40	45	47	72	100	20	57	39	25
40	45	57	72	40	65	0	39	47
40	45	84	72	9	73	1	39	44
40	54	51	100	72	64	18	19	35
40	54	47	100	100	69	23	19	25
40	54	57	100	40	98	0	19	47
40	54	84	100	9	99	0	19	44
40	51	47	72	100	22	72	35	25
40	51	57	72	40	69	0	35	47
40	51	84	72	9	68	0	35	44
40	47	57	100	40	96	0	25	47
40	47	84	100	9	99	0	25	44
40	57	84	40	9	4	4	47	44
45	51	47	43	73	22	55	44	37
45	51	60	43	79	7	44	44	45
45	51	59	43	38	11	14	44	45
45	51	40	43	65	15	58	44	38
45	51	54	43	86	9	70	44	35
45	51	48	43	94	8	74	44	34
45	51	56	43	60	15	26	44	40
45	51	55	43	78	13	66	44	38
45	47	60	73	79	49	33	37	45
45	47	59	73	38	49	15	37	45
45	47	40	73	65	17	16	37	38
45	47	54	73	86	15	65	37	35
45	47	48	73	94	16	58	37	34
45	47	56	73	60	56	22	37	40
45	47	55	73	78	42	26	37	38
45	60	59	79	38	29	8	45	45
45	60	40	79	65	28	56	45	38
45	60	54	79	86	9	59	45	35
45	60	48	79	94	20	57	45	34
45	60	56	79	60	22	30	45	40
45	60	55	79	78	15	52	45	38
45	59	40	38	65	16	43	45	38
45	59	54	38	86	9	76	45	35
45	59	48	38	94	6	79	45	34
45	59	56	38	60	21	41	45	40
45	59	55	38	78	12	51	45	38
45	40	54	65	86	20	72	38	35
45	40	48	65	94	13	63	38	34
45	40	56	65	60	44	22	38	40
45	40	55	65	78	20	23	38	38
45	54	48	86	94	44	19	35	34
45	54	56	86	60	57	19	35	40
45	54	55	86	78	65	10	35	38
45	48	56	94	60	72	7	34	40
45	48	55	94	78	66	9	34	38
45	56	55	60	78	18	52	40	38
46	53	84	62	39	63	16	35	44
46	53	30	62	80	43	25	35	43
46	53	51	62	71	19	29	35	35
46	53	57	62	77	23	56	35	39
46	84	30	39	80	11	37	44	43
46	84	51	39	71	15	46	44	35
46	84	57	39	77	7	67	44	39
46	30	51	80	71	23	45	43	35
46	30	57	80	77	17	57	43	39
46	51	57	71	77	16	45	35	39
47	60	51	59	80	10	55	45	33
47	60	45	59	75	19	48	45	36
47	60	56	59	43	23	8	45	42
47	60	58	59	100	9	75	45	15
47	60	54	59	100	9	70	45	23
47	60	59	59	73	12	54	45	39
47	60	27	59	68	12	16	45	40
47	60	48	59	85	11	61	45	35
47	60	55	59	100	7	65	45	19
47	60	40	59	99	9	72	45	23
47	51	45	80	75	38	26	33	36
47	51	56	80	43	54	7	33	42
47	51	58	80	100	14	62	33	15
47	51	54	80	100	15	64	33	23
47	51	59	80	73	53	17	33	39
47	51	27	80	68	45	20	33	40
47	51	48	80	85	10	21	33	35
47	51	55	80	100	19	60	33	19
47	51	40	80	99	17	75	33	23
47	45	56	75	43	50	10	36	42
47	45	58	75	100	7	68	36	15
47	45	54	75	100	16	71	36	23
47	45	59	75	73	52	28	36	39
47	45	27	75	68	52	16	36	40
47	45	48	75	85	24	37	36	35
47	45	55	75	100	20	59	36	19
47	45	40	75	99	21	72	36	23
47	56	58	43	100	8	81	42	15
47	56	54	43	100	16	62	42	23
47	56	59	43	73	9	48	42	39
47	56	27	43	68	15	33	42	40
47	56	48	43	85	4	66	42	35
47	56	55	43	100	8	65	42	19
47	56	40	43	99	17	70	42	23
47	58	54	100	100	64	23	15	23
47	58	59	100	73	63	21	15	39
47	58	27	100	68	58	17	15	40
47	58	48	100	85	80	19	15	35
47	58	55	100	100	32	28	15	19
47	58	40	100	99	62	22	15	23
47	54	59	100	73	68	21	23	39
47	54	27	100	68	63	21	23	40
47	54	48	100	85	56	23	23	35
47	54	55	100	100	30	51	23	19
47	54	40	100	99	67	24	23	23
47	59	27	73	68	50	11	39	40
47	59	48	73	85	8	53	39	35
47	59	55	73	100	14	63	39	19
47	59	40	73	99	28	63	39	23
47	27	48	68	85	4	51	40	35
47	27	55	68	100	14	62	40	19
47	27	40	68	99	13	68	40	23
47	48	55	85	100	8	68	35	19
47	48	40	85	99	23	57	35	23
47	55	40	100	99	62	22	19	23
48	32	31	12	87	3	76	45	41
48	32	54	12	90	0	83	45	41
48	32	47	12	88	1	84	45	36
48	32	58	12	82	1	81	45	37
48	32	45	12	89	0	85	45	35
48	32	60	12	60	17	11	45	46
48	31	54	87	90	18	49	41	41
48	31	47	87	88	20	57	41	36
48	31	58	87	82	13	35	41	37
48	31	45	87	89	12	63	41	35
48	31	60	87	60	64	5	41	46
48	54	47	90	88	33	44	41	36
48	54	58	90	82	50	21	41	37
48	54	45	90	89	24	48	41	35
48	54	60	90	60	55	18	41	46
48	47	58	88	82	64	23	36	37
48	47	45	88	89	26	39	36	35
48	47	60	88	60	55	14	36	46
48	58	45	82	89	21	61	37	35
48	58	60	82	60	68	5	37	46
48	45	60	89	60	88	1	35	46
51	81	57	26	79	9	62	41	37
51	81	45	26	13	10	24	41	46
51	81	47	26	77	6	63	41	36
51	81	55	26	63	11	51	41	37
51	81	38	26	71	6	61	41	35
51	81	40	26	71	13	56	41	34
51	81	84	26	36	15	13	41	44
51	81	56	26	100	3	85	41	18
51	81	58	26	56	7	44	41	38
51	81	53	26	92	3	85	41	19
51	81	30	26	58	12	45	41	37
51	81	68	26	65	3	49	41	36
51	81	54	26	29	9	20	41	46
51	57	45	79	13	60	11	37	46
51	57	47	79	77	54	20	37	36
51	57	55	79	63	60	16	37	37
51	57	38	79	71	55	19	37	35
51	57	40	79	71	51	17	37	34
51	57	84	79	36	64	9	37	44
51	57	56	79	100	22	66	37	18
51	57	58	79	56	65	13	37	38
51	57	53	79	92	22	63	37	19
51	57	30	79	58	50	18	37	37
51	57	68	79	65	59	11	37	36
51	57	54	79	29	67	10	37	46
51	45	47	13	77	17	48	46	36
51	45	55	13	63	17	50	46	37
51	45	38	13	71	10	55	46	35
51	45	40	13	71	13	49	46	34
51	45	84	13	36	26	8	46	44
51	45	56	13	100	6	79	46	18
51	45	58	13	56	10	40	46	38
51	45	53	13	92	4	76	46	19
51	45	30	13	58	17	52	46	37
51	45	68	13	65	17	62	46	36
51	45	54	13	29	19	5	46	46
51	47	55	77	63	42	27	36	37
51	47	38	77	71	43	19	36	35
51	47	40	77	71	23	14	36	34
51	47	84	77	36	60	13	36	44
51	47	56	77	100	26	60	36	18
51	47	58	77	56	52	15	36	38
51	47	53	77	92	14	58	36	19
51	47	30	77	58	37	16	36	37
51	47	68	77	65	46	13	36	36
51	47	54	77	29	51	5	36	46
51	55	38	63	71	8	28	37	35
51	55	40	63	71	28	31	37	34
51	55	84	63	36	59	6	37	44
51	55	56	63	100	15	73	37	18
51	55	58	63	56	45	10	37	38
51	55	53	63	92	13	64	37	19
51	55	30	63	58	23	10	37	37
51	55	68	63	65	50	17	37	36
51	55	54	63	29	55	11	37	46
51	38	40	71	71	20	34	35	34
51	38	84	71	36	62	7	35	44
51	38	56	71	100	6	66	35	18
51	38	58	71	56	49	12	35	38
51	38	53	71	92	20	66	35	19
51	38	30	71	58	50	23	35	37
51	38	68	71	65	51	10	35	36
51	38	54	71	29	51	5	35	46
51	40	84	71	36	66	7	34	44
51	40	56	71	100	22	67	34	18
51	40	58	71	56	41	19	34	38
51	40	53	71	92	26	58	34	19
51	40	30	71	58	46	13	34	37
51	40	68	71	65	49	27	34	36
51	40	54	71	29	59	7	34	46
51	84	56	36	100	9	74	44	18
51	84	58	36	56	10	41	44	38
51	84	53	36	92	7	72	44	19
51	84	30	36	58	14	34	44	37
51	84	68	36	65	4	50	44	36
51	84	54	36	29	6	19	44	46
51	56	58	100	56	71	9	18	38
51	56	53	100	92	44	27	18	19
51	56	30	100	58	76	10	18	37
51	56	68	100	65	79	8	18	36
51	56	54	100	29	79	12	18	46
51	58	53	56	92	1	78	38	19
51	58	30	56	58	16	27	38	37
51	58	68	56	65	3	8	38	36
51	58	54	56	29	23	7	38	46
51	53	30	92	58	66	12	19	37
51	53	68	92	65	64	19	19	36
51	53	54	92	29	71	8	19	46
51	30	68	58	65	17	21	37	36
51	30	54	58	29	47	10	37	46
51	68	54	65	29	50	7	36	46
53	46	54	77	71	22	18	34	39
53	46	84	77	70	23	24	34	35
53	46	77	77	69	47	19	34	38
53	46	51	77	95	15	73	34	20
53	46	30	77	72	25	21	34	33
53	46	40	77	59	35	6	34	40
53	46	57	77	100	12	73	34	25
53	46	56	77	73	18	15	34	33
53	46	38	77	55	44	8	34	44
53	46	68	77	66	47	10	34	39
53	54	84	71	70	21	14	39	35
53	54	77	71	69	48	11	39	38
53	54	51	71	95	18	55	39	20
53	54	30	71	72	15	40	39	33
53	54	40	71	59	59	11	39	40
53	54	57	71	100	15	63	39	25
53	54	56	71	73	28	17	39	33
53	54	38	71	55	38	11	39	44
53	54	68	71	66	52	12	39	39
53	84	77	70	69	50	19	35	38
53	84	51	70	95	18	62	35	20
53	84	30	70	72	15	23	35	33
53	84	40	70	59	35	13	35	40
53	84	57	70	100	3	85	35	25
53	84	56	70	73	10	13	35	33
53	84	38	70	55	31	9	35	44
53	84	68	70	66	48	13	35	39
53	77	51	69	95	11	61	38	20
53	77	30	69	72	16	41	38	33
53	77	40	69	59	23	20	38	40
53	77	57	69	100	8	72	38	25
53	77	56	69	73	10	60	38	33
53	77	38	69	55	55	13	38	44
53	77	68	69	66	21	12	38	39
53	51	30	95	72	55	25	20	33
53	51	40	95	59	62	11	20	40
53	51	57	95	100	25	59	20	25
53	51	56	95	73	66	10	20	33
53	51	38	95	55	74	9	20	44
53	51	68	95	66	65	17	20	39
53	30	40	72	59	53	13	33	40
53	30	57	72	100	18	60	33	25
53	30	56	72	73	26	24	33	33
53	30	38	72	55	48	12	33	44
53	30	68	72	66	40	7	33	39
53	40	57	59	100	10	78	40	25
53	40	56	59	73	17	56	40	33
53	40	38	59	55	43	15	40	44
53	40	68	59	66	22	13	40	39
53	57	56	100	73	79	10	25	33
53	57	38	100	55	77	11	25	44
53	57	68	100	66	73	2	25	39
53	56	38	73	55	57	9	33	44
53	56	68	73	66	61	12	33	39
53	38	68	55	66	16	42	44	39
54	57	51	72	54	46	11	42	43
54	57	58	72	99	14	57	42	24
54	57	81	72	58	48	15	42	36
54	57	53	72	72	29	19	42	35
54	57	40	72	100	14	63	42	17
54	57	55	72	100	15	64	42	29
54	57	56	72	100	22	65	42	9
54	57	59	72	19	72	5	42	46
54	57	47	72	100	16	74	42	22
54	57	48	72	88	45	27	42	39
54	57	27	72	55	47	18	42	41
54	57	45	72	90	13	55	42	33
54	51	58	54	99	20	57	43	24
54	51	81	54	58	13	35	43	36
54	51	53	54	72	14	50	43	35
54	51	40	54	100	14	75	43	17
54	51	55	54	100	14	68	43	29
54	51	56	54	100	14	71	43	9
54	51	59	54	19	34	5	43	46
54	51	47	54	100	16	74	43	22
54	51	48	54	88	10	55	43	39
54	51	27	54	55	13	26	43	41
54	51	45	54	90	15	62	43	33
54	58	81	99	58	75	12	24	36
54	58	53	99	72	70	5	24	35
54	58	40	99	100	32	66	24	17
54	58	55	99	100	64	22	24	29
54	58	56	99	100	27	58	24	9
54	58	59	99	19	85	3	24	46
54	58	47	99	100	33	52	24	22
54	58	48	99	88	71	18	24	39
54	58	27	99	55	65	18	24	41
54	58	45	99	90	64	22	24	33
54	81	53	58	72	12	43	36	35
54	81	40	58	100	18	72	36	17
54	81	55	58	100	12	66	36	29
54	81	56	58	100	10	81	36	9
54	81	59	58	19	68	6	36	46
54	81	47	58	100	10	78	36	22
54	81	48	58	88	10	32	36	39
54	81	27	58	55	61	23	36	41
54	81	45	58	90	14	71	36	33
54	53	40	72	100	23	72	35	17
54	53	55	72	100	11	67	35	29
54	53	56	72	100	10	72	35	9
54	53	59	72	19	65	2	35	46
54	53	47	72	100	9	70	35	22
54	53	48	72	88	56	15	35	39
54	53	27	72	55	47	15	35	41
54	53	45	72	90	16	54	35	33
54	40	55	100	100	58	33	17	29
54	40	56	100	100	26	60	17	9
54	40	59	100	19	83	4	17	46
54	40	47	100	100	71	18	17	22
54	40	48	100	88	69	29	17	39
54	40	27	100	55	64	18	17	41
54	40	45	100	90	62	28	17	33
54	55	56	100	100	23	69	29	9
54	55	59	100	19	83	4	29	46
54	55	47	100	100	30	62	29	22
54	55	48	100	88	67	11	29	39
54	55	27	100	55	58	14	29	41
54	55	45	100	90	69	23	29	33
54	56	59	100	19	86	3	9	46
54	56	47	100	100	70	26	9	22
54	56	48	100	88	66	6	9	39
54	56	27	100	55	62	20	9	41
54	56	45	100	90	69	24	9	33
54	59	47	19	100	2	81	46	22
54	59	48	19	88	2	76	46	39
54	59	27	19	55	0	55	46	41
54	59	45	19	90	4	78	46	33
54	47	48	100	88	66	14	22	39
54	47	27	100	55	65	19	22	41
54	47	45	100	90	54	28	22	33
54	48	27	88	55	58	11	39	41
54	48	45	88	90	25	63	39	33
54	27	45	55	90	19	64	41	33
55	59	54	82	100	20	64	39	31
55	59	56	82	100	20	63	39	30
55	59	58	82	51	52	18	39	40
55	59	45	82	84	21	17	39	39
55	59	51	82	71	19	21	39	37
55	59	40	82	100	19	63	39	15
55	59	47	82	100	16	57	39	19
55	59	27	82	98	8	63	39	31
55	54	56	100	100	67	20	31	30
55	54	58	100	51	64	18	31	40
55	54	45	100	84	62	22	31	39
55	54	51	100	71	72	15	31	37
55	54	40	100	100	23	57	31	15
55	54	47	100	100	28	56	31	19
55	54	27	100	98	71	23	31	31
55	56	58	100	51	78	11	30	40
55	56	45	100	84	62	16	30	39
55	56	51	100	71	87	8	30	37
55	56	40	100	100	16	72	30	15
55	56	47	100	100	23	60	30	19
55	56	27	100	98	56	23	30	31
55	58	45	51	84	10	56	40	39
55	58	51	51	71	18	46	40	37
55	58	40	51	100	13	62	40	15
55	58	47	51	100	10	74	40	19
55	58	27	51	98	17	69	40	31
55	45	51	84	71	27	29	39	37
55	45	40	84	100	21	70	39	15
55	45	47	84	100	20	59	39	19
55	45	27	84	98	6	78	39	31
55	51	40	71	100	17	79	37	15
55	51	47	71	100	20	69	37	19
55	51	27	71	98	17	58	37	31
55	40	47	100	100	46	34	15	19
55	40	27	100	98	64	29	15	31
55	47	27	100	98	62	22	19	31
56	51	58	98	37	72	13	20	42
56	51	55	98	100	57	23	20	32
56	51	59	98	84	69	5	20	37
56	51	84	98	62	74	13	20	41
56	51	27	98	100	67	13	20	31
56	51	45	98	65	61	19	20	43
56	51	57	98	50	100	1	20	48
56	51	54	98	100	20	63	20	17
56	51	47	98	44	99	0	20	46
56	51	40	98	99	23	32	20	20
56	58	55	37	100	1	76	42	32
56	58	59	37	84	0	79	42	37
56	58	84	37	62	0	1	42	41
56	58	27	37	100	2	75	42	31
56	58	45	37	65	0	20	42	43
56	58	57	37	50	2	0	42	48
56	58	54	37	100	0	82	42	17
56	58	47	37	44	2	0	42	46
56	58	40	37	99	0	82	42	20
56	55	59	100	84	54	32	32	37
56	55	84	100	62	97	1	32	41
56	55	27	100	100	40	24	32	31
56	55	45	100	65	68	6	32	43
56	55	57	100	50	99	0	32	48
56	55	54	100	100	30	61	32	17
56	55	47	100	44	100	0	32	46
56	55	40	100	99	31	60	32	20
56	59	84	84	62	85	0	37	41
56	59	27	84	100	7	51	37	31
56	59	45	84	65	58	10	37	43
56	59	57	84	50	85	0	37	48
56	59	54	84	100	21	53	37	17
56	59	47	84	44	65	0	37	46
56	59	40	84	99	20	77	37	20
56	84	27	62	100	1	95	41	31
56	84	45	62	65	0	59	41	43
56	84	57	62	50	0	0	41	48
56	84	54	62	100	0	100	41	17
56	84	47	62	44	1	17	41	46
56	84	40	62	99	1	100	41	20
56	27	45	100	65	65	9	31	43
56	27	57	100	50	98	0	31	48
56	27	54	100	100	30	59	31	17
56	27	47	100	44	88	5	31	46
56	27	40	100	99	28	60	31	20
56	45	57	65	50	58	0	43	48
56	45	54	65	100	19	75	43	17
56	45	47	65	44	38	7	43	46
56	45	40	65	99	22	60	43	20
56	57	54	50	100	1	96	48	17
56	57	47	50	44	1	17	48	46
56	57	40	50	99	0	100	48	20
56	54	47	100	44	90	2	17	46
56	54	40	100	99	61	23	17	20
56	47	40	44	99	3	84	46	20
57	46	54	70	86	49	22	32	39
57	46	53	70	100	14	76	32	17
57	46	56	70	50	48	5	32	39
57	46	30	70	73	43	21	32	38
57	46	81	70	75	17	63	32	25
57	46	51	70	76	19	51	32	31
57	46	40	70	48	51	8	32	42
57	54	53	86	100	20	62	39	17
57	54	56	86	50	53	15	39	39
57	54	30	86	73	54	12	39	38
57	54	81	86	75	29	47	39	25
57	54	51	86	76	17	47	39	31
57	54	40	86	48	47	11	39	42
57	53	56	100	50	67	16	17	39
57	53	30	100	73	67	17	17	38
57	53	81	100	75	66	18	17	25
57	53	51	100	76	55	22	17	31
57	53	40	100	48	72	12	17	42
57	56	30	50	73	19	14	39	38
57	56	81	50	75	12	52	39	25
57	56	51	50	76	21	46	39	31
57	56	40	50	48	23	16	39	42
57	30	81	73	75	18	47	38	25
57	30	51	73	76	17	57	38	31
57	30	40	73	48	21	11	38	42
57	81	51	75	76	40	24	25	31
57	81	40	75	48	51	21	25	42
57	51	40	76	48	53	17	31	42
58	47	54	99	100	60	21	19	31
58	47	51	99	43	75	10	19	42
58	47	48	99	84	61	25	19	41
58	47	56	99	76	70	19	19	36
58	47	55	99	90	72	20	19	34
58	47	40	99	100	64	22	19	29
58	47	59	99	99	61	27	19	22
58	54	51	100	43	71	15	31	42
58	54	48	100	84	60	27	31	41
58	54	56	100	76	69	23	31	36
58	54	55	100	90	55	23	31	34
58	54	40	100	100	40	24	31	29
58	54	59	100	99	18	73	31	22
58	51	48	43	84	8	48	42	41
58	51	56	43	76	8	70	42	36
58	51	55	43	90	9	70	42	34
58	51	40	43	100	11	70	42	29
58	51	59	43	99	6	75	42	22
58	48	56	84	76	30	9	41	36
58	48	55	84	90	10	29	41	34
58	48	40	84	100	8	69	41	29
58	48	59	84	99	12	71	41	22
58	56	55	76	90	26	24	36	34
58	56	40	76	100	18	68	36	29
58	56	59	76	99	21	73	36	22
58	55	40	90	100	19	67	34	29
58	55	59	90	99	13	73	34	22
58	40	59	100	99	22	59	29	22
59	54	55	46	89	13	59	46	36
59	54	56	46	81	14	63	46	33
59	54	58	46	100	11	80	46	20
59	54	47	46	64	16	27	46	43
59	54	40	46	74	5	58	46	38
59	54	45	46	13	22	12	46	47
59	55	56	89	81	31	22	36	33
59	55	58	89	100	19	76	36	20
59	55	47	89	64	59	14	36	43
59	55	40	89	74	51	18	36	38
59	55	45	89	13	82	0	36	47
59	56	58	81	100	24	65	33	20
59	56	47	81	64	56	18	33	43
59	56	40	81	74	48	17	33	38
59	56	45	81	13	74	1	33	47
59	58	47	100	64	71	16	20	43
59	58	40	100	74	64	19	20	38
59	58	45	100	13	92	2	20	47
59	47	40	64	74	13	19	43	38
59	47	45	64	13	51	2	43	47
59	40	45	74	13	55	0	38	47
60	33	45	16	67	21	32	46	43
60	33	37	16	78	5	54	46	40
60	33	31	16	72	7	19	46	45
60	33	66	16	78	6	74	46	37
60	33	48	16	81	0	76	46	43
60	33	47	16	25	13	22	46	48
60	45	37	67	78	18	25	43	40
60	45	31	67	72	24	13	43	45
60	45	66	67	78	20	65	43	37
60	45	48	67	81	19	45	43	43
60	45	47	67	25	49	5	43	48
60	37	31	78	72	55	16	40	45
60	37	66	78	78	15	65	40	37
60	37	48	78	81	7	65	40	43
60	37	47	78	25	64	11	40	48
60	31	66	72	78	15	60	45	37
60	31	48	72	81	25	59	45	43
60	31	47	72	25	34	15	45	48
60	66	48	78	81	33	20	37	43
60	66	47	78	25	77	8	37	48
60	48	47	81	25	68	14	43	48
63	78	76	86	71	52	22	32	45
63	78	64	86	89	51	20	32	34
63	78	8	86	86	67	22	32	41
63	78	72	86	47	79	10	32	46
63	78	69	86	80	49	15	32	37
63	78	77	86	56	64	20	32	45
63	76	64	71	89	10	70	45	34
63	76	8	71	86	31	21	45	41
63	76	72	71	47	69	8	45	46
63	76	69	71	80	20	42	45	37
63	76	77	71	56	48	22	45	45
63	64	8	89	86	66	15	34	41
63	64	72	89	47	82	4	34	46
63	64	69	89	80	20	12	34	37
63	64	77	89	56	59	12	34	45
63	8	72	86	47	69	3	41	46
63	8	69	86	80	19	60	41	37
63	8	77	86	56	24	12	41	45
63	72	69	47	80	6	71	46	37
63	72	77	47	56	7	54	46	45
63	69	77	80	56	42	20	37	45
64	1	63	100	89	34	10	34	36
64	1	80	100	5	100	0	34	46
64	1	9	100	71	70	18	34	45
64	63	80	89	5	92	0	36	46
64	63	9	89	71	60	13	36	45
64	80	9	5	71	1	75	46	45
65	73	85	100	84	65	20	25	40
65	73	82	100	98	30	29	25	28
65	85	82	84	98	21	62	40	28
66	130	3	58	51	18	13	41	42
66	130	15	58	38	27	3	41	44
66	130	18	58	52	31	4	41	43
66	130	14	58	53	16	10	41	42
66	130	60	58	81	5	34	41	39
66	130	16	58	67	22	25	41	38
66	130	11	58	31	39	5	41	48
66	130	72	58	59	10	6	41	44
66	3	15	51	38	15	3	42	44
66	3	18	51	52	26	0	42	43
66	3	14	51	53	17	9	42	42
66	3	60	51	81	4	51	42	39
66	3	16	51	67	11	9	42	38
66	3	11	51	31	18	0	42	48
66	3	72	51	59	44	22	42	44
66	15	18	38	52	4	7	44	43
66	15	14	38	53	4	33	44	42
66	15	60	38	81	4	72	44	39
66	15	16	38	67	3	32	44	38
66	15	11	38	31	2	1	44	48
66	15	72	38	59	1	22	44	44
66	18	14	52	53	6	28	43	42
66	18	60	52	81	2	75	43	39
66	18	16	52	67	9	33	43	38
66	18	11	52	31	18	9	43	48
66	18	72	52	59	7	18	43	44
66	14	60	53	81	2	57	42	39
66	14	16	53	67	6	11	42	38
66	14	11	53	31	13	2	42	48
66	14	72	53	59	7	16	42	44
66	60	16	81	67	30	13	39	38
66	60	11	81	31	71	1	39	48
66	60	72	81	59	64	10	39	44
66	16	11	67	31	39	6	38	48
66	16	72	67	59	44	16	38	44
66	11	72	31	59	5	29	48	44
67	9	4	100	90	67	21	21	37
67	9	8	100	92	60	29	21	38
67	9	10	100	100	63	20	21	33
67	9	72	100	78	79	9	21	41
67	4	8	90	92	32	16	37	38
67	4	10	90	100	31	53	37	33
67	4	72	90	78	21	33	37	41
67	8	10	92	100	26	62	38	33
67	8	72	92	78	19	10	38	41
67	10	72	100	78	70	13	33	41
68	53	76	63	79	11	56	39	31
68	53	81	63	81	16	49	39	31
68	53	77	63	84	12	53	39	17
68	53	79	63	84	11	48	39	36
68	53	78	63	87	4	68	39	26
68	53	72	63	80	10	61	39	38
68	53	51	63	70	21	40	39	37
68	53	75	63	78	7	63	39	19
68	53	69	63	76	7	63	39	33
68	76	81	79	81	51	18	31	31
68	76	77	79	84	19	52	31	17
68	76	79	79	84	49	9	31	36
68	76	78	79	87	40	27	31	26
68	76	72	79	80	55	9	31	38
68	76	51	79	70	59	4	31	37
68	76	75	79	78	19	56	31	19
68	76	69	79	76	43	22	31	33
68	81	77	81	84	15	62	31	17
68	81	79	81	84	50	21	31	36
68	81	78	81	87	22	57	31	26
68	81	72	81	80	51	19	31	38
68	81	51	81	70	58	19	31	37
68	81	75	81	78	17	48	31	19
68	81	69	81	76	19	40	31	33
68	77	79	84	84	54	15	17	36
68	77	78	84	87	59	19	17	26
68	77	72	84	80	58	18	17	38
68	77	51	84	70	54	13	17	37
68	77	75	84	78	34	17	17	19
68	77	69	84	76	52	23	17	33
68	79	78	84	87	16	60	36	26
68	79	72	84	80	13	7	36	38
68	79	51	84	70	26	7	36	37
68	79	75	84	78	21	54	36	19
68	79	69	84	76	24	57	36	33
68	78	72	87	80	47	25	26	38
68	78	51	87	70	73	9	26	37
68	78	75	87	78	22	48	26	19
68	78	69	87	76	52	18	26	33
68	72	51	80	70	33	4	38	37
68	72	75	80	78	27	51	38	19
68	72	69	80	76	22	56	38	33
68	51	75	70	78	7	55	37	19
68	51	69	70	76	10	62	37	33
68	75	69	78	76	44	20	19	33
69	68	76	81	84	27	52	29	13
69	68	123	81	77	57	15	29	45
69	68	132	81	73	65	3	29	45
69	68	75	81	82	17	42	29	31
69	68	81	81	70	59	11	29	32
69	68	77	81	80	55	15	29	42
69	68	78	81	86	16	45	29	29
69	68	80	81	85	51	14	29	38
69	68	79	81	1	76	1	29	46
69	68	63	81	76	52	8	29	37
69	76	123	84	77	46	17	13	45
69	76	132	84	73	61	12	13	45
69	76	75	84	82	51	15	13	31
69	76	81	84	70	55	10	13	32
69	76	77	84	80	56	16	13	42
69	76	78	84	86	45	25	13	29
69	76	80	84	85	50	23	13	38
69	76	79	84	1	79	0	13	46
69	76	63	84	76	61	11	13	37
69	123	132	77	73	31	16	45	45
69	123	75	77	82	13	55	45	31
69	123	81	77	70	23	46	45	32
69	123	77	77	80	5	47	45	42
69	123	78	77	86	19	56	45	29
69	123	80	77	85	11	61	45	38
69	123	79	77	1	64	1	45	46
69	123	63	77	76	8	56	45	37
69	132	75	73	82	4	53	45	31
69	132	81	73	70	21	41	45	32
69	132	77	73	80	9	43	45	42
69	132	78	73	86	10	68	45	29
69	132	80	73	85	17	54	45	38
69	132	79	73	1	56	0	45	46
69	132	63	73	76	9	61	45	37
69	75	81	82	70	50	20	31	32
69	75	77	82	80	59	15	31	42
69	75	78	82	86	26	19	31	29
69	75	80	82	85	62	19	31	38
69	75	79	82	1	72	1	31	46
69	75	63	82	76	61	10	31	37
69	81	77	70	80	42	24	32	42
69	81	78	70	86	21	53	32	29
69	81	80	70	85	46	12	32	38
69	81	79	70	1	71	0	32	46
69	81	63	70	76	31	9	32	37
69	77	78	80	86	21	60	42	29
69	77	80	80	85	8	31	42	38
69	77	79	80	1	72	0	42	46
69	77	63	80	76	18	51	42	37
69	78	80	86	85	49	12	29	38
69	78	79	86	1	84	0	29	46
69	78	63	86	76	56	19	29	37
69	80	79	85	1	76	1	38	46
69	80	63	85	76	10	46	38	37
69	79	63	1	76	2	75	46	37
70	85	73	89	80	51	17	35	40
70	85	72	89	80	23	50	35	24
70	85	78	89	86	53	14	35	31
70	73	72	80	80	16	61	40	24
70	73	78	80	86	16	64	40	31
70	72	78	80	86	60	25	24	31
71	72	74	80	87	13	69	34	30
71	72	70	80	9	70	3	34	47
71	72	78	80	83	54	17	34	40
71	74	70	87	9	81	1	30	47
71	74	78	87	83	57	12	30	40
71	70	78	9	83	3	74	47	40
72	77	66	84	48	30	10	43	43
72	77	71	84	83	9	45	43	34
72	77	74	84	9	73	0	43	48
72	77	75	84	71	21	27	43	41
72	77	81	84	55	35	21	43	42
72	77	68	84	82	18	51	43	34
72	77	85	84	77	8	2	43	45
72	77	70	84	80	8	50	43	24
72	77	67	84	80	18	20	43	42
72	77	78	84	87	24	53	43	28
72	77	63	84	37	44	14	43	48
72	66	71	48	83	1	58	43	34
72	66	74	48	9	46	0	43	48
72	66	75	48	71	10	27	43	41
72	66	81	48	55	65	0	43	42
72	66	68	48	82	6	58	43	34
72	66	85	48	77	14	27	43	45
72	66	70	48	80	6	66	43	24
72	66	67	48	80	10	56	43	42
72	66	78	48	87	5	61	43	28
72	66	63	48	37	60	0	43	48
72	71	74	83	9	74	0	34	48
72	71	75	83	71	51	10	34	41
72	71	81	83	55	66	3	34	42
72	71	68	83	82	51	13	34	34
72	71	85	83	77	53	10	34	45
72	71	70	83	80	8	68	34	24
72	71	67	83	80	53	11	34	42
72	71	78	83	87	16	62	34	28
72	71	63	83	37	52	6	34	48
72	74	75	9	71	0	72	48	41
72	74	81	9	55	1	43	48	42
72	74	68	9	82	1	78	48	34
72	74	85	9	77	0	71	48	45
72	74	70	9	80	0	80	48	24
72	74	67	9	80	0	76	48	42
72	74	78	9	87	0	85	48	28
72	74	63	9	37	0	39	48	48
72	75	81	71	55	46	14	41	42
72	75	68	71	82	20	51	41	34
72	75	85	71	77	23	15	41	45
72	75	70	71	80	9	52	41	24
72	75	67	71	80	10	12	41	42
72	75	78	71	87	7	62	41	28
72	75	63	71	37	53	9	41	48
72	81	68	55	82	13	58	42	34
72	81	85	55	77	12	39	42	45
72	81	70	55	80	6	51	42	24
72	81	67	55	80	7	65	42	42
72	81	78	55	87	10	53	42	28
72	81	63	55	37	14	13	42	48
72	68	85	82	77	54	10	34	45
72	68	70	82	80	11	58	34	24
72	68	67	82	80	51	13	34	42
72	68	78	82	87	23	51	34	28
72	68	63	82	37	59	8	34	48
72	85	70	77	80	18	47	45	24
72	85	67	77	80	4	19	45	42
72	85	78	77	87	11	60	45	28
72	85	63	77	37	56	6	45	48
72	70	67	80	80	62	12	24	42
72	70	78	80	87	56	24	24	28
72	70	63	80	37	54	3	24	48
72	67	78	80	87	15	63	42	28
72	67	63	80	37	52	4	42	48
72	78	63	87	37	61	13	28	48
73	85	70	99	75	67	21	26	43
73	85	65	99	99	60	23	26	25
73	85	82	99	89	67	25	26	42
73	70	65	75	99	12	81	43	25
73	70	82	75	89	12	24	43	42
73	65	82	99	89	63	20	25	42
74	71	72	85	7	72	1	28	46
75	69	68	80	81	17	56	32	15
75	69	79	80	47	71	4	32	43
75	69	81	80	57	52	13	32	38
75	69	76	80	79	17	54	32	31
75	69	72	80	72	54	18	32	41
75	69	78	80	89	23	23	32	29
75	69	135	80	21	66	5	32	46
75	69	77	80	77	24	55	32	23
75	69	138	80	1	71	0	32	51
75	68	79	81	47	53	15	15	43
75	68	81	81	57	57	18	15	38
75	68	76	81	79	45	24	15	31
75	68	72	81	72	49	17	15	41
75	68	78	81	89	53	19	15	29
75	68	135	81	21	63	5	15	46
75	68	77	81	77	60	17	15	23
75	68	138	81	1	71	0	15	51
75	79	81	47	57	19	10	43	38
75	79	76	47	79	12	56	43	31
75	79	72	47	72	10	16	43	41
75	79	78	47	89	15	52	43	29
75	79	135	47	21	51	5	43	46
75	79	77	47	77	15	53	43	23
75	79	138	47	1	61	1	43	51
75	81	76	57	79	12	56	38	31
75	81	72	57	72	18	29	38	41
75	81	78	57	89	11	55	38	29
75	81	135	57	21	36	6	38	46
75	81	77	57	77	12	46	38	23
75	81	138	57	1	44	0	38	51
75	76	72	79	72	50	11	31	41
75	76	78	79	89	52	32	31	29
75	76	135	79	21	59	7	31	46
75	76	77	79	77	18	42	31	23
75	76	138	79	1	76	1	31	51
75	72	78	72	89	19	58	41	29
75	72	135	72	21	56	4	41	46
75	72	77	72	77	22	58	41	23
75	72	138	72	1	69	0	41	51
75	78	135	89	21	72	5	29	46
75	78	77	89	77	25	50	29	23
75	78	138	89	1	86	1	29	51
75	135	77	21	77	3	67	46	23
75	135	138	21	1	8	0	46	51
75	77	138	77	1	76	0	23	51
76	78	75	79	78	23	49	31	27
76	78	77	79	74	51	24	31	32
76	78	68	79	77	24	55	31	23
76	78	69	79	79	24	50	31	9
76	78	80	79	90	48	16	31	38
76	78	63	79	77	50	16	31	43
76	78	132	79	37	65	5	31	45
76	78	81	79	77	58	22	31	31
76	75	77	78	74	54	13	27	32
76	75	68	78	77	23	13	27	23
76	75	69	78	79	19	53	27	9
76	75	80	78	90	54	21	27	38
76	75	63	78	77	49	11	27	43
76	75	132	78	37	54	4	27	45
76	75	81	78	77	51	22	27	31
76	77	68	74	77	12	49	32	23
76	77	69	74	79	15	56	32	9
76	77	80	74	90	54	18	32	38
76	77	63	74	77	53	17	32	43
76	77	132	74	37	57	7	32	45
76	77	81	74	77	24	21	32	31
76	68	69	77	79	17	50	23	9
76	68	80	77	90	56	18	23	38
76	68	63	77	77	47	2	23	43
76	68	132	77	37	56	1	23	45
76	68	81	77	77	55	18	23	31
76	69	80	79	90	53	23	9	38
76	69	63	79	77	53	17	9	43
76	69	132	79	37	62	9	9	45
76	69	81	79	77	53	12	9	31
76	80	63	90	77	41	7	38	43
76	80	132	90	37	56	11	38	45
76	80	81	90	77	30	52	38	31
76	63	132	77	37	19	5	43	45
76	63	81	77	77	16	46	43	31
76	132	81	37	77	11	44	45	31
77	72	63	73	78	39	22	43	46
77	72	53	73	56	24	33	43	37
77	72	81	73	64	19	40	43	32
77	72	76	73	84	12	46	43	38
77	72	75	73	76	26	51	43	21
77	72	57	73	5	70	0	43	48
77	72	51	73	44	61	5	43	45
77	72	78	73	90	13	64	43	22
77	72	69	73	77	19	32	43	42
77	72	79	73	78	6	51	43	42
77	63	53	78	56	25	36	46	37
77	63	81	78	64	18	41	46	32
77	63	76	78	84	16	53	46	38
77	63	75	78	76	4	72	46	21
77	63	57	78	5	63	2	46	48
77	63	51	78	44	38	10	46	45
77	63	78	78	90	18	60	46	22
77	63	69	78	77	21	38	46	42
77	63	79	78	78	12	59	46	42
77	53	81	56	64	30	35	37	32
77	53	76	56	84	7	58	37	38
77	53	75	56	76	10	68	37	21
77	53	57	56	5	53	2	37	48
77	53	51	56	44	63	0	37	45
77	53	78	56	90	8	65	37	22
77	53	69	56	77	13	56	37	42
77	53	79	56	78	21	29	37	42
77	81	76	64	84	14	59	32	38
77	81	75	64	76	15	61	32	21
77	81	57	64	5	53	3	32	48
77	81	51	64	44	40	10	32	45
77	81	78	64	90	10	69	32	22
77	81	69	64	77	24	41	32	42
77	81	79	64	78	48	20	32	42
77	76	75	84	76	13	51	38	21
77	76	57	84	5	73	0	38	48
77	76	51	84	44	74	9	38	45
77	76	78	84	90	24	54	38	22
77	76	69	84	77	53	18	38	42
77	76	79	84	78	49	4	38	42
77	75	57	76	5	75	3	21	48
77	75	51	76	44	62	6	21	45
77	75	78	76	90	50	27	21	22
77	75	69	76	77	52	22	21	42
77	75	79	76	78	53	24	21	42
77	57	51	5	44	11	43	48	45
77	57	78	5	90	3	83	48	22
77	57	69	5	77	3	76	48	42
77	57	79	5	78	0	81	48	42
77	51	78	44	90	7	74	45	22
77	51	69	44	77	11	61	45	42
77	51	79	44	78	1	60	45	42
77	78	69	90	77	47	19	22	42
77	78	79	90	78	58	23	22	42
77	69	79	77	78	43	17	42	42
78	75	77	67	84	23	55	34	24
78	75	63	67	87	38	10	34	36
78	75	81	67	71	50	27	34	36
78	75	69	67	87	16	54	34	31
78	75	70	67	90	15	27	34	34
78	75	71	67	66	50	15	34	42
78	75	76	67	88	25	48	34	32
78	75	68	67	89	19	65	34	26
78	75	72	67	86	24	53	34	30
78	75	79	67	44	62	11	34	46
78	77	63	84	87	52	17	24	36
78	77	81	84	71	69	15	24	36
78	77	69	84	87	43	24	24	31
78	77	70	84	90	56	11	24	34
78	77	71	84	66	58	14	24	42
78	77	76	84	88	47	23	24	32
78	77	68	84	89	50	25	24	26
78	77	72	84	86	55	17	24	30
78	77	79	84	44	55	16	24	46
78	63	81	87	71	60	8	36	36
78	63	69	87	87	23	53	36	31
78	63	70	87	90	9	16	36	34
78	63	71	87	66	56	12	36	42
78	63	76	87	88	25	60	36	32
78	63	68	87	89	15	60	36	26
78	63	72	87	86	20	57	36	30
78	63	79	87	44	69	2	36	46
78	81	69	71	87	17	67	36	31
78	81	70	71	90	12	66	36	34
78	81	71	71	66	7	24	36	42
78	81	76	71	88	15	69	36	32
78	81	68	71	89	15	60	36	26
78	81	72	71	86	19	58	36	30
78	81	79	71	44	45	34	36	46
78	69	70	87	90	51	14	31	34
78	69	71	87	66	54	11	31	42
78	69	76	87	88	26	23	31	32
78	69	68	87	89	32	25	31	26
78	69	72	87	86	39	18	31	30
78	69	79	87	44	55	17	31	46
78	70	71	90	66	54	24	34	42
78	70	76	90	88	13	61	34	32
78	70	68	90	89	30	14	34	26
78	70	72	90	86	21	61	34	30
78	70	79	90	44	61	10	34	46
78	71	76	66	88	11	64	42	32
78	71	68	66	89	9	60	42	26
78	71	72	66	86	24	53	42	30
78	71	79	66	44	62	14	42	46
78	76	68	88	89	54	17	32	26
78	76	72	88	86	29	13	32	30
78	76	79	88	44	59	13	32	46
78	68	72	89	86	24	53	26	30
78	68	79	89	44	53	24	26	46
78	72	79	86	44	54	8	30	46
79	78	68	78	82	28	38	43	34
79	78	138	78	81	14	58	43	41
79	78	75	78	68	22	45	43	40
79	78	139	78	1	78	0	43	47
79	78	77	78	74	23	55	43	38
79	68	138	82	81	14	17	34	41
79	68	75	82	68	29	16	34	40
79	68	139	82	1	79	0	34	47
79	68	77	82	74	37	17	34	38
79	138	75	81	68	26	14	41	40
79	138	139	81	1	83	0	41	47
79	138	77	81	74	23	20	41	38
79	75	139	68	1	64	1	40	47
79	75	77	68	74	15	32	40	38
79	139	77	1	74	1	74	47	38
80	69	120	82	69	47	18	40	42
80	69	76	82	87	18	29	40	43
80	69	64	82	1	75	0	40	46
80	69	2	82	100	9	69	40	33
80	69	132	82	56	53	11	40	46
80	120	76	69	87	12	41	42	43
80	120	64	69	1	69	0	42	46
80	120	2	69	100	12	73	42	33
80	120	132	69	56	27	18	42	46
80	76	64	87	1	79	0	43	46
80	76	2	87	100	9	74	43	33
80	76	132	87	56	52	14	43	46
80	64	2	1	100	0	96	46	33
80	64	132	1	56	0	29	46	46
80	2	132	100	56	77	9	33	46
81	77	55	61	20	53	1	37	47
81	77	68	61	66	14	42	37	31
81	77	53	61	8	62	0	37	45
81	77	76	61	61	21	39	37	37
81	77	51	61	25	49	5	37	45
81	77	84	61	48	50	13	37	42
81	77	78	61	16	40	9	37	44
81	77	40	61	51	38	13	37	40
81	77	54	61	70	16	13	37	41
81	77	57	61	67	18	54	37	34
81	77	72	61	67	37	20	37	43
81	77	75	61	53	43	16	37	43
81	77	69	61	62	17	40	37	37
81	55	68	20	66	4	51	47	31
81	55	53	20	8	22	2	47	45
81	55	76	20	61	8	51	47	37
81	55	51	20	25	12	11	47	45
81	55	84	20	48	11	31	47	42
81	55	78	20	16	2	30	47	44
81	55	40	20	51	3	47	47	40
81	55	54	20	70	3	56	47	41
81	55	57	20	67	1	53	47	34
81	55	72	20	67	2	44	47	43
81	55	75	20	53	1	47	47	43
81	55	69	20	62	1	48	47	37
81	68	53	66	8	57	1	31	45
81	68	76	66	61	22	21	31	37
81	68	51	66	25	49	9	31	45
81	68	84	66	48	49	12	31	42
81	68	78	66	16	43	3	31	44
81	68	40	66	51	45	9	31	40
81	68	54	66	70	52	15	31	41
81	68	57	66	67	19	38	31	34
81	68	72	66	67	34	14	31	43
81	68	75	66	53	42	17	31	43
81	68	69	66	62	29	16	31	37
81	53	76	8	61	1	56	45	37
81	53	51	8	25	1	21	45	45
81	53	84	8	48	5	33	45	42
81	53	78	8	16	1	35	45	44
81	53	40	8	51	2	42	45	40
81	53	54	8	70	5	46	45	41
81	53	57	8	67	1	54	45	34
81	53	72	8	67	0	51	45	43
81	53	75	8	53	4	53	45	43
81	53	69	8	62	1	53	45	37
81	76	51	61	25	41	3	37	45
81	76	84	61	48	49	15	37	42
81	76	78	61	16	41	14	37	44
81	76	40	61	51	49	9	37	40
81	76	54	61	70	50	17	37	41
81	76	57	61	67	18	41	37	34
81	76	72	61	67	40	7	37	43
81	76	75	61	53	34	15	37	43
81	76	69	61	62	23	20	37	37
81	51	84	25	48	9	20	45	42
81	51	78	25	16	3	35	45	44
81	51	40	25	51	10	37	45	40
81	51	54	25	70	9	41	45	41
81	51	57	25	67	9	44	45	34
81	51	72	25	67	4	33	45	43
81	51	75	25	53	6	48	45	43
81	51	69	25	62	9	43	45	37
81	84	78	48	16	9	33	42	44
81	84	40	48	51	17	27	42	40
81	84	54	48	70	12	45	42	41
81	84	57	48	67	5	36	42	34
81	84	72	48	67	12	17	42	43
81	84	75	48	53	10	32	42	43
81	84	69	48	62	11	44	42	37
81	78	40	16	51	28	14	44	40
81	78	54	16	70	15	48	44	41
81	78	57	16	67	21	55	44	34
81	78	72	16	67	37	16	44	43
81	78	75	16	53	20	22	44	43
81	78	69	16	62	18	40	44	37
81	40	54	51	70	12	32	40	41
81	40	57	51	67	16	50	40	34
81	40	72	51	67	35	23	40	43
81	40	75	51	53	17	19	40	43
81	40	69	51	62	11	56	40	37
81	54	57	70	67	20	45	41	34
81	54	72	70	67	43	7	41	43
81	54	75	70	53	49	10	41	43
81	54	69	70	62	16	49	41	37
81	57	72	67	67	52	21	34	43
81	57	75	67	53	55	17	34	43
81	57	69	67	62	53	12	34	37
81	72	75	67	53	18	36	43	43
81	72	69	67	62	15	41	43	37
81	75	69	53	62	12	49	43	37
82	65	73	99	85	52	22	24	39
82	65	85	99	99	44	33	24	32
82	73	85	85	99	16	63	39	32
83	136	17	60	88	4	66	45	38
83	136	19	60	65	19	26	45	44
83	17	19	88	65	70	13	38	44
84	53	56	51	53	38	18	34	39
84	53	81	51	46	36	8	34	40
84	53	51	51	37	48	10	34	44
84	53	46	51	13	38	3	34	45
84	56	81	53	46	11	14	39	40
84	56	51	53	37	23	9	39	44
84	56	46	53	13	33	3	39	45
84	81	51	46	37	18	5	40	44
84	81	46	46	13	18	0	40	45
84	51	46	37	13	9	2	44	45
85	65	70	81	89	21	60	35	33
85	65	73	81	100	22	65	35	21
85	65	82	81	99	22	58	35	30
85	65	72	81	75	50	14	35	43
85	70	73	89	100	23	70	33	21
85	70	82	89	99	6	68	33	30
85	70	72	89	75	53	16	33	43
85	73	82	100	99	58	29	21	30
85	73	72	100	75	73	16	21	43
85	82	72	99	75	72	13	30	43
117	118	126	14	100	1	95	46	25
117	118	132	14	58	2	53	46	47
117	118	128	14	100	1	94	46	23
117	118	130	14	100	1	96	46	32
117	118	124	14	99	2	98	46	17
117	126	132	100	58	80	9	25	47
117	126	128	100	100	25	44	25	23
117	126	130	100	100	57	25	25	32
117	126	124	100	99	27	60	25	17
117	132	128	58	100	12	77	47	23
117	132	130	58	100	7	79	47	32
117	132	124	58	99	4	77	47	17
117	128	130	100	100	69	25	23	32
117	128	124	100	99	25	59	23	17
117	130	124	100	99	26	56	32	17
118	123	120	75	100	18	61	45	19
118	123	126	75	100	9	75	45	27
118	123	136	75	100	24	69	45	31
118	123	132	75	98	15	72	45	21
118	120	126	100	100	55	26	19	27
118	120	136	100	100	57	32	19	31
118	120	132	100	98	22	65	19	21
118	126	136	100	100	39	5	27	31
118	126	132	100	98	25	61	27	21
118	136	132	100	98	24	65	31	21
119	138	133	75	100	24	60	40	13
119	138	137	75	100	30	57	40	19
119	138	131	75	85	56	15	40	40
119	138	139	75	99	23	62	40	30
119	133	137	100	100	54	36	13	19
119	133	131	100	85	70	9	13	40
119	133	139	100	99	69	26	13	30
119	137	131	100	85	64	17	19	40
119	137	139	100	99	62	21	19	30
119	131	139	85	99	24	58	40	30
120	118	123	99	81	73	14	22	48
120	118	80	99	70	72	4	22	45
120	118	132	99	100	60	27	22	31
120	118	126	99	89	67	23	22	41
120	118	124	99	100	71	10	22	31
120	118	136	99	99	56	24	22	29
120	123	80	81	70	22	23	48	45
120	123	132	81	100	16	64	48	31
120	123	126	81	89	7	39	48	41
120	123	124	81	100	6	73	48	31
120	123	136	81	99	14	73	48	29
120	80	132	70	100	20	68	45	31
120	80	126	70	89	11	50	45	41
120	80	124	70	100	6	74	45	31
120	80	136	70	99	12	80	45	29
120	132	126	100	89	53	24	31	41
120	132	124	100	100	59	19	31	31
120	132	136	100	99	24	66	31	29
120	126	124	89	100	28	58	41	31
120	126	136	89	99	9	73	41	29
120	124	136	100	99	21	61	31	29
122	137	123	74	62	49	15	40	48
122	137	138	74	76	30	24	40	44
122	137	131	74	79	18	54	40	19
122	137	135	74	82	8	50	40	23
122	137	139	74	82	20	45	40	34
122	137	132	74	40	53	11	40	47
122	123	138	62	76	15	43	48	44
122	123	131	62	79	11	61	48	19
122	123	135	62	82	11	55	48	23
122	123	139	62	82	9	59	48	34
122	123	132	62	40	24	9	48	47
122	138	131	76	79	24	42	44	19
122	138	135	76	82	22	49	44	23
122	138	139	76	82	23	52	44	34
122	138	132	76	40	61	5	44	47
122	131	135	79	82	50	20	19	23
122	131	139	79	82	63	20	19	34
122	131	132	79	40	70	6	19	47
122	135	139	82	82	58	26	23	34
122	135	132	82	40	52	11	23	47
122	139	132	82	40	63	6	34	47
123	76	132	47	100	10	84	46	19
123	76	69	47	77	2	41	46	45
123	76	135	47	20	28	5	46	48
123	76	118	47	79	2	49	46	42
123	76	138	47	71	13	36	46	47
123	76	136	47	87	4	74	46	33
123	76	122	47	56	18	34	46	47
123	76	120	47	75	13	45	46	43
123	132	69	100	77	79	11	19	45
123	132	135	100	20	77	5	19	48
123	132	118	100	79	65	23	19	42
123	132	138	100	71	74	10	19	47
123	132	136	100	87	72	21	19	33
123	132	122	100	56	70	15	19	47
123	132	120	100	75	68	19	19	43
123	69	135	77	20	58	6	45	48
123	69	118	77	79	11	18	45	42
123	69	138	77	71	26	21	45	47
123	69	136	77	87	15	67	45	33
123	69	122	77	56	35	11	45	47
123	69	120	77	75	38	15	45	43
123	135	118	20	79	2	67	48	42
123	135	138	20	71	2	45	48	47
123	135	136	20	87	4	69	48	33
123	135	122	20	56	5	33	48	47
123	135	120	20	75	4	35	48	43
123	118	138	79	71	34	11	42	47
123	118	136	79	87	15	62	42	33
123	118	122	79	56	45	8	42	47
123	118	120	79	75	48	16	42	43
123	138	136	71	87	9	74	47	33
123	138	122	71	56	25	21	47	47
123	138	120	71	75	11	13	47	43
123	136	122	87	56	70	2	33	47
123	136	120	87	75	56	24	33	43
123	122	120	56	75	14	23	47	43
124	130	136	100	90	71	13	30	42
124	130	126	100	100	25	63	30	12
124	130	128	100	100	30	60	30	25
124	130	120	100	100	27	11	30	31
124	130	117	100	90	35	52	30	21
124	136	126	90	100	15	60	42	12
124	136	128	90	100	11	66	42	25
124	136	120	90	100	30	54	42	31
124	136	117	90	90	13	70	42	21
124	126	128	100	100	72	22	12	25
124	126	120	100	100	62	32	12	31
124	126	117	100	90	61	29	12	21
124	128	120	100	100	61	9	25	31
124	128	117	100	90	26	61	25	21
124	120	117	100	90	13	61	31	21
126	118	120	98	88	74	23	28	40
126	118	132	98	84	72	17	28	44
126	118	124	98	100	6	58	28	10
126	118	130	98	100	72	13	28	29
126	118	128	98	100	70	13	28	35
126	118	117	98	99	26	57	28	27
126	120	132	88	84	25	27	40	44
126	120	124	88	100	20	74	40	10
126	120	130	88	100	9	75	40	29
126	120	128	88	100	9	68	40	35
126	120	117	88	99	6	71	40	27
126	132	124	84	100	12	62	44	10
126	132	130	84	100	8	67	44	29
126	132	128	84	100	13	72	44	35
126	132	117	84	99	21	72	44	27
126	124	130	100	100	59	24	10	29
126	124	128	100	100	55	27	10	35
126	124	117	100	99	63	28	10	27
126	130	128	100	100	67	19	29	35
126	130	117	100	99	34	64	29	27
126	128	117	100	99	26	59	35	27
128	124	117	97	100	21	42	23	27
128	124	126	97	100	54	25	23	36
128	124	130	97	99	28	57	23	13
128	117	126	100	100	63	20	27	36
128	117	130	100	99	21	70	27	13
128	126	130	100	99	22	59	36	13
130	126	124	98	100	32	34	31	31
130	126	128	98	100	24	56	31	14
130	126	66	98	69	61	21	31	44
130	126	117	98	92	71	27	31	35
130	124	128	100	100	38	56	31	14
130	124	66	100	69	69	6	31	44
130	124	117	100	92	51	25	31	35
130	128	66	100	69	76	10	14	44
130	128	117	100	92	65	20	14	35
130	66	117	69	92	11	76	44	35
131	139	122	89	80	37	20	18	22
131	139	138	89	76	63	15	18	45
131	139	135	89	78	56	28	18	32
131	139	137	89	63	62	20	18	37
131	139	119	89	75	60	14	18	39
131	139	21	89	0	91	0	18	65535
131	122	138	80	76	37	25	22	45
131	122	135	80	78	51	28	22	32
131	122	137	80	63	46	18	22	37
131	122	119	80	75	57	7	22	39
131	122	21	80	0	79	0	22	65535
131	138	135	76	78	21	55	45	32
131	138	137	76	63	20	44	45	37
131	138	119	76	75	28	9	45	39
131	138	21	76	0	74	0	45	65535
131	135	137	78	63	56	4	32	37
131	135	119	78	75	45	9	32	39
131	135	21	78	0	77	0	32	65535
131	137	119	63	75	27	20	37	39
131	137	21	63	0	74	0	37	65535
131	119	21	75	0	71	0	39	65535
132	120	69	97	66	75	11	27	45
132	120	117	97	55	64	9	27	47
132	120	123	97	100	25	68	27	19
132	120	126	97	85	67	19	27	40
132	120	118	97	100	18	68	27	21
132	120	76	97	35	88	3	27	46
132	120	136	97	100	31	24	27	32
132	120	80	97	55	63	7	27	44
132	120	122	97	53	68	11	27	48
132	120	135	97	71	75	10	27	45
132	69	117	66	55	29	7	45	47
132	69	123	66	100	20	70	45	19
132	69	126	66	85	9	32	45	40
132	69	118	66	100	12	69	45	21
132	69	76	66	35	52	8	45	46
132	69	136	66	100	11	70	45	32
132	69	80	66	55	30	23	45	44
132	69	122	66	53	22	7	45	48
132	69	135	66	71	23	17	45	45
132	117	123	55	100	7	69	47	19
132	117	126	55	85	19	55	47	40
132	117	118	55	100	19	68	47	21
132	117	76	55	35	31	13	47	46
132	117	136	55	100	8	70	47	32
132	117	80	55	55	21	16	47	44
132	117	122	55	53	12	13	47	48
132	117	135	55	71	8	16	47	45
132	123	126	100	85	64	7	19	40
132	123	118	100	100	65	23	19	21
132	123	76	100	35	88	8	19	46
132	123	136	100	100	56	23	19	32
132	123	80	100	55	71	4	19	44
132	123	122	100	53	66	16	19	48
132	123	135	100	71	73	16	19	45
132	126	118	85	100	15	62	40	21
132	126	76	85	35	43	6	40	46
132	126	136	85	100	10	67	40	32
132	126	80	85	55	40	13	40	44
132	126	122	85	53	48	5	40	48
132	126	135	85	71	46	14	40	45
132	118	76	100	35	86	4	21	46
132	118	136	100	100	70	21	21	32
132	118	80	100	55	75	2	21	44
132	118	122	100	53	72	9	21	48
132	118	135	100	71	79	8	21	45
132	76	136	35	100	2	73	46	32
132	76	80	35	55	11	34	46	44
132	76	122	35	53	12	20	46	48
132	76	135	35	71	11	33	46	45
132	136	80	100	55	66	7	32	44
132	136	122	100	53	67	6	32	48
132	136	135	100	71	64	6	32	45
132	80	122	55	53	13	13	44	48
132	80	135	55	71	12	27	44	45
132	122	135	53	71	13	21	48	45
133	119	137	99	100	68	19	9	20
133	119	138	99	83	58	24	9	42
133	119	139	99	80	72	14	9	39
133	119	73	99	1	89	0	9	45
133	137	138	100	83	63	26	20	42
133	137	139	100	80	68	24	20	39
133	137	73	100	1	87	2	20	45
133	138	139	83	80	49	18	42	39
133	138	73	83	1	79	1	42	45
133	139	73	80	1	77	1	39	45
135	122	139	77	83	51	18	25	38
135	122	132	77	67	55	14	25	47
135	122	75	77	19	77	1	25	46
135	122	138	77	79	52	24	25	43
135	122	131	77	81	49	21	25	32
135	122	123	77	34	72	1	25	50
135	122	21	77	0	76	0	25	65535
135	139	132	83	67	73	6	38	47
135	139	75	83	19	79	2	38	46
135	139	138	83	79	28	18	38	43
135	139	131	83	81	17	57	38	32
135	139	123	83	34	83	0	38	50
135	139	21	83	0	79	0	38	65535
135	132	75	67	19	2	0	47	46
135	132	138	67	79	0	81	47	43
135	132	131	67	81	0	83	47	32
135	132	123	67	34	8	0	47	50
135	132	21	67	0	6	0	47	65535
135	75	138	19	79	0	80	46	43
135	75	131	19	81	0	77	46	32
135	75	123	19	34	2	4	46	50
135	75	21	19	0	0	0	46	65535
135	138	131	79	81	20	54	43	32
135	138	123	79	34	78	0	43	50
135	138	21	79	0	81	0	43	65535
135	131	123	81	34	83	0	32	50
135	131	21	81	0	83	0	32	65535
135	123	21	34	0	5	0	50	65535
136	118	123	100	89	61	24	29	34
136	118	120	100	100	26	63	29	24
136	118	124	100	86	71	11	29	37
136	118	83	100	10	87	1	29	44
136	118	132	100	98	36	23	29	32
136	123	120	89	100	24	58	34	24
136	123	124	89	86	63	15	34	37
136	123	83	89	10	83	0	34	44
136	123	132	89	98	21	56	34	32
136	120	124	100	86	63	27	24	37
136	120	83	100	10	92	1	24	44
136	120	132	100	98	47	26	24	32
136	124	83	86	10	83	1	37	44
136	124	132	86	98	5	62	37	32
136	83	132	10	98	3	89	44	32
137	122	119	71	100	15	71	44	18
137	122	133	71	100	6	68	44	22
137	122	139	71	99	21	55	44	26
137	122	131	71	66	17	39	44	38
137	122	138	71	73	15	59	44	40
137	119	133	100	100	38	30	18	22
137	119	139	100	99	68	26	18	26
137	119	131	100	66	70	21	18	38
137	119	138	100	73	69	18	18	40
137	133	139	100	99	71	25	22	26
137	133	131	100	66	69	8	22	38
137	133	138	100	73	61	27	22	40
137	139	131	99	66	71	19	26	38
137	139	138	99	73	53	28	26	40
137	131	138	66	73	21	56	38	40
138	131	135	74	75	26	41	41	39
138	131	79	74	69	19	53	41	37
138	131	139	74	82	19	43	41	37
138	131	122	74	79	25	23	41	44
138	131	133	74	75	22	48	41	39
138	131	75	74	9	69	0	41	47
138	131	119	74	80	21	54	41	34
138	131	123	74	67	36	11	41	47
138	131	137	74	54	24	37	41	35
138	135	79	75	69	21	41	39	37
138	135	139	75	82	14	24	39	37
138	135	122	75	79	21	22	39	44
138	135	133	75	75	7	35	39	39
138	135	75	75	9	71	1	39	47
138	135	119	75	80	10	72	39	34
138	135	123	75	67	48	21	39	47
138	135	137	75	54	14	61	39	35
138	79	139	69	82	26	26	37	37
138	79	122	69	79	65	16	37	44
138	79	133	69	75	11	19	37	39
138	79	75	69	9	72	0	37	47
138	79	119	69	80	12	32	37	34
138	79	123	69	67	49	12	37	47
138	79	137	69	54	9	32	37	35
138	139	122	82	79	49	28	37	44
138	139	133	82	75	16	35	37	39
138	139	75	82	9	79	1	37	47
138	139	119	82	80	20	42	37	34
138	139	123	82	67	57	11	37	47
138	139	137	82	54	15	42	37	35
138	122	133	79	75	10	64	44	39
138	122	75	79	9	75	0	44	47
138	122	119	79	80	11	62	44	34
138	122	123	79	67	48	15	44	47
138	122	137	79	54	25	66	44	35
138	133	75	75	9	89	1	39	47
138	133	119	75	80	24	40	39	34
138	133	123	75	67	54	8	39	47
138	133	137	75	54	19	54	39	35
138	75	119	9	80	2	86	47	34
138	75	123	9	67	0	67	47	47
138	75	137	9	54	1	85	47	35
138	119	123	80	67	64	5	34	47
138	119	137	80	54	18	21	34	35
138	123	137	67	54	6	65	47	35
139	137	122	96	79	67	21	24	37
139	137	138	96	74	60	24	24	42
139	137	119	96	88	52	27	24	29
139	137	79	96	2	85	0	24	47
139	137	133	96	64	69	15	24	42
139	137	135	96	78	71	8	24	38
139	137	131	96	89	30	54	24	19
139	122	138	79	74	43	24	37	42
139	122	119	79	88	17	60	37	29
139	122	79	79	2	69	0	37	47
139	122	133	79	64	60	11	37	42
139	122	135	79	78	43	29	37	38
139	122	131	79	89	21	57	37	19
139	138	119	74	88	32	48	42	29
139	138	79	74	2	83	0	42	47
139	138	133	74	64	37	17	42	42
139	138	135	74	78	29	17	42	38
139	138	131	74	89	12	68	42	19
139	119	79	88	2	86	1	29	47
139	119	133	88	64	54	22	29	42
139	119	135	88	78	69	12	29	38
139	119	131	88	89	23	54	29	19
139	79	133	2	64	0	75	47	42
139	79	135	2	78	0	79	47	38
139	79	131	2	89	1	90	47	19
139	133	135	64	78	8	37	42	38
139	133	131	64	89	23	41	42	19
139	135	131	78	89	22	44	38	19
