1	9	10	97	94	59	33	31	41
1	9	14	97	100	11	61	31	13
1	9	8	97	100	24	70	31	28
1	9	64	97	97	61	32	31	36
1	9	66	97	0	76	11	31	65535
1	9	4	97	98	26	56	31	20
1	10	14	94	100	0	100	41	13
1	10	8	94	100	8	91	41	28
1	10	64	94	97	0	94	41	36
1	10	66	94	0	60	2	41	65535
1	10	4	94	98	29	49	41	20
1	14	8	100	100	65	27	13	28
1	14	64	100	97	67	13	13	36
1	14	66	100	0	82	10	13	65535
1	14	4	100	98	67	14	13	20
1	8	64	100	97	57	34	28	36
1	8	66	100	0	86	8	28	65535
1	8	4	100	98	22	41	28	20
1	64	66	97	0	82	10	36	65535
1	64	4	97	98	13	63	36	20
1	66	4	0	98	11	83	65535	20
2	19	80	59	91	16	55	38	36
2	19	12	59	1	74	2	38	31
2	19	5	59	80	20	69	38	34
2	19	18	59	95	46	34	38	39
2	80	12	91	1	91	0	36	31
2	80	5	91	80	22	22	36	34
2	80	18	91	95	59	27	36	39
2	12	5	1	80	4	87	31	34
2	12	18	1	95	3	95	31	39
2	5	18	80	95	64	19	34	39
3	7	11	76	35	63	20	35	48
3	7	15	76	82	27	51	35	29
3	7	16	76	74	36	49	35	24
3	7	18	76	87	15	52	35	21
3	7	20	76	77	31	20	35	33
3	7	66	76	3	76	0	35	46
3	7	14	76	85	24	56	35	29
3	11	15	35	82	10	73	48	29
3	11	16	35	74	7	50	48	24
3	11	18	35	87	11	69	48	21
3	11	20	35	77	11	49	48	33
3	11	66	35	3	52	0	48	46
3	11	14	35	85	19	53	48	29
3	15	16	82	74	31	41	29	24
3	15	18	82	87	21	59	29	21
3	15	20	82	77	59	12	29	33
3	15	66	82	3	90	0	29	46
3	15	14	82	85	9	63	29	29
3	16	18	74	87	28	24	24	21
3	16	20	74	77	56	19	24	33
3	16	66	74	3	80	1	24	46
3	16	14	74	85	46	29	24	29
3	18	20	87	77	67	10	21	33
3	18	66	87	3	86	3	21	46
3	18	14	87	85	53	19	21	29
3	20	66	77	3	66	0	33	46
3	20	14	77	85	5	64	33	29
3	66	14	3	85	5	68	46	29
4	1	10	100	100	31	56	26	23
4	1	8	100	100	34	57	26	19
4	1	11	100	79	54	22	26	36
4	1	67	100	100	66	14	26	42
4	1	9	100	99	21	74	26	17
4	10	8	100	100	26	55	23	19
4	10	11	100	79	66	8	23	36
4	10	67	100	100	59	21	23	42
4	10	9	100	99	29	61	23	17
4	8	11	100	79	57	31	19	36
4	8	67	100	100	65	23	19	42
4	8	9	100	99	28	62	19	17
4	11	67	79	100	48	19	36	42
4	11	9	79	99	22	58	36	17
4	67	9	100	99	26	65	42	17
5	35	37	74	97	18	39	34	31
5	35	26	74	59	63	10	34	44
5	35	19	74	98	13	62	34	29
5	35	14	74	99	18	43	34	35
5	35	2	74	97	38	21	34	37
5	35	12	74	5	73	2	34	30
5	35	18	74	99	26	48	34	31
5	35	11	74	10	61	10	34	48
5	35	36	74	32	54	8	34	45
5	37	26	97	59	73	10	31	44
5	37	19	97	98	31	23	31	29
5	37	14	97	99	33	35	31	35
5	37	2	97	97	55	11	31	37
5	37	12	97	5	75	3	31	30
5	37	18	97	99	38	47	31	31
5	37	11	97	10	63	10	31	48
5	37	36	97	32	58	8	31	45
5	26	19	59	98	11	68	44	29
5	26	14	59	99	9	63	44	35
5	26	2	59	97	3	57	44	37
5	26	12	59	5	36	15	44	30
5	26	18	59	99	3	67	44	31
5	26	11	59	10	15	19	44	48
5	26	36	59	32	11	9	44	45
5	19	14	98	99	35	34	29	35
5	19	2	98	97	56	23	29	37
5	19	12	98	5	91	4	29	30
5	19	18	98	99	60	26	29	31
5	19	11	98	10	78	8	29	48
5	19	36	98	32	84	1	29	45
5	14	2	99	97	38	14	35	37
5	14	12	99	5	88	2	35	30
5	14	18	99	99	24	55	35	31
5	14	11	99	10	78	9	35	48
5	14	36	99	32	77	1	35	45
5	2	12	97	5	80	4	37	30
5	2	18	97	99	18	62	37	31
5	2	11	97	10	73	6	37	48
5	2	36	97	32	72	3	37	45
5	12	18	5	99	0	87	30	31
5	12	11	5	10	5	41	30	48
5	12	36	5	32	4	32	30	45
5	18	11	99	10	66	18	31	48
5	18	36	99	32	68	5	31	45
5	11	36	10	32	15	9	48	45
6	20	15	66	47	18	23	34	33
6	20	7	66	59	41	11	34	39
6	20	11	66	85	19	63	34	34
6	20	13	66	35	43	5	34	44
6	20	16	66	70	15	55	34	33
6	15	7	47	59	51	12	33	39
6	15	11	47	85	7	22	33	34
6	15	13	47	35	61	6	33	44
6	15	16	47	70	23	57	33	33
6	7	11	59	85	16	64	39	34
6	7	13	59	35	47	4	39	44
6	7	16	59	70	15	39	39	33
6	11	13	85	35	54	10	34	44
6	11	16	85	70	25	25	34	33
6	13	16	35	70	8	55	44	33
7	18	15	98	100	28	59	30	26
7	18	3	98	79	57	22	30	37
7	18	6	98	47	73	3	30	43
7	18	11	98	0	98	0	30	65535
7	18	14	98	53	77	13	30	45
7	18	16	98	60	30	55	30	30
7	18	20	98	74	72	6	30	40
7	15	3	100	79	56	24	26	37
7	15	6	100	47	70	17	26	43
7	15	11	100	0	100	0	26	65535
7	15	14	100	53	71	9	26	45
7	15	16	100	60	35	34	26	30
7	15	20	100	74	66	21	26	40
7	3	6	79	47	60	10	37	43
7	3	11	79	0	84	0	37	65535
7	3	14	79	53	58	15	37	45
7	3	16	79	60	27	43	37	30
7	3	20	79	74	51	23	37	40
7	6	11	47	0	74	0	43	65535
7	6	14	47	53	62	7	43	45
7	6	16	47	60	21	40	43	30
7	6	20	47	74	41	20	43	40
7	11	14	0	53	0	52	65535	45
7	11	16	0	60	0	79	65535	30
7	11	20	0	74	0	70	65535	40
7	14	16	53	60	7	65	45	30
7	14	20	53	74	11	38	45	40
7	16	20	60	74	53	20	30	40
8	11	14	89	100	2	89	47	34
8	11	63	89	99	12	41	47	46
8	11	67	89	100	12	72	47	37
8	11	9	89	100	20	71	47	21
8	11	4	89	100	11	77	47	19
8	11	10	89	99	11	77	47	25
8	11	64	89	100	17	68	47	38
8	11	1	89	100	15	79	47	30
8	11	18	89	35	44	18	47	45
8	14	63	100	99	64	12	34	46
8	14	67	100	100	61	12	34	37
8	14	9	100	100	20	64	34	21
8	14	4	100	100	17	62	34	19
8	14	10	100	99	21	65	34	25
8	14	64	100	100	71	21	34	38
8	14	1	100	100	31	62	34	30
8	14	18	100	35	66	20	34	45
8	63	67	99	100	8	67	46	37
8	63	9	99	100	7	88	46	21
8	63	4	99	100	8	86	46	19
8	63	10	99	99	11	80	46	25
8	63	64	99	100	25	55	46	38
8	63	1	99	100	9	75	46	30
8	63	18	99	35	62	6	46	45
8	67	9	100	100	26	56	37	21
8	67	4	100	100	26	53	37	19
8	67	10	100	99	23	58	37	25
8	67	64	100	100	43	7	37	38
8	67	1	100	100	12	68	37	30
8	67	18	100	35	85	1	37	45
8	9	4	100	100	65	22	21	19
8	9	10	100	99	62	31	21	25
8	9	64	100	100	60	31	21	38
8	9	1	100	100	68	30	21	30
8	9	18	100	35	84	2	21	45
8	4	10	100	99	69	30	19	25
8	4	64	100	100	64	13	19	38
8	4	1	100	100	66	23	19	30
8	4	18	100	35	79	8	19	45
8	10	64	99	100	68	11	25	38
8	10	1	99	100	29	62	25	30
8	10	18	99	35	84	5	25	45
8	64	1	100	100	21	59	38	30
8	64	18	100	35	84	4	38	45
8	1	18	100	35	80	7	30	45
9	4	10	99	100	20	46	13	15
9	4	11	99	62	67	15	13	46
9	4	67	99	100	62	35	13	23
9	4	64	99	84	64	10	13	41
9	4	8	99	100	71	23	13	18
9	4	1	99	99	59	29	13	33
9	4	14	99	10	76	9	13	45
9	10	11	100	62	67	8	15	46
9	10	67	100	100	62	23	15	23
9	10	64	100	84	68	6	15	41
9	10	8	100	100	58	40	15	18
9	10	1	100	99	86	12	15	33
9	10	14	100	10	68	9	15	45
9	11	67	62	100	17	72	46	23
9	11	64	62	84	16	22	46	41
9	11	8	62	100	14	62	46	18
9	11	1	62	99	6	73	46	33
9	11	14	62	10	60	8	46	45
9	67	64	100	84	62	7	23	41
9	67	8	100	100	36	44	23	18
9	67	1	100	99	69	13	23	33
9	67	14	100	10	100	0	23	45
9	64	8	84	100	11	74	41	18
9	64	1	84	99	7	46	41	33
9	64	14	84	10	60	0	41	45
9	8	1	100	99	69	19	18	33
9	8	14	100	10	99	0	18	45
9	1	14	99	10	95	3	33	45
10	9	8	99	100	63	27	18	27
10	9	4	99	100	58	30	18	19
10	9	14	99	48	92	3	18	45
10	9	67	99	100	65	28	18	30
10	9	1	99	84	65	25	18	38
10	8	4	100	100	27	66	27	19
10	8	14	100	48	72	22	27	45
10	8	67	100	100	32	33	27	30
10	8	1	100	84	57	32	27	38
10	4	14	100	48	78	5	19	45
10	4	67	100	100	60	27	19	30
10	4	1	100	84	50	34	19	38
10	14	67	48	100	6	80	45	30
10	14	1	48	84	7	79	45	38
10	67	1	100	84	60	13	30	38
11	6	3	75	45	49	4	34	47
11	6	8	75	78	50	19	34	42
11	6	1	75	37	75	0	34	45
11	6	14	75	95	44	22	34	38
11	6	13	75	87	46	16	34	32
11	6	16	75	63	48	18	34	44
11	6	15	75	49	53	9	34	43
11	6	20	75	79	26	46	34	21
11	6	18	75	92	42	21	34	31
11	6	66	75	32	47	4	34	44
11	6	4	75	92	41	32	34	32
11	6	5	75	31	76	10	34	42
11	3	8	45	78	4	22	47	42
11	3	1	45	37	47	0	47	45
11	3	14	45	95	12	61	47	38
11	3	13	45	87	4	56	47	32
11	3	16	45	63	9	34	47	44
11	3	15	45	49	13	18	47	43
11	3	20	45	79	16	47	47	21
11	3	18	45	92	17	57	47	31
11	3	66	45	32	9	5	47	44
11	3	4	45	92	4	71	47	32
11	3	5	45	31	21	25	47	42
11	8	1	78	37	80	0	42	45
11	8	14	78	95	29	55	42	38
11	8	13	78	87	21	50	42	32
11	8	16	78	63	23	14	42	44
11	8	15	78	49	32	7	42	43
11	8	20	78	79	29	49	42	21
11	8	18	78	92	16	51	42	31
11	8	66	78	32	53	1	42	44
11	8	4	78	92	21	65	42	32
11	8	5	78	31	48	1	42	42
11	1	14	37	95	14	67	45	38
11	1	13	37	87	0	82	45	32
11	1	16	37	63	5	67	45	44
11	1	15	37	49	47	16	45	43
11	1	20	37	79	3	74	45	21
11	1	18	37	92	6	72	45	31
11	1	66	37	32	10	30	45	44
11	1	4	37	92	14	60	45	32
11	1	5	37	31	38	5	45	42
11	14	13	95	87	42	40	38	32
11	14	16	95	63	55	17	38	44
11	14	15	95	49	61	5	38	43
11	14	20	95	79	27	56	38	21
11	14	18	95	92	30	35	38	31
11	14	66	95	32	76	12	38	44
11	14	4	95	92	40	18	38	32
11	14	5	95	31	84	0	38	42
11	13	16	87	63	41	9	32	44
11	13	15	87	49	51	6	32	43
11	13	20	87	79	25	63	32	21
11	13	18	87	92	23	33	32	31
11	13	66	87	32	71	0	32	44
11	13	4	87	92	46	20	32	32
11	13	5	87	31	60	13	32	42
11	16	15	63	49	21	10	44	43
11	16	20	63	79	19	46	44	21
11	16	18	63	92	8	65	44	31
11	16	66	63	32	32	4	44	44
11	16	4	63	92	9	62	44	32
11	16	5	63	31	32	10	44	42
11	15	20	49	79	16	57	43	21
11	15	18	49	92	7	63	43	31
11	15	66	49	32	20	3	43	44
11	15	4	49	92	4	65	43	32
11	15	5	49	31	30	4	43	42
11	20	18	79	92	53	17	21	31
11	20	66	79	32	79	1	21	44
11	20	4	79	92	55	28	21	32
11	20	5	79	31	81	0	21	42
11	18	66	92	32	69	9	31	44
11	18	4	92	92	50	5	31	32
11	18	5	92	31	74	9	31	42
11	66	4	32	92	3	77	44	32
11	66	5	32	31	12	8	44	42
11	4	5	92	31	78	2	32	42
12	19	2	58	42	18	14	25	30
12	19	5	58	1	32	4	25	32
12	2	5	42	1	27	0	30	32
13	20	11	53	74	17	52	41	36
13	20	14	53	63	8	69	41	34
13	11	14	74	63	20	28	36	34
14	8	64	99	27	78	0	33	44
14	8	66	99	82	64	11	33	35
14	8	4	99	41	82	4	33	41
14	8	35	99	0	64	4	33	65535
14	8	1	99	100	26	61	33	13
14	8	37	99	18	66	0	33	37
14	8	13	99	83	18	27	33	32
14	8	11	99	97	8	64	33	40
14	8	3	99	77	25	10	33	30
14	8	9	99	30	63	5	33	41
14	8	18	99	100	7	75	33	22
14	8	5	99	84	9	75	33	32
14	8	16	99	52	3	27	33	45
14	64	66	27	82	3	65	44	35
14	64	4	27	41	1	19	44	41
14	64	35	27	0	15	17	44	65535
14	64	1	27	100	3	70	44	13
14	64	37	27	18	5	40	44	37
14	64	13	27	83	1	55	44	32
14	64	11	27	97	0	78	44	40
14	64	3	27	77	4	59	44	30
14	64	9	27	30	4	28	44	41
14	64	18	27	100	2	87	44	22
14	64	5	27	84	2	86	44	32
14	64	16	27	52	0	10	44	45
14	66	4	82	41	68	5	35	41
14	66	35	82	0	76	7	35	65535
14	66	1	82	100	18	69	35	13
14	66	37	82	18	80	6	35	37
14	66	13	82	83	9	64	35	32
14	66	11	82	97	16	44	35	40
14	66	3	82	77	14	11	35	30
14	66	9	82	30	59	0	35	41
14	66	18	82	100	13	72	35	22
14	66	5	82	84	15	39	35	32
14	66	16	82	52	43	18	35	45
14	4	35	41	0	44	16	41	65535
14	4	1	41	100	8	61	41	13
14	4	37	41	18	50	17	41	37
14	4	13	41	83	13	61	41	32
14	4	11	41	97	11	69	41	40
14	4	3	41	77	12	70	41	30
14	4	9	41	30	24	36	41	41
14	4	18	41	100	3	71	41	22
14	4	5	41	84	5	68	41	32
14	4	16	41	52	18	7	41	45
14	35	1	0	100	1	94	65535	13
14	35	37	0	18	8	0	65535	37
14	35	13	0	83	2	85	65535	32
14	35	11	0	97	2	94	65535	40
14	35	3	0	77	3	76	65535	30
14	35	9	0	30	29	36	65535	41
14	35	18	0	100	3	100	65535	22
14	35	5	0	84	4	57	65535	32
14	35	16	0	52	15	35	65535	45
14	1	37	100	18	98	4	13	37
14	1	13	100	83	73	6	13	32
14	1	11	100	97	66	13	13	40
14	1	3	100	77	76	13	13	30
14	1	9	100	30	100	0	13	41
14	1	18	100	100	68	21	13	22
14	1	5	100	84	74	6	13	32
14	1	16	100	52	74	6	13	45
14	37	13	18	83	1	78	37	32
14	37	11	18	97	2	92	37	40
14	37	3	18	77	3	79	37	30
14	37	9	18	30	1	44	37	41
14	37	18	18	100	6	91	37	22
14	37	5	18	84	9	74	37	32
14	37	16	18	52	5	54	37	45
14	13	11	83	97	38	42	32	40
14	13	3	83	77	22	46	32	30
14	13	9	83	30	81	1	32	41
14	13	18	83	100	26	61	32	22
14	13	5	83	84	13	40	32	32
14	13	16	83	52	60	6	32	45
14	11	3	97	77	41	42	40	30
14	11	9	97	30	78	15	40	41
14	11	18	97	100	35	59	40	22
14	11	5	97	84	24	53	40	32
14	11	16	97	52	57	16	40	45
14	3	9	77	30	56	26	30	41
14	3	18	77	100	6	79	30	22
14	3	5	77	84	22	62	30	32
14	3	16	77	52	13	1	30	45
14	9	18	30	100	6	80	41	22
14	9	5	30	84	14	74	41	32
14	9	16	30	52	25	10	41	45
14	18	5	100	84	64	31	22	32
14	18	16	100	52	83	6	22	45
14	5	16	84	52	89	1	32	45
15	3	11	81	67	61	13	33	47
15	3	7	81	74	28	45	33	29
15	3	18	81	84	57	30	33	38
15	3	16	81	83	53	10	33	35
15	3	20	81	87	57	14	33	31
15	3	6	81	79	49	9	33	40
15	11	7	67	74	10	76	47	29
15	11	18	67	84	9	60	47	38
15	11	16	67	83	8	62	47	35
15	11	20	67	87	11	64	47	31
15	11	6	67	79	11	67	47	40
15	7	18	74	84	62	25	29	38
15	7	16	74	83	69	18	29	35
15	7	20	74	87	60	28	29	31
15	7	6	74	79	65	25	29	40
15	18	16	84	83	26	64	38	35
15	18	20	84	87	19	64	38	31
15	18	6	84	79	23	48	38	40
15	16	20	83	87	27	22	35	31
15	16	6	83	79	37	20	35	40
15	20	6	87	79	41	32	31	40
16	66	6	67	72	8	46	39	35
16	66	7	67	77	1	54	39	28
16	66	15	67	86	10	71	39	31
16	66	11	67	79	25	26	39	45
16	66	3	67	79	17	52	39	24
16	66	14	67	54	40	18	39	45
16	66	18	67	39	39	18	39	44
16	66	20	67	71	9	53	39	20
16	6	7	72	77	19	62	35	28
16	6	15	72	86	36	26	35	31
16	6	11	72	79	53	21	35	45
16	6	3	72	79	10	54	35	24
16	6	14	72	54	44	10	35	45
16	6	18	72	39	53	10	35	44
16	6	20	72	71	22	41	35	20
16	7	15	77	86	44	31	28	31
16	7	11	77	79	51	19	28	45
16	7	3	77	79	32	44	28	24
16	7	14	77	54	61	17	28	45
16	7	18	77	39	60	27	28	44
16	7	20	77	71	28	45	28	20
16	15	11	86	79	53	18	31	45
16	15	3	86	79	26	48	31	24
16	15	14	86	54	73	8	31	45
16	15	18	86	39	53	18	31	44
16	15	20	86	71	26	52	31	20
16	11	3	79	79	24	44	45	24
16	11	14	79	54	31	16	45	45
16	11	18	79	39	48	15	45	44
16	11	20	79	71	21	47	45	20
16	3	14	79	54	46	23	24	45
16	3	18	79	39	65	14	24	44
16	3	20	79	71	30	24	24	20
16	14	18	54	39	27	16	45	44
16	14	20	54	71	7	53	45	20
16	18	20	39	71	11	45	44	20
17	83	39	78	79	18	58	38	31
17	83	36	78	1	79	1	38	48
17	83	19	78	50	66	16	38	40
17	39	36	79	1	80	0	31	48
17	39	19	79	50	65	6	31	40
17	36	19	1	50	1	55	48	40
19	18	26	72	69	18	52	43	37
19	18	83	72	64	17	21	43	44
19	18	5	72	97	10	76	43	31
19	18	12	72	45	31	32	43	26
19	18	17	72	61	19	42	43	38
19	18	2	72	78	17	48	43	42
19	18	37	72	0	28	13	43	65535
19	26	83	69	64	2	60	37	44
19	26	5	69	97	2	86	37	31
19	26	12	69	45	18	45	37	26
19	26	17	69	61	14	25	37	38
19	26	2	69	78	15	43	37	42
19	26	37	69	0	50	5	37	65535
19	83	5	64	97	8	70	44	31
19	83	12	64	45	44	24	44	26
19	83	17	64	61	17	50	44	38
19	83	2	64	78	7	46	44	42
19	83	37	64	0	71	0	44	65535
19	5	12	97	45	61	29	31	26
19	5	17	97	61	71	7	31	38
19	5	2	97	78	73	15	31	42
19	5	37	97	0	98	0	31	65535
19	12	17	45	61	27	32	26	38
19	12	2	45	78	44	36	26	42
19	12	37	45	0	50	4	26	65535
19	17	2	61	78	9	27	38	42
19	17	37	61	0	43	2	38	65535
19	2	37	78	0	67	2	42	65535
20	3	11	76	91	8	58	37	27
20	3	6	76	71	28	8	37	40
20	3	16	76	76	23	46	37	25
20	3	7	76	77	37	27	37	43
20	3	15	76	90	20	59	37	31
20	3	13	76	71	61	4	37	42
20	11	6	91	71	62	17	27	40
20	11	16	91	76	33	31	27	25
20	11	7	91	77	57	12	27	43
20	11	15	91	90	59	22	27	31
20	11	13	91	71	54	16	27	42
20	6	16	71	76	24	42	40	25
20	6	7	71	77	50	13	40	43
20	6	15	71	90	13	65	40	31
20	6	13	71	71	48	17	40	42
20	16	7	76	77	45	22	25	43
20	16	15	76	90	43	30	25	31
20	16	13	76	71	47	10	25	42
20	7	15	77	90	24	61	43	31
20	7	13	77	71	11	8	43	42
20	15	13	90	71	60	9	31	42
24	31	27	59	96	0	94	45	40
24	31	48	59	84	2	91	45	42
24	27	48	96	84	50	32	40	42
25	28	35	85	0	58	15	25	65535
25	28	31	85	0	94	0	25	65535
25	28	38	85	34	70	13	25	44
25	28	37	85	9	89	2	25	45
25	35	31	0	0	59	0	65535	65535
25	35	38	0	34	20	12	65535	44
25	35	37	0	9	67	2	65535	45
25	31	38	0	34	0	56	65535	44
25	31	37	0	9	0	15	65535	45
25	38	37	34	9	46	1	44	45
26	37	35	49	0	46	2	41	65535
26	37	36	49	75	7	59	41	29
26	37	5	49	5	37	18	41	44
26	37	19	49	49	14	45	41	32
26	35	36	0	75	0	91	65535	29
26	35	5	0	5	2	27	65535	44
26	35	19	0	49	0	63	65535	32
26	36	5	75	5	67	9	29	44
26	36	19	75	49	57	19	29	32
26	5	19	5	49	11	54	44	32
27	24	40	91	98	16	68	33	33
27	24	58	91	95	42	12	33	40
27	24	56	91	100	12	61	33	22
27	24	31	91	94	16	57	33	31
27	24	51	91	22	73	0	33	46
27	24	48	91	61	42	20	33	47
27	24	55	91	99	12	69	33	31
27	24	54	91	99	12	69	33	32
27	24	47	91	45	42	10	33	47
27	24	38	91	0	80	0	33	65535
27	40	58	98	95	47	28	33	40
27	40	56	98	100	19	62	33	22
27	40	31	98	94	24	59	33	31
27	40	51	98	22	91	2	33	46
27	40	48	98	61	63	12	33	47
27	40	55	98	99	25	57	33	31
27	40	54	98	99	19	62	33	32
27	40	47	98	45	58	17	33	47
27	40	38	98	0	99	0	33	65535
27	58	56	95	100	24	62	40	22
27	58	31	95	94	23	53	40	31
27	58	51	95	22	79	0	40	46
27	58	48	95	61	57	9	40	47
27	58	55	95	99	19	63	40	31
27	58	54	95	99	22	56	40	32
27	58	47	95	45	74	8	40	47
27	58	38	95	0	90	0	40	65535
27	56	31	100	94	66	7	22	31
27	56	51	100	22	97	0	22	46
27	56	48	100	61	82	7	22	47
27	56	55	100	99	67	24	22	31
27	56	54	100	99	74	22	22	32
27	56	47	100	45	77	6	22	47
27	56	38	100	0	100	0	22	65535
27	31	51	94	22	86	0	31	46
27	31	48	94	61	83	11	31	47
27	31	55	94	99	18	23	31	31
27	31	54	94	99	11	35	31	32
27	31	47	94	45	57	17	31	47
27	31	38	94	0	86	0	31	65535
27	51	48	22	61	5	46	46	47
27	51	55	22	99	3	90	46	31
27	51	54	22	99	0	94	46	32
27	51	47	22	45	6	20	46	47
27	51	38	22	0	11	9	46	65535
27	48	55	61	99	2	79	47	31
27	48	54	61	99	2	94	47	32
27	48	47	61	45	12	0	47	47
27	48	38	61	0	2	5	47	65535
27	55	54	99	99	28	46	31	32
27	55	47	99	45	82	4	31	47
27	55	38	99	0	97	0	31	65535
27	54	47	99	45	82	1	32	47
27	54	38	99	0	66	0	32	65535
27	47	38	45	0	8	0	47	65535
28	38	25	55	97	21	63	30	22
28	38	35	55	34	60	6	30	45
28	25	35	97	34	84	6	22	45
30	53	46	89	100	49	32	40	43
30	53	38	89	40	33	45	40	33
30	53	36	89	15	70	4	40	46
30	53	56	89	96	56	26	40	43
30	53	37	89	18	82	4	40	44
30	53	57	89	0	86	0	40	65535
30	53	51	89	99	32	60	40	37
30	46	38	100	40	35	44	43	33
30	46	36	100	15	71	3	43	46
30	46	56	100	96	26	12	43	43
30	46	37	100	18	77	5	43	44
30	46	57	100	0	99	0	43	65535
30	46	51	100	99	26	66	43	37
30	38	36	40	15	43	9	33	46
30	38	56	40	96	59	24	33	43
30	38	37	40	18	47	15	33	44
30	38	57	40	0	83	0	33	65535
30	38	51	40	99	44	39	33	37
30	36	56	15	96	8	42	46	43
30	36	37	15	18	16	13	46	44
30	36	57	15	0	71	0	46	65535
30	36	51	15	99	7	78	46	37
30	56	37	96	18	46	7	43	44
30	56	57	96	0	93	0	43	65535
30	56	51	96	99	24	64	43	37
30	37	57	18	0	67	0	44	65535
30	37	51	18	99	9	79	44	37
30	57	51	0	99	2	96	65535	37
31	24	27	0	98	5	71	65535	28
31	24	33	0	0	2	0	65535	65535
31	24	60	0	56	1	49	65535	45
31	24	48	0	61	7	58	65535	44
31	24	32	0	22	3	7	65535	44
31	24	45	0	39	0	35	65535	45
31	27	33	98	0	97	0	28	65535
31	27	60	98	56	75	8	28	45
31	27	48	98	61	64	25	28	44
31	27	32	98	22	95	0	28	44
31	27	45	98	39	85	4	28	45
31	33	60	0	56	0	37	65535	45
31	33	48	0	61	0	63	65535	44
31	33	32	0	22	8	0	65535	44
31	33	45	0	39	1	5	65535	45
31	60	48	56	61	3	35	45	44
31	60	32	56	22	24	1	45	44
31	60	45	56	39	12	3	45	45
31	48	32	61	22	40	0	44	44
31	48	45	61	39	34	0	44	45
31	32	45	22	39	21	0	44	45
32	34	45	44	14	64	11	32	46
32	34	31	44	10	81	0	32	47
32	34	48	44	37	54	12	32	43
32	45	31	14	10	19	0	46	47
32	45	48	14	37	4	41	46	43
32	31	48	10	37	1	34	47	43
33	48	35	25	33	1	7	46	40
33	48	37	25	23	10	23	46	42
33	48	32	25	0	30	2	46	65535
33	48	5	25	39	4	9	46	42
33	48	18	25	40	4	18	46	42
33	48	36	25	17	16	4	46	46
33	35	37	33	23	22	4	40	42
33	35	32	33	0	36	1	40	65535
33	35	5	33	39	24	8	40	42
33	35	18	33	40	24	13	40	42
33	35	36	33	17	25	1	40	46
33	37	32	23	0	21	4	42	65535
33	37	5	23	39	5	8	42	42
33	37	18	23	40	9	19	42	42
33	37	36	23	17	32	0	42	46
33	32	5	0	39	0	36	65535	42
33	32	18	0	40	0	47	65535	42
33	32	36	0	17	3	0	65535	46
33	5	18	39	40	10	20	42	42
33	5	36	39	17	38	0	42	46
33	18	36	40	17	40	1	42	46
34	45	32	89	88	37	12	33	31
35	5	33	10	14	22	9	32	41
35	5	18	10	51	22	11	32	37
35	5	14	10	50	4	26	32	34
35	5	38	10	32	17	1	32	39
35	5	60	10	8	12	4	32	40
35	33	18	14	51	2	13	41	37
35	33	14	14	50	2	45	41	34
35	33	38	14	32	8	16	41	39
35	33	60	14	8	9	16	41	40
35	18	14	51	50	3	4	37	34
35	18	38	51	32	7	1	37	39
35	18	60	51	8	11	1	37	40
35	14	38	50	32	26	3	34	39
35	14	60	50	8	21	1	34	40
35	38	60	32	8	14	4	39	40
36	26	39	47	7	39	2	29	46
36	26	30	47	32	47	9	29	45
36	26	37	47	47	35	17	29	33
36	26	25	47	30	62	1	29	44
36	26	35	47	48	51	9	29	39
36	26	38	47	89	10	55	29	28
36	26	17	47	7	66	0	29	47
36	26	5	47	18	73	1	29	44
36	39	30	7	32	7	32	46	45
36	39	37	7	47	9	29	46	33
36	39	25	7	30	20	8	46	44
36	39	35	7	48	6	38	46	39
36	39	38	7	89	9	63	46	28
36	39	17	7	7	13	4	46	47
36	39	5	7	18	14	7	46	44
36	30	37	32	47	25	37	45	33
36	30	25	32	30	23	7	45	44
36	30	35	32	48	24	45	45	39
36	30	38	32	89	19	58	45	28
36	30	17	32	7	27	3	45	47
36	30	5	32	18	53	0	45	44
36	37	25	47	30	25	6	33	44
36	37	35	47	48	23	10	33	39
36	37	38	47	89	16	69	33	28
36	37	17	47	7	51	0	33	47
36	37	5	47	18	44	6	33	44
36	25	35	30	48	6	22	44	39
36	25	38	30	89	6	45	44	28
36	25	17	30	7	8	8	44	47
36	25	5	30	18	6	2	44	44
36	35	38	48	89	16	75	39	28
36	35	17	48	7	38	6	39	47
36	35	5	48	18	39	4	39	44
36	38	17	89	7	87	0	28	47
36	38	5	89	18	92	2	28	44
36	17	5	7	18	3	17	47	44
37	14	28	69	52	51	3	41	45
37	14	36	69	59	16	43	41	35
37	14	30	69	57	42	14	41	45
37	14	39	69	66	18	15	41	40
37	14	26	69	56	33	14	41	38
37	14	38	69	80	9	54	41	31
37	14	60	69	60	9	49	41	38
37	14	33	69	26	54	6	41	45
37	14	5	69	57	16	32	41	31
37	28	36	52	59	10	33	45	35
37	28	30	52	57	5	18	45	45
37	28	39	52	66	11	41	45	40
37	28	26	52	56	10	28	45	38
37	28	38	52	80	9	43	45	31
37	28	60	52	60	8	46	45	38
37	28	33	52	26	3	13	45	45
37	28	5	52	57	11	48	45	31
37	36	30	59	57	33	22	35	45
37	36	39	59	66	34	24	35	40
37	36	26	59	56	27	19	35	38
37	36	38	59	80	9	55	35	31
37	36	60	59	60	26	18	35	38
37	36	33	59	26	35	13	35	45
37	36	5	59	57	9	34	35	31
37	30	39	57	66	23	30	45	40
37	30	26	57	56	26	24	45	38
37	30	38	57	80	26	38	45	31
37	30	60	57	60	18	40	45	38
37	30	33	57	26	16	25	45	45
37	30	5	57	57	17	48	45	31
37	39	26	66	56	10	5	40	38
37	39	38	66	80	17	51	40	31
37	39	60	66	60	19	36	40	38
37	39	33	66	26	29	10	40	45
37	39	5	66	57	6	47	40	31
37	26	38	56	80	5	50	38	31
37	26	60	56	60	15	47	38	38
37	26	33	56	26	35	9	38	45
37	26	5	56	57	9	53	38	31
37	38	60	80	60	43	4	31	38
37	38	33	80	26	51	2	31	45
37	38	5	80	57	33	10	31	31
37	60	33	60	26	35	12	38	45
37	60	5	60	57	6	35	38	31
37	33	5	26	57	11	25	45	31
38	35	37	7	52	1	34	41	29
38	35	36	7	85	5	78	41	28
38	35	39	7	99	0	94	41	26
38	35	25	7	26	14	4	41	41
38	35	28	7	74	6	59	41	32
38	35	30	7	62	0	16	41	33
38	37	36	52	85	7	32	29	28
38	37	39	52	99	8	76	29	26
38	37	25	52	26	26	2	29	41
38	37	28	52	74	28	28	29	32
38	37	30	52	62	43	25	29	33
38	36	39	85	99	12	67	28	26
38	36	25	85	26	72	8	28	41
38	36	28	85	74	49	19	28	32
38	36	30	85	62	61	21	28	33
38	39	25	99	26	77	5	26	41
38	39	28	99	74	68	12	26	32
38	39	30	99	62	69	10	26	33
38	25	28	26	74	9	66	41	32
38	25	30	26	62	7	58	41	33
38	28	30	74	62	53	15	32	33
39	38	37	96	59	76	17	26	38
39	38	17	96	79	69	12	26	33
39	38	36	96	42	68	18	26	45
39	37	17	59	79	14	61	38	33
39	37	36	59	42	48	12	38	45
39	17	36	79	42	52	14	33	45
40	58	56	97	100	21	67	32	18
40	58	68	97	82	67	8	32	41
40	58	27	97	98	26	64	32	32
40	58	54	97	100	27	64	32	14
40	58	81	97	87	60	14	32	38
40	58	57	97	18	65	12	32	47
40	58	55	97	100	27	66	32	15
40	58	59	97	89	71	22	32	41
40	58	47	97	99	22	61	32	25
40	58	84	97	51	97	0	32	43
40	58	48	97	73	74	12	32	45
40	58	51	97	98	53	26	32	38
40	58	53	97	96	12	36	32	31
40	58	77	97	0	100	0	32	65535
40	56	68	100	82	58	23	18	41
40	56	27	100	98	61	30	18	32
40	56	54	100	100	31	43	18	14
40	56	81	100	87	71	21	18	38
40	56	57	100	18	60	13	18	47
40	56	55	100	100	25	70	18	15
40	56	59	100	89	52	33	18	41
40	56	47	100	99	67	21	18	25
40	56	84	100	51	81	5	18	43
40	56	48	100	73	78	7	18	45
40	56	51	100	98	65	18	18	38
40	56	53	100	96	60	21	18	31
40	56	77	100	0	69	12	18	65535
40	68	27	82	98	10	67	41	32
40	68	54	82	100	12	64	41	14
40	68	81	82	87	22	54	41	38
40	68	57	82	18	53	13	41	47
40	68	55	82	100	16	66	41	15
40	68	59	82	89	12	51	41	41
40	68	47	82	99	5	66	41	25
40	68	84	82	51	88	0	41	43
40	68	48	82	73	37	11	41	45
40	68	51	82	98	21	66	41	38
40	68	53	82	96	22	66	41	31
40	68	77	82	0	41	14	41	65535
40	27	54	98	100	33	59	32	14
40	27	81	98	87	74	11	32	38
40	27	57	98	18	87	6	32	47
40	27	55	98	100	23	64	32	15
40	27	59	98	89	58	9	32	41
40	27	47	98	99	24	64	32	25
40	27	84	98	51	84	2	32	43
40	27	48	98	73	96	2	32	45
40	27	51	98	98	22	51	32	38
40	27	53	98	96	12	36	32	31
40	27	77	98	0	84	2	32	65535
40	54	81	100	87	67	23	14	38
40	54	57	100	18	62	22	14	47
40	54	55	100	100	58	25	14	15
40	54	59	100	89	73	24	14	41
40	54	47	100	99	62	31	14	25
40	54	84	100	51	100	0	14	43
40	54	48	100	73	98	1	14	45
40	54	51	100	98	58	22	14	38
40	54	53	100	96	62	25	14	31
40	54	77	100	0	77	5	14	65535
40	81	57	87	18	80	6	38	47
40	81	55	87	100	9	67	38	15
40	81	59	87	89	54	26	38	41
40	81	47	87	99	7	69	38	25
40	81	84	87	51	87	3	38	43
40	81	48	87	73	75	8	38	45
40	81	51	87	98	45	26	38	38
40	81	53	87	96	8	75	38	31
40	81	77	87	0	62	24	38	65535
40	57	55	18	100	15	75	47	15
40	57	59	18	89	25	35	47	41
40	57	47	18	99	13	79	47	25
40	57	84	18	51	49	6	47	43
40	57	48	18	73	74	0	47	45
40	57	51	18	98	17	62	47	38
40	57	53	18	96	21	61	47	31
40	57	77	18	0	39	16	47	65535
40	55	59	100	89	59	34	15	41
40	55	47	100	99	59	28	15	25
40	55	84	100	51	86	5	15	43
40	55	48	100	73	76	6	15	45
40	55	51	100	98	59	26	15	38
40	55	53	100	96	59	25	15	31
40	55	77	100	0	69	13	15	65535
40	59	47	89	99	29	67	41	25
40	59	84	89	51	53	11	41	43
40	59	48	89	73	33	33	41	45
40	59	51	89	98	3	75	41	38
40	59	53	89	96	3	73	41	31
40	59	77	89	0	15	19	41	65535
40	47	84	99	51	75	10	25	43
40	47	48	99	73	56	19	25	45
40	47	51	99	98	62	27	25	38
40	47	53	99	96	60	27	25	31
40	47	77	99	0	84	4	25	65535
40	84	48	51	73	20	41	43	45
40	84	51	51	98	7	69	43	38
40	84	53	51	96	4	81	43	31
40	84	77	51	0	18	1	43	65535
40	48	51	73	98	13	43	45	38
40	48	53	73	96	10	76	45	31
40	48	77	73	0	66	3	45	65535
40	51	53	98	96	26	64	38	31
40	51	77	98	0	84	1	38	65535
40	53	77	96	0	94	0	31	65535
45	60	34	72	87	7	74	42	30
45	60	54	72	100	6	80	42	32
45	60	51	72	97	46	32	42	41
45	60	31	72	41	36	18	42	45
45	60	48	72	99	15	77	42	26
45	60	47	72	97	15	50	42	41
45	60	58	72	1	19	35	42	45
45	60	32	72	73	37	22	42	41
45	60	40	72	100	12	43	42	38
45	60	56	72	50	66	0	42	44
45	60	55	72	0	57	0	42	65535
45	34	54	87	100	10	43	30	32
45	34	51	87	97	70	18	30	41
45	34	31	87	41	67	8	30	45
45	34	48	87	99	14	60	30	26
45	34	47	87	97	76	11	30	41
45	34	58	87	1	63	19	30	45
45	34	32	87	73	63	11	30	41
45	34	40	87	100	66	17	30	38
45	34	56	87	50	89	0	30	44
45	34	55	87	0	77	7	30	65535
45	54	51	100	97	67	21	32	41
45	54	31	100	41	83	1	32	45
45	54	48	100	99	21	64	32	26
45	54	47	100	97	55	35	32	41
45	54	58	100	1	70	10	32	45
45	54	32	100	73	72	6	32	41
45	54	40	100	100	58	17	32	38
45	54	56	100	50	94	3	32	44
45	54	55	100	0	93	1	32	65535
45	51	31	97	41	45	1	41	45
45	51	48	97	99	20	58	41	26
45	51	47	97	97	25	19	41	41
45	51	58	97	1	31	12	41	45
45	51	32	97	73	38	7	41	41
45	51	40	97	100	30	22	41	38
45	51	56	97	50	64	0	41	44
45	51	55	97	0	27	15	41	65535
45	31	48	41	99	7	74	45	26
45	31	47	41	97	8	37	45	41
45	31	58	41	1	5	34	45	45
45	31	32	41	73	14	20	45	41
45	31	40	41	100	26	10	45	38
45	31	56	41	50	25	10	45	44
45	31	55	41	0	24	9	45	65535
45	48	47	99	97	61	19	26	41
45	48	58	99	1	70	5	26	45
45	48	32	99	73	68	7	26	41
45	48	40	99	100	63	21	26	38
45	48	56	99	50	100	0	26	44
45	48	55	99	0	85	4	26	65535
45	47	58	97	1	5	2	41	45
45	47	32	97	73	16	1	41	41
45	47	40	97	100	11	48	41	38
45	47	56	97	50	52	12	41	44
45	47	55	97	0	72	5	41	65535
45	58	32	1	73	16	7	45	41
45	58	40	1	100	23	44	45	38
45	58	56	1	50	25	18	45	44
45	58	55	1	0	29	16	45	65535
45	32	40	73	100	1	55	41	38
45	32	56	73	50	56	0	41	44
45	32	55	73	0	11	8	41	65535
45	40	56	100	50	62	6	38	44
45	40	55	100	0	77	11	38	65535
45	56	55	50	0	1	44	44	65535
46	57	51	83	98	19	59	44	42
46	57	30	83	98	51	32	44	43
46	57	53	83	100	27	49	44	32
46	57	81	83	2	83	0	44	44
46	51	30	98	98	56	23	42	43
46	51	53	98	100	27	56	42	32
46	51	81	98	2	91	1	42	44
46	30	53	98	100	32	56	43	32
46	30	81	98	2	98	0	43	44
46	53	81	100	2	99	0	32	44
47	56	54	96	100	30	50	26	26
47	56	57	96	89	54	25	26	42
47	56	51	96	89	70	20	26	43
47	56	48	96	37	83	6	26	46
47	56	40	96	100	42	45	26	29
47	56	58	96	100	20	65	26	16
47	56	60	96	24	84	9	26	46
47	56	53	96	85	62	24	26	40
47	56	45	96	78	61	14	26	40
47	56	59	96	100	69	25	26	29
47	56	55	96	99	31	64	26	16
47	54	57	100	89	69	27	26	42
47	54	51	100	89	74	22	26	43
47	54	48	100	37	74	18	26	46
47	54	40	100	100	60	25	26	29
47	54	58	100	100	28	63	26	16
47	54	60	100	24	76	6	26	46
47	54	53	100	85	61	21	26	40
47	54	45	100	78	57	23	26	40
47	54	59	100	100	47	29	26	29
47	54	55	100	99	26	70	26	16
47	57	51	89	89	58	32	42	43
47	57	48	89	37	57	18	42	46
47	57	40	89	100	21	71	42	29
47	57	58	89	100	24	57	42	16
47	57	60	89	24	64	7	42	46
47	57	53	89	85	51	31	42	40
47	57	45	89	78	62	22	42	40
47	57	59	89	100	14	69	42	29
47	57	55	89	99	15	72	42	16
47	51	48	89	37	20	50	43	46
47	51	40	89	100	16	75	43	29
47	51	58	89	100	12	85	43	16
47	51	60	89	24	25	26	43	46
47	51	53	89	85	29	48	43	40
47	51	45	89	78	27	32	43	40
47	51	59	89	100	8	74	43	29
47	51	55	89	99	18	66	43	16
47	48	40	37	100	21	78	46	29
47	48	58	37	100	14	79	46	16
47	48	60	37	24	45	13	46	46
47	48	53	37	85	22	42	46	40
47	48	45	37	78	26	18	46	40
47	48	59	37	100	3	86	46	29
47	48	55	37	99	15	82	46	16
47	40	58	100	100	17	69	29	16
47	40	60	100	24	75	4	29	46
47	40	53	100	85	68	21	29	40
47	40	45	100	78	77	14	29	40
47	40	59	100	100	54	35	29	29
47	40	55	100	99	26	65	29	16
47	58	60	100	24	79	3	16	46
47	58	53	100	85	51	9	16	40
47	58	45	100	78	68	22	16	40
47	58	59	100	100	56	31	16	29
47	58	55	100	99	25	65	16	16
47	60	53	24	85	5	68	46	40
47	60	45	24	78	10	54	46	40
47	60	59	24	100	7	76	46	29
47	60	55	24	99	8	77	46	16
47	53	45	85	78	29	27	40	40
47	53	59	85	100	16	74	40	29
47	53	55	85	99	25	62	40	16
47	45	59	78	100	12	71	40	29
47	45	55	78	99	5	64	40	16
47	59	55	100	99	31	55	29	16
48	60	31	78	82	60	23	34	32
48	60	27	78	78	53	13	34	41
48	60	32	78	33	58	16	34	41
48	60	47	78	74	72	6	34	45
48	60	24	78	94	62	11	34	33
48	60	45	78	97	20	53	34	28
48	60	40	78	52	62	12	34	42
48	60	54	78	90	67	18	34	35
48	60	55	78	44	59	18	34	44
48	60	33	78	30	60	11	34	46
48	31	27	82	78	49	21	32	41
48	31	32	82	33	53	15	32	41
48	31	47	82	74	79	7	32	45
48	31	24	82	94	58	21	32	33
48	31	45	82	97	20	56	32	28
48	31	40	82	52	61	12	32	42
48	31	54	82	90	11	51	32	35
48	31	55	82	44	70	12	32	44
48	31	33	82	30	73	5	32	46
48	27	32	78	33	28	16	41	41
48	27	47	78	74	67	2	41	45
48	27	24	78	94	22	30	41	33
48	27	45	78	97	8	68	41	28
48	27	40	78	52	35	14	41	42
48	27	54	78	90	21	57	41	35
48	27	55	78	44	33	24	41	44
48	27	33	78	30	34	19	41	46
48	32	47	33	74	42	13	41	45
48	32	24	33	94	10	29	41	33
48	32	45	33	97	9	74	41	28
48	32	40	33	52	16	23	41	42
48	32	54	33	90	13	64	41	35
48	32	55	33	44	16	21	41	44
48	32	33	33	30	63	3	41	46
48	47	24	74	94	9	22	45	33
48	47	45	74	97	14	72	45	28
48	47	40	74	52	13	37	45	42
48	47	54	74	90	15	66	45	35
48	47	55	74	44	14	63	45	44
48	47	33	74	30	25	15	45	46
48	24	45	94	97	14	70	33	28
48	24	40	94	52	31	12	33	42
48	24	54	94	90	5	59	33	35
48	24	55	94	44	20	12	33	44
48	24	33	94	30	57	6	33	46
48	45	40	97	52	54	21	28	42
48	45	54	97	90	63	18	28	35
48	45	55	97	44	63	28	28	44
48	45	33	97	30	77	9	28	46
48	40	54	52	90	20	62	42	35
48	40	55	52	44	26	39	42	44
48	40	33	52	30	24	15	42	46
48	54	55	90	44	57	15	35	44
48	54	33	90	30	69	7	35	46
48	55	33	44	30	69	6	44	46
51	77	55	65	100	9	63	44	37
51	77	84	65	100	17	65	44	34
51	77	30	65	100	9	79	44	36
51	77	68	65	100	4	84	44	32
51	77	57	65	89	0	100	44	39
51	77	47	65	100	7	77	44	40
51	77	38	65	87	9	77	44	38
51	77	56	65	100	12	75	44	21
51	77	53	65	100	20	70	44	20
51	77	81	65	90	5	79	44	33
51	77	45	65	91	7	59	44	40
51	77	54	65	99	16	49	44	43
51	77	40	65	100	13	54	44	39
51	77	46	65	100	14	29	44	41
51	77	78	65	17	51	14	44	44
51	77	58	65	5	23	11	44	44
51	55	84	100	100	8	44	37	34
51	55	30	100	100	23	17	37	36
51	55	68	100	100	9	66	37	32
51	55	57	100	89	49	27	37	39
51	55	47	100	100	63	27	37	40
51	55	38	100	87	73	13	37	38
51	55	56	100	100	30	56	37	21
51	55	53	100	100	24	76	37	20
51	55	81	100	90	21	32	37	33
51	55	45	100	91	61	27	37	40
51	55	54	100	99	65	28	37	43
51	55	40	100	100	69	28	37	39
51	55	46	100	100	60	11	37	41
51	55	78	100	17	97	0	37	44
51	55	58	100	5	77	22	37	44
51	84	30	100	100	31	13	34	36
51	84	68	100	100	16	34	34	32
51	84	57	100	89	53	26	34	39
51	84	47	100	100	37	19	34	40
51	84	38	100	87	27	40	34	38
51	84	56	100	100	19	61	34	21
51	84	53	100	100	16	68	34	20
51	84	81	100	90	33	26	34	33
51	84	45	100	91	60	11	34	40
51	84	54	100	99	57	21	34	43
51	84	40	100	100	36	44	34	39
51	84	46	100	100	62	16	34	41
51	84	78	100	17	96	0	34	44
51	84	58	100	5	45	22	34	44
51	30	68	100	100	20	63	36	32
51	30	57	100	89	37	44	36	39
51	30	47	100	100	47	20	36	40
51	30	38	100	87	40	17	36	38
51	30	56	100	100	23	66	36	21
51	30	53	100	100	32	63	36	20
51	30	81	100	90	19	50	36	33
51	30	45	100	91	62	10	36	40
51	30	54	100	99	9	68	36	43
51	30	40	100	100	30	34	36	39
51	30	46	100	100	58	26	36	41
51	30	78	100	17	99	0	36	44
51	30	58	100	5	67	13	36	44
51	68	57	100	89	60	23	32	39
51	68	47	100	100	66	11	32	40
51	68	38	100	87	68	9	32	38
51	68	56	100	100	30	63	32	21
51	68	53	100	100	30	50	32	20
51	68	81	100	90	60	25	32	33
51	68	45	100	91	63	12	32	40
51	68	54	100	99	63	20	32	43
51	68	40	100	100	72	22	32	39
51	68	46	100	100	65	17	32	41
51	68	78	100	17	89	4	32	44
51	68	58	100	5	60	13	32	44
51	57	47	89	100	24	35	39	40
51	57	38	89	87	36	10	39	38
51	57	56	89	100	32	52	39	21
51	57	53	89	100	31	61	39	20
51	57	81	89	90	38	46	39	33
51	57	45	89	91	49	18	39	40
51	57	54	89	99	49	34	39	43
51	57	40	89	100	39	25	39	39
51	57	46	89	100	63	26	39	41
51	57	78	89	17	93	0	39	44
51	57	58	89	5	39	22	39	44
51	47	38	100	87	32	15	40	38
51	47	56	100	100	15	74	40	21
51	47	53	100	100	19	78	40	20
51	47	81	100	90	30	53	40	33
51	47	45	100	91	47	25	40	40
51	47	54	100	99	35	26	40	43
51	47	40	100	100	23	44	40	39
51	47	46	100	100	36	16	40	41
51	47	78	100	17	95	1	40	44
51	47	58	100	5	41	33	40	44
51	38	56	87	100	11	73	38	21
51	38	53	87	100	14	75	38	20
51	38	81	87	90	24	56	38	33
51	38	45	87	91	59	16	38	40
51	38	54	87	99	8	61	38	43
51	38	40	87	100	20	66	38	39
51	38	46	87	100	57	19	38	41
51	38	78	87	17	66	8	38	44
51	38	58	87	5	48	19	38	44
51	56	53	100	100	31	56	21	20
51	56	81	100	90	73	21	21	33
51	56	45	100	91	68	23	21	40
51	56	54	100	99	53	24	21	43
51	56	40	100	100	73	21	21	39
51	56	46	100	100	66	4	21	41
51	56	78	100	17	99	2	21	44
51	56	58	100	5	70	15	21	44
51	53	81	100	90	66	12	20	33
51	53	45	100	91	71	15	20	40
51	53	54	100	99	70	21	20	43
51	53	40	100	100	66	19	20	39
51	53	46	100	100	62	24	20	41
51	53	78	100	17	85	8	20	44
51	53	58	100	5	74	19	20	44
51	81	45	90	91	47	26	33	40
51	81	54	90	99	47	25	33	43
51	81	40	90	100	40	45	33	39
51	81	46	90	100	55	22	33	41
51	81	78	90	17	72	5	33	44
51	81	58	90	5	57	23	33	44
51	45	54	91	99	26	60	40	43
51	45	40	91	100	34	61	40	39
51	45	46	91	100	14	20	40	41
51	45	78	91	17	98	0	40	44
51	45	58	91	5	50	17	40	44
51	54	40	99	100	37	54	43	39
51	54	46	99	100	41	32	43	41
51	54	78	99	17	60	6	43	44
51	54	58	99	5	34	42	43	44
51	40	46	100	100	54	20	39	41
51	40	78	100	17	83	0	39	44
51	40	58	100	5	46	32	39	44
51	46	78	100	17	74	0	41	44
51	46	58	100	5	35	22	41	44
51	78	58	17	5	0	94	44	44
53	30	46	85	100	15	77	40	31
53	30	51	85	100	16	77	40	19
53	30	56	85	100	16	65	40	29
53	30	68	85	66	13	29	40	38
53	30	54	85	93	10	56	40	37
53	30	77	85	92	12	52	40	36
53	30	81	85	0	59	5	40	65535
53	30	55	85	89	10	41	40	39
53	30	57	85	100	13	73	40	34
53	30	40	85	100	3	68	40	33
53	30	47	85	44	14	24	40	46
53	46	51	100	100	24	58	31	19
53	46	56	100	100	17	54	31	29
53	46	68	100	66	60	4	31	38
53	46	54	100	93	59	17	31	37
53	46	77	100	92	72	16	31	36
53	46	81	100	0	92	0	31	65535
53	46	55	100	89	77	12	31	39
53	46	57	100	100	29	46	31	34
53	46	40	100	100	22	15	31	33
53	46	47	100	44	76	10	31	46
53	51	56	100	100	64	22	19	29
53	51	68	100	66	63	23	19	38
53	51	54	100	93	67	19	19	37
53	51	77	100	92	57	30	19	36
53	51	81	100	0	98	0	19	65535
53	51	55	100	89	69	20	19	39
53	51	57	100	100	63	27	19	34
53	51	40	100	100	51	32	19	33
53	51	47	100	44	60	21	19	46
53	56	68	100	66	58	27	29	38
53	56	54	100	93	71	22	29	37
53	56	77	100	92	74	13	29	36
53	56	81	100	0	99	0	29	65535
53	56	55	100	89	57	28	29	39
53	56	57	100	100	38	38	29	34
53	56	40	100	100	42	27	29	33
53	56	47	100	44	59	12	29	46
53	68	54	66	93	10	55	38	37
53	68	77	66	92	44	29	38	36
53	68	81	66	0	59	17	38	65535
53	68	55	66	89	37	18	38	39
53	68	57	66	100	12	78	38	34
53	68	40	66	100	10	68	38	33
53	68	47	66	44	24	30	38	46
53	54	77	93	92	76	8	37	36
53	54	81	93	0	49	31	37	65535
53	54	55	93	89	60	27	37	39
53	54	57	93	100	24	64	37	34
53	54	40	93	100	29	60	37	33
53	54	47	93	44	67	11	37	46
53	77	81	92	0	29	20	36	65535
53	77	55	92	89	10	56	36	39
53	77	57	92	100	9	73	36	34
53	77	40	92	100	12	66	36	33
53	77	47	92	44	21	12	36	46
53	81	55	0	89	0	87	65535	39
53	81	57	0	100	0	96	65535	34
53	81	40	0	100	0	99	65535	33
53	81	47	0	44	0	68	65535	46
53	55	57	89	100	24	66	39	34
53	55	40	89	100	26	61	39	33
53	55	47	89	44	86	2	39	46
53	57	40	100	100	41	18	34	33
53	57	47	100	44	66	18	34	46
53	40	47	100	44	72	13	33	46
54	40	57	98	87	71	12	16	42
54	40	59	98	51	72	9	16	44
54	40	81	98	77	71	20	16	40
54	40	55	98	100	60	29	16	22
54	40	51	98	80	64	23	16	40
54	40	53	98	95	67	21	16	34
54	40	56	98	100	71	27	16	19
54	40	58	98	83	61	33	16	35
54	40	84	98	95	78	15	16	40
54	40	45	98	100	65	23	16	29
54	40	27	98	99	62	28	16	27
54	40	48	98	97	59	26	16	33
54	40	47	98	99	50	32	16	25
54	57	59	87	51	19	33	42	44
54	57	81	87	77	31	30	42	40
54	57	55	87	100	16	71	42	22
54	57	51	87	80	24	45	42	40
54	57	53	87	95	12	73	42	34
54	57	56	87	100	16	74	42	19
54	57	58	87	83	13	68	42	35
54	57	84	87	95	19	35	42	40
54	57	45	87	100	15	72	42	29
54	57	27	87	99	6	75	42	27
54	57	48	87	97	2	75	42	33
54	57	47	87	99	20	84	42	25
54	59	81	51	77	23	34	44	40
54	59	55	51	100	13	83	44	22
54	59	51	51	80	12	55	44	40
54	59	53	51	95	11	73	44	34
54	59	56	51	100	5	78	44	19
54	59	58	51	83	9	76	44	35
54	59	84	51	95	30	26	44	40
54	59	45	51	100	20	61	44	29
54	59	27	51	99	13	70	44	27
54	59	48	51	97	9	67	44	33
54	59	47	51	99	17	68	44	25
54	81	55	77	100	12	77	40	22
54	81	51	77	80	33	31	40	40
54	81	53	77	95	12	79	40	34
54	81	56	77	100	16	74	40	19
54	81	58	77	83	9	76	40	35
54	81	84	77	95	14	40	40	40
54	81	45	77	100	10	81	40	29
54	81	27	77	99	14	70	40	27
54	81	48	77	97	1	93	40	33
54	81	47	77	99	3	87	40	25
54	55	51	100	80	65	19	22	40
54	55	53	100	95	59	24	22	34
54	55	56	100	100	22	59	22	19
54	55	58	100	83	59	25	22	35
54	55	84	100	95	69	9	22	40
54	55	45	100	100	63	22	22	29
54	55	27	100	99	65	24	22	27
54	55	48	100	97	68	22	22	33
54	55	47	100	99	61	27	22	25
54	51	53	80	95	13	68	40	34
54	51	56	80	100	22	63	40	19
54	51	58	80	83	72	17	40	35
54	51	84	80	95	31	51	40	40
54	51	45	80	100	25	68	40	29
54	51	27	80	99	10	71	40	27
54	51	48	80	97	7	69	40	33
54	51	47	80	99	18	68	40	25
54	53	56	95	100	26	64	34	19
54	53	58	95	83	61	26	34	35
54	53	84	95	95	64	19	34	40
54	53	45	95	100	12	67	34	29
54	53	27	95	99	11	61	34	27
54	53	48	95	97	49	13	34	33
54	53	47	95	99	23	56	34	25
54	56	58	100	83	67	20	19	35
54	56	84	100	95	73	13	19	40
54	56	45	100	100	64	17	19	29
54	56	27	100	99	59	26	19	27
54	56	48	100	97	54	12	19	33
54	56	47	100	99	49	35	19	25
54	58	84	83	95	25	30	35	40
54	58	45	83	100	26	66	35	29
54	58	27	83	99	28	61	35	27
54	58	48	83	97	18	63	35	33
54	58	47	83	99	20	75	35	25
54	84	45	95	100	10	73	40	29
54	84	27	95	99	11	64	40	27
54	84	48	95	97	23	61	40	33
54	84	47	95	99	14	72	40	25
54	45	27	100	99	34	16	29	27
54	45	48	100	97	70	22	29	33
54	45	47	100	99	18	71	29	25
54	27	48	99	97	58	25	27	33
54	27	47	99	99	17	64	27	25
54	48	47	97	99	18	66	33	25
55	56	45	97	84	68	11	33	43
55	56	27	97	98	52	26	33	31
55	56	47	97	100	19	66	33	17
55	56	57	97	56	69	16	33	47
55	56	59	97	98	53	34	33	35
55	56	48	97	87	65	15	33	43
55	56	54	97	100	33	47	33	27
55	56	58	97	100	23	66	33	18
55	56	51	97	98	61	23	33	37
55	56	40	97	100	33	57	33	15
55	56	53	97	91	60	25	33	39
55	45	27	84	98	6	73	43	31
55	45	47	84	100	19	71	43	17
55	45	57	84	56	17	29	43	47
55	45	59	84	98	32	27	43	35
55	45	48	84	87	34	31	43	43
55	45	54	84	100	18	65	43	27
55	45	58	84	100	18	69	43	18
55	45	51	84	98	16	60	43	37
55	45	40	84	100	15	66	43	15
55	45	53	84	91	12	41	43	39
55	27	47	98	100	22	62	31	17
55	27	57	98	56	67	10	31	47
55	27	59	98	98	62	12	31	35
55	27	48	98	87	62	17	31	43
55	27	54	98	100	28	61	31	27
55	27	58	98	100	37	61	31	18
55	27	51	98	98	60	22	31	37
55	27	40	98	100	26	61	31	15
55	27	53	98	91	77	12	31	39
55	47	57	100	56	76	20	17	47
55	47	59	100	98	65	30	17	35
55	47	48	100	87	58	21	17	43
55	47	54	100	100	56	30	17	27
55	47	58	100	100	75	19	17	18
55	47	51	100	98	60	29	17	37
55	47	40	100	100	26	52	17	15
55	47	53	100	91	62	28	17	39
55	57	59	56	98	14	62	47	35
55	57	48	56	87	45	11	47	43
55	57	54	56	100	19	75	47	27
55	57	58	56	100	7	64	47	18
55	57	51	56	98	16	65	47	37
55	57	40	56	100	14	71	47	15
55	57	53	56	91	20	39	47	39
55	59	48	98	87	75	6	35	43
55	59	54	98	100	28	54	35	27
55	59	58	98	100	25	62	35	18
55	59	51	98	98	10	51	35	37
55	59	40	98	100	23	66	35	15
55	59	53	98	91	34	42	35	39
55	48	54	87	100	8	85	43	27
55	48	58	87	100	12	69	43	18
55	48	51	87	98	11	75	43	37
55	48	40	87	100	15	70	43	15
55	48	53	87	91	14	59	43	39
55	54	58	100	100	20	67	27	18
55	54	51	100	98	75	21	27	37
55	54	40	100	100	22	72	27	15
55	54	53	100	91	57	33	27	39
55	58	51	100	98	58	29	18	37
55	58	40	100	100	23	67	18	15
55	58	53	100	91	65	21	18	39
55	51	40	98	100	23	65	37	15
55	51	53	98	91	62	27	37	39
55	40	53	100	91	56	26	15	39
56	47	51	98	100	20	62	26	22
56	47	30	98	96	61	13	26	43
56	47	55	98	100	62	22	26	36
56	47	54	98	100	17	64	26	23
56	47	81	98	84	61	11	26	35
56	47	58	98	100	45	33	26	33
56	47	40	98	100	25	63	26	20
56	47	53	98	100	62	20	26	30
56	47	68	98	85	79	4	26	39
56	47	57	98	100	54	31	26	35
56	47	59	98	92	65	19	26	40
56	47	45	98	58	83	12	26	44
56	47	27	98	98	24	48	26	22
56	51	30	100	96	54	21	22	43
56	51	55	100	100	64	27	22	36
56	51	54	100	100	28	59	22	23
56	51	81	100	84	56	23	22	35
56	51	58	100	100	53	29	22	33
56	51	40	100	100	40	43	22	20
56	51	53	100	100	70	27	22	30
56	51	68	100	85	69	23	22	39
56	51	57	100	100	63	29	22	35
56	51	59	100	92	58	6	22	40
56	51	45	100	58	92	3	22	44
56	51	27	100	98	51	12	22	22
56	30	55	96	100	12	33	43	36
56	30	54	96	100	13	62	43	23
56	30	81	96	84	29	62	43	35
56	30	58	96	100	15	72	43	33
56	30	40	96	100	11	73	43	20
56	30	53	96	100	23	63	43	30
56	30	68	96	85	14	70	43	39
56	30	57	96	100	12	81	43	35
56	30	59	96	92	11	54	43	40
56	30	45	96	58	96	0	43	44
56	30	27	96	98	12	65	43	22
56	55	54	100	100	39	50	36	23
56	55	81	100	84	56	21	36	35
56	55	58	100	100	31	42	36	33
56	55	40	100	100	28	62	36	20
56	55	53	100	100	40	43	36	30
56	55	68	100	85	39	20	36	39
56	55	57	100	100	17	78	36	35
56	55	59	100	92	44	32	36	40
56	55	45	100	58	93	1	36	44
56	55	27	100	98	28	63	36	22
56	54	81	100	84	67	23	23	35
56	54	58	100	100	73	22	23	33
56	54	40	100	100	33	46	23	20
56	54	53	100	100	62	23	23	30
56	54	68	100	85	74	11	23	39
56	54	57	100	100	62	22	23	35
56	54	59	100	92	51	29	23	40
56	54	45	100	58	94	3	23	44
56	54	27	100	98	52	35	23	22
56	81	58	84	100	12	75	35	33
56	81	40	84	100	24	68	35	20
56	81	53	84	100	14	80	35	30
56	81	68	84	85	54	12	35	39
56	81	57	84	100	19	67	35	35
56	81	59	84	92	35	39	35	40
56	81	45	84	58	74	0	35	44
56	81	27	84	98	6	70	35	22
56	58	40	100	100	25	52	33	20
56	58	53	100	100	17	68	33	30
56	58	68	100	85	73	9	33	39
56	58	57	100	100	21	61	33	35
56	58	59	100	92	53	33	33	40
56	58	45	100	58	100	0	33	44
56	58	27	100	98	33	57	33	22
56	40	53	100	100	61	23	20	30
56	40	68	100	85	49	32	20	39
56	40	57	100	100	74	20	20	35
56	40	59	100	92	64	25	20	40
56	40	45	100	58	100	0	20	44
56	40	27	100	98	71	20	20	22
56	53	68	100	85	64	26	30	39
56	53	57	100	100	55	33	30	35
56	53	59	100	92	68	8	30	40
56	53	45	100	58	99	1	30	44
56	53	27	100	98	19	75	30	22
56	68	57	85	100	22	60	39	35
56	68	59	85	92	11	31	39	40
56	68	45	85	58	89	0	39	44
56	68	27	85	98	8	76	39	22
56	57	59	100	92	71	12	35	40
56	57	45	100	58	100	0	35	44
56	57	27	100	98	9	63	35	22
56	59	45	92	58	94	0	40	44
56	59	27	92	98	14	70	40	22
56	45	27	58	98	0	99	44	22
57	47	84	74	86	35	11	40	35
57	47	55	74	66	54	19	40	43
57	47	56	74	100	24	47	40	31
57	47	68	74	63	61	11	40	41
57	47	81	74	65	34	23	40	37
57	47	54	74	85	54	14	40	39
57	47	51	74	87	44	26	40	33
57	47	53	74	89	21	65	40	31
57	84	55	86	66	71	10	35	43
57	84	56	86	100	5	62	35	31
57	84	68	86	63	60	5	35	41
57	84	81	86	65	64	9	35	37
57	84	54	86	85	53	17	35	39
57	84	51	86	87	23	24	35	33
57	84	53	86	89	28	48	35	31
57	55	56	66	100	15	64	43	31
57	55	68	66	63	48	10	43	41
57	55	81	66	65	27	21	43	37
57	55	54	66	85	21	20	43	39
57	55	51	66	87	21	44	43	33
57	55	53	66	89	21	78	43	31
57	56	68	100	63	59	12	31	41
57	56	81	100	65	56	15	31	37
57	56	54	100	85	72	16	31	39
57	56	51	100	87	52	22	31	33
57	56	53	100	89	21	39	31	31
57	68	81	63	65	11	32	41	37
57	68	54	63	85	8	24	41	39
57	68	51	63	87	17	43	41	33
57	68	53	63	89	20	57	41	31
57	81	54	65	85	26	28	37	39
57	81	51	65	87	21	25	37	33
57	81	53	65	89	17	61	37	31
57	54	51	85	87	20	41	39	33
57	54	53	85	89	26	52	39	31
57	51	53	87	89	11	64	33	31
58	54	59	90	100	20	69	39	25
58	54	53	90	7	82	0	39	44
58	54	56	90	99	24	45	39	36
58	54	47	90	100	18	69	39	20
58	54	48	90	73	48	36	39	45
58	54	27	90	7	51	23	39	43
58	54	40	90	96	23	65	39	33
58	54	55	90	100	23	62	39	21
58	54	51	90	89	54	33	39	42
58	59	53	100	7	98	0	25	44
58	59	56	100	99	69	20	25	36
58	59	47	100	100	29	57	25	20
58	59	48	100	73	68	13	25	45
58	59	27	100	7	62	11	25	43
58	59	40	100	96	54	25	25	33
58	59	55	100	100	29	60	25	21
58	59	51	100	89	71	9	25	42
58	53	56	7	99	0	97	44	36
58	53	47	7	100	0	92	44	20
58	53	48	7	73	2	95	44	45
58	53	27	7	7	5	73	44	43
58	53	40	7	96	11	76	44	33
58	53	55	7	100	6	73	44	21
58	53	51	7	89	10	57	44	42
58	56	47	99	100	31	49	36	20
58	56	48	99	73	77	7	36	45
58	56	27	99	7	58	28	36	43
58	56	40	99	96	40	42	36	33
58	56	55	99	100	20	69	36	21
58	56	51	99	89	60	32	36	42
58	47	48	100	73	86	4	20	45
58	47	27	100	7	65	18	20	43
58	47	40	100	96	62	24	20	33
58	47	55	100	100	69	18	20	21
58	47	51	100	89	67	21	20	42
58	48	27	73	7	5	56	45	43
58	48	40	73	96	3	85	45	33
58	48	55	73	100	6	87	45	21
58	48	51	73	89	10	55	45	42
58	27	40	7	96	32	65	43	33
58	27	55	7	100	24	67	43	21
58	27	51	7	89	21	22	43	42
58	40	55	96	100	31	61	33	21
58	40	51	96	89	62	29	33	42
58	55	51	100	89	65	30	21	42
59	54	47	99	99	25	62	44	36
59	54	58	99	100	17	66	44	25
59	54	56	99	99	20	75	44	39
59	54	40	99	42	22	33	44	45
59	54	55	99	29	48	21	44	45
59	54	45	99	78	38	23	44	44
59	47	58	99	100	22	70	36	25
59	47	56	99	99	59	30	36	39
59	47	40	99	42	71	25	36	45
59	47	55	99	29	61	25	36	45
59	47	45	99	78	67	17	36	44
59	58	56	100	99	71	23	25	39
59	58	40	100	42	53	37	25	45
59	58	55	100	29	68	20	25	45
59	58	45	100	78	62	11	25	44
59	56	40	99	42	52	24	39	45
59	56	55	99	29	56	14	39	45
59	56	45	99	78	56	11	39	44
59	40	55	42	29	62	32	45	45
59	40	45	42	78	56	28	45	44
59	55	45	29	78	53	24	45	44
60	37	48	65	93	14	60	35	32
60	37	45	65	71	37	20	35	38
60	37	38	65	20	26	0	35	44
60	37	47	65	57	46	21	35	44
60	37	66	65	42	16	18	35	35
60	37	35	65	55	32	19	35	39
60	37	31	65	32	49	6	35	45
60	37	36	65	5	78	0	35	46
60	37	33	65	71	18	12	35	40
60	48	45	93	71	56	19	32	38
60	48	38	93	20	91	0	32	44
60	48	47	93	57	76	10	32	44
60	48	66	93	42	56	9	32	35
60	48	35	93	55	65	4	32	39
60	48	31	93	32	71	7	32	45
60	48	36	93	5	90	1	32	46
60	48	33	93	71	76	3	32	40
60	45	38	71	20	38	1	38	44
60	45	47	71	57	29	2	38	44
60	45	66	71	42	3	44	38	35
60	45	35	71	55	0	26	38	39
60	45	31	71	32	3	21	38	45
60	45	36	71	5	0	0	38	46
60	45	33	71	71	3	21	38	40
60	38	47	20	57	3	20	44	44
60	38	66	20	42	1	50	44	35
60	38	35	20	55	0	24	44	39
60	38	31	20	32	0	29	44	45
60	38	36	20	5	2	3	44	46
60	38	33	20	71	3	33	44	40
60	47	66	57	42	0	50	44	35
60	47	35	57	55	0	38	44	39
60	47	31	57	32	0	21	44	45
60	47	36	57	5	0	5	44	46
60	47	33	57	71	9	23	44	40
60	66	35	42	55	31	6	35	39
60	66	31	42	32	44	3	35	45
60	66	36	42	5	41	0	35	46
60	66	33	42	71	48	4	35	40
60	35	31	55	32	26	7	39	45
60	35	36	55	5	13	0	39	46
60	35	33	55	71	27	9	39	40
60	31	36	32	5	25	0	45	46
60	31	33	32	71	21	8	45	40
60	36	33	5	71	1	23	46	40
63	77	69	94	100	25	61	43	39
63	77	64	94	100	11	63	43	29
63	77	72	94	29	63	14	43	46
63	77	68	94	87	31	29	43	39
63	77	8	94	56	89	2	43	44
63	77	76	94	0	98	0	43	65535
63	77	70	94	5	80	3	43	48
63	69	64	100	100	11	71	39	29
63	69	72	100	29	72	14	39	46
63	69	68	100	87	65	19	39	39
63	69	8	100	56	99	0	39	44
63	69	76	100	0	76	14	39	65535
63	69	70	100	5	96	1	39	48
63	64	72	100	29	71	11	29	46
63	64	68	100	87	64	6	29	39
63	64	8	100	56	99	0	29	44
63	64	76	100	0	95	3	29	65535
63	64	70	100	5	100	1	29	48
63	72	68	29	87	30	53	46	39
63	72	8	29	56	30	33	46	44
63	72	76	29	0	43	5	46	65535
63	72	70	29	5	52	0	46	48
63	68	8	87	56	3	39	39	44
63	68	76	87	0	15	42	39	65535
63	68	70	87	5	12	12	39	48
63	8	76	56	0	59	5	44	65535
63	8	70	56	5	94	3	44	48
63	76	70	0	5	54	7	65535	48
64	8	14	87	16	88	10	42	47
64	8	80	87	81	60	16	42	43
64	8	63	87	100	12	63	42	33
64	8	9	87	1	96	0	42	46
64	8	1	87	70	26	54	42	39
64	14	80	16	81	0	78	47	43
64	14	63	16	100	0	99	47	33
64	14	9	16	1	0	0	47	46
64	14	1	16	70	0	87	47	39
64	80	63	81	100	11	67	43	33
64	80	9	81	1	75	1	43	46
64	80	1	81	70	12	35	43	39
64	63	9	100	1	97	1	33	46
64	63	1	100	70	77	11	33	39
64	9	1	1	70	0	94	46	39
65	73	85	100	96	67	26	21	42
66	14	117	92	5	77	3	37	48
66	14	1	92	81	48	22	37	43
66	14	5	92	0	86	0	37	65535
66	14	67	92	12	68	2	37	47
66	14	18	92	86	46	27	37	36
66	14	11	92	24	60	12	37	48
66	14	60	92	49	21	8	37	39
66	14	16	92	74	51	17	37	41
66	117	1	5	81	3	46	48	43
66	117	5	5	0	11	0	48	65535
66	117	67	5	12	13	2	48	47
66	117	18	5	86	0	72	48	36
66	117	11	5	24	8	20	48	48
66	117	60	5	49	2	79	48	39
66	117	16	5	74	3	70	48	41
66	1	5	81	0	69	0	43	65535
66	1	67	81	12	47	3	43	47
66	1	18	81	86	13	45	43	36
66	1	11	81	24	40	7	43	48
66	1	60	81	49	16	56	43	39
66	1	16	81	74	11	52	43	41
66	5	67	0	12	0	33	65535	47
66	5	18	0	86	0	81	65535	36
66	5	11	0	24	0	36	65535	48
66	5	60	0	49	0	62	65535	39
66	5	16	0	74	0	75	65535	41
66	67	18	12	86	3	71	47	36
66	67	11	12	24	7	10	47	48
66	67	60	12	49	12	33	47	39
66	67	16	12	74	6	56	47	41
66	18	11	86	24	57	16	36	48
66	18	60	86	49	29	7	36	39
66	18	16	86	74	60	27	36	41
66	11	60	24	49	10	45	48	39
66	11	16	24	74	15	51	48	41
66	60	16	49	74	37	22	39	41
67	8	70	79	93	7	76	43	44
67	8	10	79	100	21	67	43	34
67	8	9	79	100	24	65	43	23
67	8	66	79	20	28	12	43	45
67	8	4	79	98	19	50	43	39
67	8	72	79	99	16	75	43	38
67	70	10	93	100	13	64	44	34
67	70	9	93	100	13	69	44	23
67	70	66	93	20	95	5	44	45
67	70	4	93	98	33	7	44	39
67	70	72	93	99	22	61	44	38
67	10	9	100	100	26	57	34	23
67	10	66	100	20	84	4	34	45
67	10	4	100	98	62	23	34	39
67	10	72	100	99	16	15	34	38
67	9	66	100	20	88	1	23	45
67	9	4	100	98	63	20	23	39
67	9	72	100	99	69	15	23	38
67	66	4	20	98	3	79	45	39
67	66	72	20	99	3	90	45	38
67	4	72	98	99	11	65	39	38
68	77	72	99	77	71	24	20	41
68	77	76	99	100	53	30	20	25
68	77	53	99	37	85	14	20	41
68	77	69	99	100	57	28	20	27
68	77	40	99	23	86	4	20	47
68	77	56	99	93	76	2	20	37
68	77	75	99	100	56	27	20	23
68	77	78	99	85	67	21	20	19
68	77	63	99	82	54	25	20	44
68	77	79	99	55	70	19	20	44
68	77	54	99	0	95	0	20	65535
68	77	81	99	73	70	26	20	32
68	77	51	99	100	62	24	20	31
68	77	57	99	58	77	12	20	45
68	72	76	77	100	13	65	41	25
68	72	53	77	37	52	15	41	41
68	72	69	77	100	25	55	41	27
68	72	40	77	23	70	15	41	47
68	72	56	77	93	74	8	41	37
68	72	75	77	100	19	62	41	23
68	72	78	77	85	30	58	41	19
68	72	63	77	82	65	8	41	44
68	72	79	77	55	63	8	41	44
68	72	54	77	0	100	0	41	65535
68	72	81	77	73	62	18	41	32
68	72	51	77	100	13	61	41	31
68	72	57	77	58	73	2	41	45
68	76	53	100	37	78	5	25	41
68	76	69	100	100	60	29	25	27
68	76	40	100	23	74	5	25	47
68	76	56	100	93	74	7	25	37
68	76	75	100	100	21	44	25	23
68	76	78	100	85	29	48	25	19
68	76	63	100	82	64	13	25	44
68	76	79	100	55	52	18	25	44
68	76	54	100	0	100	0	25	65535
68	76	81	100	73	73	14	25	32
68	76	51	100	100	65	14	25	31
68	76	57	100	58	81	4	25	45
68	53	69	37	100	10	71	41	27
68	53	40	37	23	44	11	41	47
68	53	56	37	93	36	21	41	37
68	53	75	37	100	4	66	41	23
68	53	78	37	85	21	73	41	19
68	53	63	37	82	67	7	41	44
68	53	79	37	55	42	11	41	44
68	53	54	37	0	93	0	41	65535
68	53	81	37	73	17	48	41	32
68	53	51	37	100	25	65	41	31
68	53	57	37	58	43	19	41	45
68	69	40	100	23	95	1	27	47
68	69	56	100	93	71	4	27	37
68	69	75	100	100	26	48	27	23
68	69	78	100	85	57	24	27	19
68	69	63	100	82	62	21	27	44
68	69	79	100	55	73	11	27	44
68	69	54	100	0	100	0	27	65535
68	69	81	100	73	62	17	27	32
68	69	51	100	100	49	9	27	31
68	69	57	100	58	96	1	27	45
68	40	56	23	93	15	41	47	37
68	40	75	23	100	6	89	47	23
68	40	78	23	85	7	75	47	19
68	40	63	23	82	0	95	47	44
68	40	79	23	55	0	53	47	44
68	40	54	23	0	0	0	47	65535
68	40	81	23	73	0	60	47	32
68	40	51	23	100	0	62	47	31
68	40	57	23	58	7	19	47	45
68	56	75	93	100	4	79	37	23
68	56	78	93	85	8	72	37	19
68	56	63	93	82	1	50	37	44
68	56	79	93	55	13	27	37	44
68	56	54	93	0	55	0	37	65535
68	56	81	93	73	22	37	37	32
68	56	51	93	100	7	77	37	31
68	56	57	93	58	0	33	37	45
68	75	78	100	85	23	29	23	19
68	75	63	100	82	73	11	23	44
68	75	79	100	55	64	15	23	44
68	75	54	100	0	98	0	23	65535
68	75	81	100	73	73	18	23	32
68	75	51	100	100	68	23	23	31
68	75	57	100	58	79	6	23	45
68	78	63	85	82	59	22	19	44
68	78	79	85	55	56	20	19	44
68	78	54	85	0	84	0	19	65535
68	78	81	85	73	64	26	19	32
68	78	51	85	100	61	24	19	31
68	78	57	85	58	80	2	19	45
68	63	79	82	55	19	18	44	44
68	63	54	82	0	72	0	44	65535
68	63	81	82	73	28	40	44	32
68	63	51	82	100	5	68	44	31
68	63	57	82	58	1	54	44	45
68	79	54	55	0	21	0	44	65535
68	79	81	55	73	21	45	44	32
68	79	51	55	100	2	76	44	31
68	79	57	55	58	14	15	44	45
68	54	81	0	73	0	67	65535	32
68	54	51	0	100	0	100	65535	31
68	54	57	0	58	0	21	65535	45
68	81	51	73	100	18	50	32	31
68	81	57	73	58	59	10	32	45
68	51	57	100	58	79	14	31	45
69	132	75	92	99	13	67	40	24
69	132	123	92	97	31	30	40	41
69	132	76	92	100	23	57	40	19
69	132	81	92	87	44	11	40	37
69	132	77	92	100	14	64	40	36
69	132	63	92	100	15	39	40	38
69	132	78	92	90	25	64	40	24
69	132	79	92	95	71	15	40	42
69	132	70	92	22	95	1	40	47
69	132	136	92	0	99	0	40	65535
69	132	68	92	99	17	69	40	24
69	75	123	99	97	67	9	24	41
69	75	76	99	100	22	62	24	19
69	75	81	99	87	68	19	24	37
69	75	77	99	100	67	26	24	36
69	75	63	99	100	64	17	24	38
69	75	78	99	90	67	16	24	24
69	75	79	99	95	99	1	24	42
69	75	70	99	22	92	6	24	47
69	75	136	99	0	100	1	24	65535
69	75	68	99	99	28	53	24	24
69	123	76	97	100	26	59	41	19
69	123	81	97	87	31	43	41	37
69	123	77	97	100	11	57	41	36
69	123	63	97	100	11	67	41	38
69	123	78	97	90	25	47	41	24
69	123	79	97	95	98	0	41	42
69	123	70	97	22	88	4	41	47
69	123	136	97	0	86	1	41	65535
69	123	68	97	99	14	61	41	24
69	76	81	100	87	71	23	19	37
69	76	77	100	100	67	29	19	36
69	76	63	100	100	64	19	19	38
69	76	78	100	90	77	11	19	24
69	76	79	100	95	98	1	19	42
69	76	70	100	22	83	10	19	47
69	76	136	100	0	94	1	19	65535
69	76	68	100	99	56	29	19	24
69	81	77	87	100	40	46	37	36
69	81	63	87	100	38	29	37	38
69	81	78	87	90	25	61	37	24
69	81	79	87	95	49	28	37	42
69	81	70	87	22	82	5	37	47
69	81	136	87	0	89	0	37	65535
69	81	68	87	99	16	58	37	24
69	77	63	100	100	24	26	36	38
69	77	78	100	90	39	45	36	24
69	77	79	100	95	74	28	36	42
69	77	70	100	22	84	7	36	47
69	77	136	100	0	100	0	36	65535
69	77	68	100	99	35	59	36	24
69	63	78	100	90	33	50	38	24
69	63	79	100	95	64	7	38	42
69	63	70	100	22	86	3	38	47
69	63	136	100	0	96	1	38	65535
69	63	68	100	99	28	59	38	24
69	78	79	90	95	71	10	24	42
69	78	70	90	22	58	21	24	47
69	78	136	90	0	81	3	24	65535
69	78	68	90	99	22	37	24	24
69	79	70	95	22	0	45	42	47
69	79	136	95	0	2	29	42	65535
69	79	68	95	99	16	65	42	24
69	70	136	22	0	0	31	47	65535
69	70	68	22	99	2	92	47	24
69	136	68	0	99	4	90	65535	24
70	85	67	100	85	63	12	27	42
70	85	78	100	89	67	9	27	28
70	85	69	100	42	69	4	27	47
70	85	72	100	100	24	57	27	25
70	85	71	100	100	68	9	27	39
70	85	77	100	40	76	1	27	46
70	67	78	85	89	19	58	42	28
70	67	69	85	42	37	8	42	47
70	67	72	85	100	20	65	42	25
70	67	71	85	100	9	46	42	39
70	67	77	85	40	45	4	42	46
70	78	69	89	42	66	11	28	47
70	78	72	89	100	18	73	28	25
70	78	71	89	100	60	32	28	39
70	78	77	89	40	54	17	28	46
70	69	72	42	100	11	74	47	25
70	69	71	42	100	5	74	47	39
70	69	77	42	40	8	16	47	46
70	72	71	100	100	61	34	25	39
70	72	77	100	40	75	9	25	46
70	71	77	100	40	78	8	39	46
71	74	78	97	71	78	12	26	42
71	74	72	97	98	67	11	26	33
71	74	70	97	98	69	18	26	41
71	78	72	71	98	21	62	42	33
71	78	70	71	98	18	73	42	41
71	72	70	98	98	54	25	33	41
72	81	68	67	99	12	77	41	34
72	81	76	67	99	18	63	41	39
72	81	70	67	100	5	76	41	26
72	81	85	67	50	9	34	41	46
72	81	77	67	81	6	60	41	45
72	81	71	67	100	5	85	41	33
72	81	67	67	99	1	83	41	36
72	68	76	99	99	39	23	34	39
72	68	70	99	100	17	66	34	26
72	68	85	99	50	80	6	34	46
72	68	77	99	81	60	21	34	45
72	68	71	99	100	11	63	34	33
72	68	67	99	99	37	12	34	36
72	76	70	99	100	15	65	39	26
72	76	85	99	50	84	7	39	46
72	76	77	99	81	61	21	39	45
72	76	71	99	100	16	71	39	33
72	76	67	99	99	20	10	39	36
72	70	85	100	50	62	20	26	46
72	70	77	100	81	69	20	26	45
72	70	71	100	100	67	21	26	33
72	70	67	100	99	60	28	26	36
72	85	77	50	81	21	19	46	45
72	85	71	50	100	4	91	46	33
72	85	67	50	99	2	76	46	36
72	77	71	81	100	12	75	45	33
72	77	67	81	99	6	76	45	36
72	71	67	100	99	69	8	33	36
73	133	85	29	100	1	91	46	19
73	133	82	29	97	0	83	46	34
73	133	119	29	73	6	57	46	37
73	133	65	29	99	2	84	46	20
73	85	82	100	97	61	27	19	34
73	85	119	100	73	74	5	19	37
73	85	65	100	99	46	36	19	20
73	82	119	97	73	75	4	34	37
73	82	65	97	99	32	52	34	20
73	119	65	73	99	7	74	37	20
74	71	0	96	0	0	0	25	65535
75	79	81	97	86	56	27	17	29
75	79	76	97	100	70	23	17	32
75	79	69	97	100	58	26	17	24
75	79	51	97	0	98	0	17	65535
75	79	68	97	100	59	24	17	20
75	79	77	97	100	66	23	17	25
75	79	78	97	82	65	20	17	31
75	81	76	86	100	22	38	29	32
75	81	69	86	100	18	63	29	24
75	81	51	86	0	66	8	29	65535
75	81	68	86	100	25	60	29	20
75	81	77	86	100	30	63	29	25
75	81	78	86	82	62	25	29	31
75	76	69	100	100	31	58	32	24
75	76	51	100	0	93	1	32	65535
75	76	68	100	100	22	66	32	20
75	76	77	100	100	19	75	32	25
75	76	78	100	82	66	24	32	31
75	69	51	100	0	88	1	24	65535
75	69	68	100	100	32	44	24	20
75	69	77	100	100	32	28	24	25
75	69	78	100	82	63	22	24	31
75	51	68	0	100	10	75	65535	20
75	51	77	0	100	8	74	65535	25
75	51	78	0	82	7	77	65535	31
75	68	77	100	100	59	24	20	25
75	68	78	100	82	60	29	20	31
75	77	78	100	82	64	19	25	31
76	72	68	96	100	25	66	37	22
76	72	63	96	55	63	7	37	46
76	72	79	96	100	11	11	37	37
76	72	81	96	92	38	24	37	34
76	72	80	96	94	26	36	37	34
76	72	78	96	60	62	21	37	21
76	72	69	96	100	21	61	37	19
76	72	77	96	100	19	52	37	36
76	72	132	96	88	43	14	37	45
76	72	123	96	90	62	10	37	44
76	72	75	96	99	16	67	37	31
76	68	63	100	55	63	10	22	46
76	68	79	100	100	79	19	22	37
76	68	81	100	92	70	22	22	34
76	68	80	100	94	77	15	22	34
76	68	78	100	60	73	18	22	21
76	68	69	100	100	31	59	22	19
76	68	77	100	100	59	30	22	36
76	68	132	100	88	64	5	22	45
76	68	123	100	90	68	8	22	44
76	68	75	100	99	63	18	22	31
76	63	79	55	100	7	79	46	37
76	63	81	55	92	7	61	46	34
76	63	80	55	94	4	74	46	34
76	63	78	55	60	17	45	46	21
76	63	69	55	100	14	82	46	19
76	63	77	55	100	19	62	46	36
76	63	132	55	88	1	54	46	45
76	63	123	55	90	11	14	46	44
76	63	75	55	99	2	73	46	31
76	79	81	100	92	46	37	37	34
76	79	80	100	94	16	63	37	34
76	79	78	100	60	32	52	37	21
76	79	69	100	100	22	70	37	19
76	79	77	100	100	29	50	37	36
76	79	132	100	88	47	13	37	45
76	79	123	100	90	37	10	37	44
76	79	75	100	99	21	63	37	31
76	81	80	92	94	57	14	34	34
76	81	78	92	60	35	57	34	21
76	81	69	92	100	21	63	34	19
76	81	77	92	100	16	68	34	36
76	81	132	92	88	65	13	34	45
76	81	123	92	90	56	21	34	44
76	81	75	92	99	19	69	34	31
76	80	78	94	60	10	85	34	21
76	80	69	94	100	7	62	34	19
76	80	77	94	100	25	46	34	36
76	80	132	94	88	57	25	34	45
76	80	123	94	90	62	19	34	44
76	80	75	94	99	12	76	34	31
76	78	69	60	100	25	59	21	19
76	78	77	60	100	56	25	21	36
76	78	132	60	88	61	25	21	45
76	78	123	60	90	61	29	21	44
76	78	75	60	99	45	38	21	31
76	69	77	100	100	64	28	19	36
76	69	132	100	88	61	30	19	45
76	69	123	100	90	52	36	19	44
76	69	75	100	99	66	23	19	31
76	77	132	100	88	63	8	36	45
76	77	123	100	90	65	12	36	44
76	77	75	100	99	37	55	36	31
76	132	123	88	90	22	22	45	44
76	132	75	88	99	11	69	45	31
76	123	75	90	99	11	69	44	31
77	51	75	96	100	27	54	41	23
77	51	53	96	100	20	67	41	35
77	51	72	96	16	98	0	41	46
77	51	79	96	32	100	0	41	44
77	51	78	96	79	18	59	41	21
77	51	56	96	23	100	0	41	45
77	51	68	96	100	28	60	41	13
77	51	63	96	92	55	8	41	45
77	51	69	96	99	16	76	41	31
77	51	76	96	100	16	69	41	34
77	51	40	96	1	97	0	41	48
77	51	81	96	87	26	44	41	40
77	75	53	100	100	65	14	23	35
77	75	72	100	16	75	6	23	46
77	75	79	100	32	100	0	23	44
77	75	78	100	79	72	21	23	21
77	75	56	100	23	100	0	23	45
77	75	68	100	100	33	63	23	13
77	75	63	100	92	74	13	23	45
77	75	69	100	99	64	25	23	31
77	75	76	100	100	50	34	23	34
77	75	40	100	1	98	0	23	48
77	75	81	100	87	66	17	23	40
77	53	72	100	16	65	9	35	46
77	53	79	100	32	94	3	35	44
77	53	78	100	79	23	46	35	21
77	53	56	100	23	100	0	35	45
77	53	68	100	100	24	64	35	13
77	53	63	100	92	73	11	35	45
77	53	69	100	99	17	61	35	31
77	53	76	100	100	15	55	35	34
77	53	40	100	1	99	0	35	48
77	53	81	100	87	66	13	35	40
77	72	79	16	32	75	5	46	44
77	72	78	16	79	29	61	46	21
77	72	56	16	23	62	0	46	45
77	72	68	16	100	25	57	46	13
77	72	63	16	92	11	21	46	45
77	72	69	16	99	12	68	46	31
77	72	76	16	100	20	63	46	34
77	72	40	16	1	86	0	46	48
77	72	81	16	87	27	30	46	40
77	79	78	32	79	0	88	44	21
77	79	56	32	23	0	8	44	45
77	79	68	32	100	0	100	44	13
77	79	63	32	92	0	90	44	45
77	79	69	32	99	0	100	44	31
77	79	76	32	100	0	99	44	34
77	79	40	32	1	0	0	44	48
77	79	81	32	87	0	66	44	40
77	78	56	79	23	74	10	21	45
77	78	68	79	100	26	62	21	13
77	78	63	79	92	53	33	21	45
77	78	69	79	99	65	24	21	31
77	78	76	79	100	57	32	21	34
77	78	40	79	1	89	0	21	48
77	78	81	79	87	57	31	21	40
77	56	68	23	100	0	100	45	13
77	56	63	23	92	0	97	45	45
77	56	69	23	99	0	99	45	31
77	56	76	23	100	0	100	45	34
77	56	40	23	1	0	0	45	48
77	56	81	23	87	1	78	45	40
77	68	63	100	92	69	23	13	45
77	68	69	100	99	64	25	13	31
77	68	76	100	100	75	22	13	34
77	68	40	100	1	99	0	13	48
77	68	81	100	87	70	18	13	40
77	63	69	92	99	24	62	45	31
77	63	76	92	100	33	50	45	34
77	63	40	92	1	89	4	45	48
77	63	81	92	87	22	46	45	40
77	69	76	99	100	39	50	31	34
77	69	40	99	1	97	0	31	48
77	69	81	99	87	68	15	31	40
77	76	40	100	1	97	0	34	48
77	76	81	100	87	81	9	34	40
77	40	81	1	87	2	51	48	40
78	79	76	87	88	24	47	36	26
78	79	69	87	82	21	57	36	27
78	79	70	87	80	6	52	36	33
78	79	75	87	89	17	28	36	34
78	79	68	87	74	19	49	36	20
78	79	71	87	76	54	12	36	44
78	79	63	87	88	9	53	36	34
78	79	77	87	81	23	65	36	29
78	79	72	87	76	12	55	36	24
78	79	81	87	12	55	25	36	43
78	76	69	88	82	34	31	26	27
78	76	70	88	80	49	14	26	33
78	76	75	88	89	55	28	26	34
78	76	68	88	74	19	61	26	20
78	76	71	88	76	54	11	26	44
78	76	63	88	88	49	23	26	34
78	76	77	88	81	52	22	26	29
78	76	72	88	76	29	39	26	24
78	76	81	88	12	53	17	26	43
78	69	70	82	80	50	23	27	33
78	69	75	82	89	60	22	27	34
78	69	68	82	74	21	58	27	20
78	69	71	82	76	71	8	27	44
78	69	63	82	88	49	21	27	34
78	69	77	82	81	60	23	27	29
78	69	72	82	76	43	25	27	24
78	69	81	82	12	54	13	27	43
78	70	75	80	89	61	8	33	34
78	70	68	80	74	10	66	33	20
78	70	71	80	76	58	17	33	44
78	70	63	80	88	53	12	33	34
78	70	77	80	81	66	11	33	29
78	70	72	80	76	26	47	33	24
78	70	81	80	12	55	16	33	43
78	75	68	89	74	22	51	34	20
78	75	71	89	76	0	77	34	44
78	75	63	89	88	0	89	34	34
78	75	77	89	81	4	76	34	29
78	75	72	89	76	4	75	34	24
78	75	81	89	12	4	60	34	43
78	68	71	74	76	64	8	20	44
78	68	63	74	88	61	18	20	34
78	68	77	74	81	50	20	20	29
78	68	72	74	76	46	21	20	24
78	68	81	74	12	66	8	20	43
78	71	63	76	88	9	64	44	34
78	71	77	76	81	6	62	44	29
78	71	72	76	76	16	62	44	24
78	71	81	76	12	45	17	44	43
78	63	77	88	81	23	51	34	29
78	63	72	88	76	12	51	34	24
78	63	81	88	12	74	7	34	43
78	77	72	81	76	15	52	29	24
78	77	81	81	12	74	5	29	43
78	72	81	76	12	84	1	24	43
79	78	81	83	86	37	28	37	39
79	78	138	83	93	21	65	37	34
79	78	139	83	0	89	0	37	65535
79	78	77	83	100	19	34	37	43
79	78	76	83	100	19	29	37	40
79	78	75	83	100	20	66	37	19
79	78	68	83	99	55	25	37	39
79	81	138	86	93	13	55	39	34
79	81	139	86	0	86	0	39	65535
79	81	77	86	100	17	37	39	43
79	81	76	86	100	25	37	39	40
79	81	75	86	100	17	66	39	19
79	81	68	86	99	24	40	39	39
79	138	139	93	0	92	0	34	65535
79	138	77	93	100	63	20	34	43
79	138	76	93	100	57	20	34	40
79	138	75	93	100	6	71	34	19
79	138	68	93	99	53	19	34	39
79	139	77	0	100	0	99	65535	43
79	139	76	0	100	0	100	65535	40
79	139	75	0	100	0	100	65535	19
79	139	68	0	99	0	97	65535	39
79	77	76	100	100	29	35	43	40
79	77	75	100	100	35	59	43	19
79	77	68	100	99	26	30	43	39
79	76	75	100	100	24	70	40	19
79	76	68	100	99	28	47	40	39
79	75	68	100	99	55	29	19	39
80	132	76	80	94	23	57	45	37
80	132	2	80	92	17	66	45	36
80	132	64	80	83	8	18	45	42
80	132	81	80	0	85	0	45	65535
80	132	118	80	89	18	60	45	39
80	76	2	94	92	17	30	37	36
80	76	64	94	83	64	9	37	42
80	76	81	94	0	90	0	37	65535
80	76	118	94	89	56	10	37	39
80	2	64	92	83	51	12	36	42
80	2	81	92	0	94	0	36	65535
80	2	118	92	89	57	10	36	39
80	64	81	83	0	87	0	42	65535
80	64	118	83	89	12	55	42	39
80	81	118	0	89	0	85	65535	39
81	40	77	86	87	44	17	40	40
81	40	76	86	88	8	52	40	38
81	40	72	86	74	58	7	40	43
81	40	78	86	77	22	39	40	32
81	40	53	86	42	80	0	40	38
81	40	68	86	83	40	25	40	34
81	40	57	86	66	49	18	40	44
81	40	51	86	83	26	52	40	35
81	40	56	86	88	31	46	40	38
81	40	83	86	83	21	32	40	39
81	40	79	86	75	38	13	40	39
81	40	75	86	90	10	57	40	28
81	40	84	86	9	85	0	40	44
81	40	54	86	55	59	24	40	45
81	77	76	87	88	25	49	40	38
81	77	72	87	74	54	19	40	43
81	77	78	87	77	27	52	40	32
81	77	53	87	42	85	0	40	38
81	77	68	87	83	25	29	40	34
81	77	57	87	66	55	26	40	44
81	77	51	87	83	24	54	40	35
81	77	56	87	88	25	28	40	38
81	77	83	87	83	17	49	40	39
81	77	79	87	75	35	31	40	39
81	77	75	87	90	23	60	40	28
81	77	84	87	9	85	0	40	44
81	77	54	87	55	50	20	40	45
81	76	72	88	74	58	18	38	43
81	76	78	88	77	28	22	38	32
81	76	53	88	42	81	3	38	38
81	76	68	88	83	22	40	38	34
81	76	57	88	66	39	4	38	44
81	76	51	88	83	18	48	38	35
81	76	56	88	88	11	21	38	38
81	76	83	88	83	22	15	38	39
81	76	79	88	75	36	26	38	39
81	76	75	88	90	18	53	38	28
81	76	84	88	9	87	0	38	44
81	76	54	88	55	59	9	38	45
81	72	78	74	77	11	56	43	32
81	72	53	74	42	48	5	43	38
81	72	68	74	83	20	58	43	34
81	72	57	74	66	10	56	43	44
81	72	51	74	83	12	60	43	35
81	72	56	74	88	6	63	43	38
81	72	83	74	83	18	61	43	39
81	72	79	74	75	11	72	43	39
81	72	75	74	90	9	73	43	28
81	72	84	74	9	81	0	43	44
81	72	54	74	55	11	16	43	45
81	78	53	77	42	52	17	32	38
81	78	68	77	83	28	38	32	34
81	78	57	77	66	47	25	32	44
81	78	51	77	83	13	64	32	35
81	78	56	77	88	19	33	32	38
81	78	83	77	83	31	19	32	39
81	78	79	77	75	58	25	32	39
81	78	75	77	90	21	68	32	28
81	78	84	77	9	77	0	32	44
81	78	54	77	55	66	20	32	45
81	53	68	42	83	0	79	38	34
81	53	57	42	66	2	69	38	44
81	53	51	42	83	6	67	38	35
81	53	56	42	88	9	70	38	38
81	53	83	42	83	25	57	38	39
81	53	79	42	75	7	55	38	39
81	53	75	42	90	20	65	38	28
81	53	84	42	9	78	0	38	44
81	53	54	42	55	29	37	38	45
81	68	57	83	66	29	41	34	44
81	68	51	83	83	32	34	34	35
81	68	56	83	88	32	36	34	38
81	68	83	83	83	36	37	34	39
81	68	79	83	75	49	17	34	39
81	68	75	83	90	31	53	34	28
81	68	84	83	9	83	1	34	44
81	68	54	83	55	51	22	34	45
81	57	51	66	83	18	65	44	35
81	57	56	66	88	20	50	44	38
81	57	83	66	83	18	52	44	39
81	57	79	66	75	8	53	44	39
81	57	75	66	90	4	82	44	28
81	57	84	66	9	54	4	44	44
81	57	54	66	55	63	6	44	45
81	51	56	83	88	27	40	35	38
81	51	83	83	83	36	22	35	39
81	51	79	83	75	55	5	35	39
81	51	75	83	90	15	60	35	28
81	51	84	83	9	79	3	35	44
81	51	54	83	55	54	23	35	45
81	56	83	88	83	22	38	38	39
81	56	79	88	75	32	18	38	39
81	56	75	88	90	8	68	38	28
81	56	84	88	9	88	0	38	44
81	56	54	88	55	49	30	38	45
81	83	79	83	75	37	27	39	39
81	83	75	83	90	8	72	39	28
81	83	84	83	9	82	0	39	44
81	83	54	83	55	60	23	39	45
81	79	75	75	90	22	55	39	28
81	79	84	75	9	80	0	39	44
81	79	54	75	55	39	16	39	45
81	75	84	90	9	80	0	28	44
81	75	54	90	55	69	12	28	45
81	84	54	9	55	0	76	44	45
82	73	85	100	100	21	64	32	24
82	73	70	100	42	97	1	32	45
82	73	65	100	99	31	54	32	27
82	85	70	100	42	85	2	24	45
82	85	65	100	99	67	29	24	27
82	70	65	42	99	1	96	45	27
83	81	57	79	0	82	0	34	65535
83	81	17	79	74	58	10	34	44
83	81	136	79	61	67	10	34	45
83	81	19	79	50	74	2	34	42
83	57	17	0	74	0	73	65535	44
83	57	136	0	61	0	72	65535	45
83	57	19	0	50	0	11	65535	42
83	17	136	74	61	25	12	44	45
83	17	19	74	50	75	0	44	42
83	136	19	61	50	50	0	45	42
84	40	54	0	98	12	17	65535	45
84	40	57	0	98	14	72	65535	41
84	40	53	0	34	18	55	65535	43
84	40	51	0	99	3	99	65535	36
84	54	57	98	98	29	62	45	41
84	54	53	98	34	39	32	45	43
84	54	51	98	99	27	70	45	36
84	57	53	98	34	78	11	41	43
84	57	51	98	99	28	41	41	36
84	53	51	34	99	0	98	43	36
85	70	72	99	59	72	19	28	45
85	70	73	99	100	24	56	28	15
85	70	65	99	100	69	10	28	36
85	70	82	99	99	19	60	28	24
85	72	73	59	100	12	81	45	15
85	72	65	59	100	3	69	45	36
85	72	82	59	99	9	82	45	24
85	73	65	100	100	50	34	15	36
85	73	82	100	99	64	27	15	24
85	65	82	100	99	35	56	36	24
117	118	130	61	79	24	55	41	26
117	118	126	61	83	21	56	41	26
117	118	132	61	86	21	48	41	42
117	118	124	61	85	10	64	41	14
117	118	128	61	84	10	66	41	26
117	118	122	61	26	68	0	41	48
117	130	126	79	83	29	40	26	26
117	130	132	79	86	60	10	26	42
117	130	124	79	85	18	58	26	14
117	130	128	79	84	22	47	26	26
117	130	122	79	26	74	1	26	48
117	126	132	83	86	56	22	26	42
117	126	124	83	85	17	64	26	14
117	126	128	83	84	25	51	26	26
117	126	122	83	26	87	0	26	48
117	132	124	86	85	4	61	42	14
117	132	128	86	84	12	59	42	26
117	132	122	86	26	81	1	42	48
117	124	128	85	84	49	23	14	26
117	124	122	85	26	88	0	14	48
117	128	122	84	26	83	1	26	48
118	124	117	63	81	19	39	38	45
118	124	120	63	90	22	60	38	28
118	124	80	63	80	17	41	38	39
118	124	122	63	67	33	16	38	47
118	124	123	63	88	49	10	38	37
118	124	126	63	79	16	56	38	28
118	124	136	63	88	14	70	38	30
118	124	132	63	99	11	74	38	21
118	117	120	81	90	7	77	45	28
118	117	80	81	80	15	38	45	39
118	117	122	81	67	41	16	45	47
118	117	123	81	88	17	41	45	37
118	117	126	81	79	24	66	45	28
118	117	136	81	88	10	70	45	30
118	117	132	81	99	24	64	45	21
118	120	80	90	80	69	11	28	39
118	120	122	90	67	75	12	28	47
118	120	123	90	88	66	30	28	37
118	120	126	90	79	52	14	28	28
118	120	136	90	88	65	25	28	30
118	120	132	90	99	27	63	28	21
118	80	122	80	67	27	9	39	47
118	80	123	80	88	7	36	39	37
118	80	126	80	79	18	56	39	28
118	80	136	80	88	9	79	39	30
118	80	132	80	99	22	64	39	21
118	122	123	67	88	17	67	47	37
118	122	126	67	79	17	65	47	28
118	122	136	67	88	6	62	47	30
118	122	132	67	99	13	78	47	21
118	123	126	88	79	24	62	37	28
118	123	136	88	88	17	73	37	30
118	123	132	88	99	15	77	37	21
118	126	136	79	88	23	45	28	30
118	126	132	79	99	23	65	28	21
118	136	132	88	99	21	68	30	21
119	133	139	86	76	68	20	14	29
119	133	138	86	53	68	11	14	45
119	133	137	86	69	62	19	14	19
119	133	73	86	71	69	15	14	41
119	133	131	86	23	62	17	14	44
119	139	138	76	53	58	13	29	45
119	139	137	76	69	23	47	29	19
119	139	73	76	71	49	16	29	41
119	139	131	76	23	56	14	29	44
119	138	137	53	69	19	54	45	19
119	138	73	53	71	7	29	45	41
119	138	131	53	23	60	0	45	44
119	137	73	69	71	56	21	19	41
119	137	131	69	23	68	5	19	44
119	73	131	71	23	59	4	41	44
120	136	124	100	89	67	15	23	35
120	136	118	100	100	57	20	23	27
120	136	123	100	97	62	17	23	40
120	136	132	100	98	56	28	23	36
120	124	118	89	100	24	50	35	27
120	124	123	89	97	20	43	35	40
120	124	132	89	98	18	69	35	36
120	118	123	100	97	48	28	27	40
120	118	132	100	98	49	32	27	36
120	123	132	97	98	23	71	40	36
122	123	131	75	89	18	65	47	21
122	123	139	75	91	15	54	47	23
122	123	135	75	90	19	65	47	26
122	123	118	75	41	31	27	47	45
122	123	138	75	0	58	2	47	65535
122	131	139	89	91	59	13	21	23
122	131	135	89	90	60	24	21	26
122	131	118	89	41	68	12	21	45
122	131	138	89	0	80	7	21	65535
122	139	135	91	90	71	22	23	26
122	139	118	91	41	69	12	23	45
122	139	138	91	0	81	3	23	65535
122	135	118	90	41	66	20	26	45
122	135	138	90	0	94	3	26	65535
122	118	138	41	0	39	17	45	65535
123	118	135	76	76	4	70	39	44
123	118	132	76	99	17	77	39	22
123	118	124	76	35	55	15	39	43
123	118	69	76	98	17	32	39	41
123	118	120	76	95	22	77	39	33
123	118	76	76	93	57	23	39	44
123	118	138	76	75	70	20	39	47
123	118	136	76	85	25	50	39	39
123	135	132	76	99	20	64	44	22
123	135	124	76	35	35	11	44	43
123	135	69	76	98	9	80	44	41
123	135	120	76	95	11	75	44	33
123	135	76	76	93	11	38	44	44
123	135	138	76	75	31	29	44	47
123	135	136	76	85	18	66	44	39
123	132	124	99	35	76	8	22	43
123	132	69	99	98	62	23	22	41
123	132	120	99	95	62	19	22	33
123	132	76	99	93	52	31	22	44
123	132	138	99	75	67	12	22	47
123	132	136	99	85	67	23	22	39
123	124	69	35	98	6	72	43	41
123	124	120	35	95	14	66	43	33
123	124	76	35	93	4	69	43	44
123	124	138	35	75	25	30	43	47
123	124	136	35	85	9	68	43	39
123	69	120	98	95	18	65	41	33
123	69	76	98	93	54	27	41	44
123	69	138	98	75	62	12	41	47
123	69	136	98	85	24	54	41	39
123	120	76	95	93	61	7	33	44
123	120	138	95	75	69	9	33	47
123	120	136	95	85	41	38	33	39
123	76	138	93	75	41	7	44	47
123	76	136	93	85	39	26	44	39
123	138	136	75	85	15	57	47	39
124	117	118	87	27	76	1	19	44
124	117	120	87	74	49	23	19	35
124	117	126	87	100	22	42	19	12
124	117	130	87	31	56	12	19	39
124	117	128	87	58	65	17	19	37
124	117	123	87	41	60	7	19	48
124	118	120	27	74	16	56	44	35
124	118	126	27	100	0	73	44	12
124	118	130	27	31	1	49	44	39
124	118	128	27	58	5	64	44	37
124	118	123	27	41	7	30	44	48
124	120	126	74	100	23	57	35	12
124	120	130	74	31	66	3	35	39
124	120	128	74	58	19	44	35	37
124	120	123	74	41	56	13	35	48
124	126	130	100	31	64	14	12	39
124	126	128	100	58	56	19	12	37
124	126	123	100	41	71	9	12	48
124	130	128	31	58	15	38	39	37
124	130	123	31	41	27	13	39	48
124	128	123	58	41	47	9	37	48
126	128	124	70	100	18	72	31	11
126	128	117	70	84	18	54	31	29
126	128	120	70	20	21	31	31	43
126	128	136	70	2	44	0	31	47
126	128	132	70	68	27	39	31	43
126	128	130	70	62	24	18	31	34
126	128	118	70	76	8	67	31	29
126	124	117	100	84	56	27	11	29
126	124	120	100	20	77	8	11	43
126	124	136	100	2	99	0	11	47
126	124	132	100	68	70	7	11	43
126	124	130	100	62	82	9	11	34
126	124	118	100	76	66	17	11	29
126	117	120	84	20	57	16	29	43
126	117	136	84	2	75	0	29	47
126	117	132	84	68	41	28	29	43
126	117	130	84	62	56	16	29	34
126	117	118	84	76	27	33	29	29
126	120	136	20	2	15	1	43	47
126	120	132	20	68	3	56	43	43
126	120	130	20	62	8	45	43	34
126	120	118	20	76	11	62	43	29
126	136	132	2	68	13	34	47	43
126	136	130	2	62	25	36	47	34
126	136	118	2	76	7	57	47	29
126	132	130	68	62	32	40	43	34
126	132	118	68	76	24	46	43	29
126	130	118	62	76	3	62	34	29
128	130	126	100	60	62	18	12	34
128	130	117	100	78	66	19	12	28
128	130	124	100	77	72	11	12	25
128	126	117	60	78	13	51	34	28
128	126	124	60	77	8	28	34	25
128	117	124	78	77	34	10	28	25
130	124	117	54	64	16	47	38	29
130	124	126	54	44	8	31	38	37
130	124	128	54	95	16	68	38	10
130	117	126	64	44	47	16	29	37
130	117	128	64	95	23	62	29	10
130	126	128	44	95	15	67	37	10
131	139	135	87	84	54	27	10	28
131	139	133	87	74	82	12	10	41
131	139	138	87	62	64	20	10	40
131	139	137	87	72	62	19	10	30
131	139	122	87	99	65	23	10	24
131	135	133	84	74	70	13	28	41
131	135	138	84	62	67	17	28	40
131	135	137	84	72	71	11	28	30
131	135	122	84	99	27	56	28	24
131	133	138	74	62	17	47	41	40
131	133	137	74	72	12	56	41	30
131	133	122	74	99	5	84	41	24
131	138	137	62	72	21	51	40	30
131	138	122	62	99	16	59	40	24
131	137	122	72	99	11	73	30	24
132	123	80	98	74	64	10	21	43
132	123	76	98	83	69	20	21	45
132	123	69	98	100	67	25	21	40
132	123	135	98	85	60	28	21	40
132	123	118	98	100	26	60	21	16
132	123	120	98	94	57	19	21	33
132	123	136	98	98	33	24	21	24
132	123	117	98	75	68	5	21	43
132	123	126	98	0	65	15	21	65535
132	80	76	74	83	23	32	43	45
132	80	69	74	100	19	70	43	40
132	80	135	74	85	9	20	43	40
132	80	118	74	100	8	61	43	16
132	80	120	74	94	6	66	43	33
132	80	136	74	98	5	71	43	24
132	80	117	74	75	30	22	43	43
132	80	126	74	0	42	3	43	65535
132	76	69	83	100	20	57	45	40
132	76	135	83	85	10	26	45	40
132	76	118	83	100	10	72	45	16
132	76	120	83	94	16	67	45	33
132	76	136	83	98	6	69	45	24
132	76	117	83	75	27	27	45	43
132	76	126	83	0	90	0	45	65535
132	69	135	100	85	39	14	40	40
132	69	118	100	100	21	62	40	16
132	69	120	100	94	18	53	40	33
132	69	136	100	98	9	68	40	24
132	69	117	100	75	59	13	40	43
132	69	126	100	0	94	0	40	65535
132	135	118	85	100	7	71	40	16
132	135	120	85	94	10	68	40	33
132	135	136	85	98	10	72	40	24
132	135	117	85	75	50	8	40	43
132	135	126	85	0	90	1	40	65535
132	118	120	100	94	61	21	16	33
132	118	136	100	98	65	19	16	24
132	118	117	100	75	59	18	16	43
132	118	126	100	0	99	0	16	65535
132	120	136	94	98	28	58	33	24
132	120	117	94	75	61	8	33	43
132	120	126	94	0	94	0	33	65535
132	136	117	98	75	71	12	24	43
132	136	126	98	0	93	0	24	65535
132	117	126	75	0	59	0	43	65535
133	119	131	100	52	94	3	13	43
133	119	73	100	54	75	12	13	43
133	119	139	100	60	66	15	13	38
133	119	138	100	41	89	4	13	45
133	119	137	100	71	58	19	13	24
133	131	73	52	54	61	2	43	43
133	131	139	52	60	19	48	43	38
133	131	138	52	41	30	26	43	45
133	131	137	52	71	21	48	43	24
133	73	139	54	60	5	63	43	38
133	73	138	54	41	7	34	43	45
133	73	137	54	71	2	65	43	24
133	139	138	60	41	9	23	38	45
133	139	137	60	71	15	57	38	24
133	138	137	41	71	7	57	45	24
135	131	139	90	90	57	25	29	32
135	131	122	90	92	24	61	29	28
135	131	123	90	80	56	16	29	46
135	131	137	90	0	82	0	29	65535
135	131	132	90	93	65	12	29	44
135	131	138	90	82	57	23	29	41
135	131	118	90	0	82	0	29	65535
135	139	122	90	92	17	56	32	28
135	139	123	90	80	51	12	32	46
135	139	137	90	0	78	1	32	65535
135	139	132	90	93	49	21	32	44
135	139	138	90	82	54	18	32	41
135	139	118	90	0	79	1	32	65535
135	122	123	92	80	59	24	28	46
135	122	137	92	0	96	0	28	65535
135	122	132	92	93	67	11	28	44
135	122	138	92	82	62	20	28	41
135	122	118	92	0	92	1	28	65535
135	123	137	80	0	87	1	46	65535
135	123	132	80	93	65	11	46	44
135	123	138	80	82	40	49	46	41
135	123	118	80	0	91	0	46	65535
135	137	132	0	93	0	29	65535	44
135	137	138	0	82	0	74	65535	41
135	137	118	0	0	8	6	65535	65535
135	132	138	93	82	24	61	44	41
135	132	118	93	0	53	1	44	65535
135	138	118	82	0	70	8	41	65535
136	123	132	78	95	18	55	38	27
136	123	83	78	74	53	9	38	39
136	123	120	78	99	22	65	38	20
136	123	118	78	58	49	19	38	40
136	132	83	95	74	68	16	27	39
136	132	120	95	99	56	21	27	20
136	132	118	95	58	66	17	27	40
136	83	120	74	99	10	72	39	20
136	83	118	74	58	14	56	39	40
136	120	118	99	58	50	26	20	40
137	119	138	85	77	52	17	17	38
137	119	131	85	90	60	15	17	35
137	119	133	85	81	51	26	17	29
137	119	139	85	78	58	18	17	25
137	138	131	77	90	30	20	38	35
137	138	133	77	81	21	49	38	29
137	138	139	77	78	34	43	38	25
137	131	133	90	81	18	50	35	29
137	131	139	90	78	25	47	35	25
137	133	139	81	78	16	42	29	25
138	79	119	87	62	67	6	30	39
138	79	123	87	81	55	10	30	44
138	79	139	87	87	21	54	30	24
138	79	133	87	46	70	5	30	46
138	79	131	87	82	65	8	30	36
138	79	21	87	0	97	0	30	65535
138	79	137	87	77	63	5	30	33
138	79	122	87	70	68	14	30	46
138	119	123	62	81	15	24	39	44
138	119	139	62	87	20	57	39	24
138	119	133	62	46	38	12	39	46
138	119	131	62	82	14	54	39	36
138	119	21	62	0	61	0	39	65535
138	119	137	62	77	18	48	39	33
138	119	122	62	70	10	9	39	46
138	123	139	81	87	18	75	44	24
138	123	133	81	46	55	6	44	46
138	123	131	81	82	19	51	44	36
138	123	21	81	0	72	0	44	65535
138	123	137	81	77	13	47	44	33
138	123	122	81	70	27	20	44	46
138	139	133	87	46	62	6	24	46
138	139	131	87	82	62	18	24	36
138	139	21	87	0	88	0	24	65535
138	139	137	87	77	59	23	24	33
138	139	122	87	70	58	16	24	46
138	133	131	46	82	15	61	46	36
138	133	21	46	0	36	0	46	65535
138	133	137	46	77	16	50	46	33
138	133	122	46	70	7	24	46	46
138	131	21	82	0	77	0	36	65535
138	131	137	82	77	19	21	36	33
138	131	122	82	70	53	17	36	46
138	21	137	0	77	0	78	65535	33
138	21	122	0	70	0	70	65535	46
138	137	122	77	70	53	10	33	46
139	122	133	89	84	61	9	25	33
139	122	135	89	88	59	20	25	31
139	122	119	89	76	57	12	25	25
139	122	137	89	78	48	12	25	22
139	122	21	89	0	88	0	25	65535
139	122	131	89	100	24	69	25	13
139	122	138	89	92	29	28	25	27
139	133	135	84	88	12	32	33	31
139	133	119	84	76	27	47	33	25
139	133	137	84	78	18	62	33	22
139	133	21	84	0	75	0	33	65535
139	133	131	84	100	19	68	33	13
139	133	138	84	92	16	62	33	27
139	135	119	88	76	22	41	31	25
139	135	137	88	78	27	53	31	22
139	135	21	88	0	91	0	31	65535
139	135	131	88	100	13	82	31	13
139	135	138	88	92	22	63	31	27
139	119	137	76	78	25	47	25	22
139	119	21	76	0	76	0	25	65535
139	119	131	76	100	10	80	25	13
139	119	138	76	92	19	56	25	27
139	137	21	78	0	74	0	22	65535
139	137	131	78	100	21	60	22	13
139	137	138	78	92	16	54	22	27
139	21	131	0	100	0	100	65535	13
139	21	138	0	92	0	87	65535	27
139	131	138	100	92	64	24	13	27
