1	9	10	98	100	61	25	29	32
1	9	17	98	65	84	2	29	41
1	9	3	98	0	100	0	29	65535
1	9	8	98	99	70	25	29	35
1	9	13	98	100	21	67	29	13
1	9	4	98	100	64	22	29	27
1	9	11	98	5	73	13	29	47
1	9	64	98	0	95	7	29	65535
1	10	17	100	65	75	13	32	41
1	10	3	100	0	100	0	32	65535
1	10	8	100	99	47	33	32	35
1	10	13	100	100	13	58	32	13
1	10	4	100	100	44	58	32	27
1	10	11	100	5	99	0	32	47
1	10	64	100	0	100	0	32	65535
1	17	3	65	0	10	0	41	65535
1	17	8	65	99	0	100	41	35
1	17	13	65	100	0	91	41	13
1	17	4	65	100	0	91	41	27
1	17	11	65	5	4	0	41	47
1	17	64	65	0	1	0	41	65535
1	3	8	0	99	0	88	65535	35
1	3	13	0	100	0	100	65535	13
1	3	4	0	100	1	99	65535	27
1	3	11	0	5	1	0	65535	47
1	3	64	0	0	0	0	65535	65535
1	8	13	99	100	13	70	35	13
1	8	4	99	100	24	61	35	27
1	8	11	99	5	100	0	35	47
1	8	64	99	0	94	0	35	65535
1	13	4	100	100	70	10	13	27
1	13	11	100	5	99	0	13	47
1	13	64	100	0	100	0	13	65535
1	4	11	100	5	100	0	27	47
1	4	64	100	0	96	0	27	65535
1	11	64	5	0	0	0	47	65535
2	12	14	32	75	14	62	26	35
2	12	80	32	95	19	71	26	39
2	12	17	32	55	17	63	26	41
2	12	5	32	74	8	60	26	40
2	12	16	32	5	16	0	26	46
2	14	80	75	95	32	21	35	39
2	14	17	75	55	65	19	35	41
2	14	5	75	74	63	16	35	40
2	14	16	75	5	72	2	35	46
2	80	17	95	55	62	12	39	41
2	80	5	95	74	70	8	39	40
2	80	16	95	5	92	0	39	46
2	17	5	55	74	19	18	41	40
2	17	16	55	5	67	0	41	46
2	5	16	74	5	55	0	40	46
3	7	19	68	38	43	7	28	31
3	7	6	68	23	24	3	28	46
3	7	20	68	7	27	16	28	26
3	7	21	68	0	53	5	28	65535
3	7	1	68	4	53	6	28	45
3	7	17	68	23	19	49	28	21
3	19	6	38	23	29	10	31	46
3	19	20	38	7	5	34	31	26
3	19	21	38	0	26	5	31	65535
3	19	1	38	4	22	15	31	45
3	19	17	38	23	9	43	31	21
3	6	20	23	7	5	16	46	26
3	6	21	23	0	8	31	46	65535
3	6	1	23	4	14	26	46	45
3	6	17	23	23	6	59	46	21
3	20	21	7	0	22	11	26	65535
3	20	1	7	4	24	16	26	45
3	20	17	7	23	1	6	26	21
3	21	1	0	4	0	1	65535	45
3	21	17	0	23	1	6	65535	21
3	1	17	4	23	0	2	45	21
4	1	10	90	93	67	22	26	31
4	1	11	90	84	74	11	26	37
4	1	8	90	100	64	27	26	31
4	1	64	90	51	79	5	26	45
4	1	67	90	99	70	18	26	38
4	1	9	90	99	16	73	26	19
4	10	11	93	84	75	7	31	37
4	10	8	93	100	69	22	31	31
4	10	64	93	51	87	6	31	45
4	10	67	93	99	61	24	31	38
4	10	9	93	99	20	74	31	19
4	11	8	84	100	34	34	37	31
4	11	64	84	51	52	1	37	45
4	11	67	84	99	51	41	37	38
4	11	9	84	99	20	72	37	19
4	8	64	100	51	85	7	31	45
4	8	67	100	99	55	26	31	38
4	8	9	100	99	29	59	31	19
4	64	67	51	99	1	91	45	38
4	64	9	51	99	2	92	45	19
4	67	9	99	99	24	58	38	19
5	13	37	58	23	35	28	36	35
5	13	14	58	77	30	36	36	31
5	13	2	58	74	52	7	36	39
5	13	3	58	1	87	0	36	49
5	13	34	58	43	37	36	36	39
5	13	17	58	89	26	35	36	35
5	13	39	58	62	26	60	36	31
5	13	11	58	33	91	0	36	47
5	13	35	58	0	66	9	36	65535
5	37	14	23	77	15	66	35	31
5	37	2	23	74	30	33	35	39
5	37	3	23	1	71	0	35	49
5	37	34	23	43	22	18	35	39
5	37	17	23	89	21	42	35	35
5	37	39	23	62	13	47	35	31
5	37	11	23	33	65	0	35	47
5	37	35	23	0	63	0	35	65535
5	14	2	77	74	58	17	31	39
5	14	3	77	1	90	0	31	49
5	14	34	77	43	42	14	31	39
5	14	17	77	89	25	33	31	35
5	14	39	77	62	29	27	31	31
5	14	11	77	33	83	0	31	47
5	14	35	77	0	70	3	31	65535
5	2	3	74	1	79	0	39	49
5	2	34	74	43	39	49	39	39
5	2	17	74	89	23	60	39	35
5	2	39	74	62	18	58	39	31
5	2	11	74	33	82	0	39	47
5	2	35	74	0	44	8	39	65535
5	3	34	1	43	0	71	49	39
5	3	17	1	89	0	93	49	35
5	3	39	1	62	0	85	49	31
5	3	11	1	33	0	0	49	47
5	3	35	1	0	0	25	49	65535
5	34	17	43	89	26	30	39	35
5	34	39	43	62	25	41	39	31
5	34	11	43	33	58	0	39	47
5	34	35	43	0	46	10	39	65535
5	17	39	89	62	29	40	35	31
5	17	11	89	33	78	0	35	47
5	17	35	89	0	63	7	35	65535
5	39	11	62	33	78	0	31	47
5	39	35	62	0	46	6	31	65535
5	11	35	33	0	0	26	47	65535
6	19	3	69	76	53	20	31	45
6	19	7	69	81	22	20	31	34
6	19	20	69	76	12	55	31	33
6	19	15	69	39	56	10	31	45
6	19	21	69	72	48	19	31	37
6	19	11	69	75	20	28	31	37
6	3	7	76	81	23	42	45	34
6	3	20	76	76	19	46	45	33
6	3	15	76	39	28	5	45	45
6	3	21	76	72	25	32	45	37
6	3	11	76	75	8	66	45	37
6	7	20	81	76	14	54	34	33
6	7	15	81	39	51	6	34	45
6	7	21	81	72	23	9	34	37
6	7	11	81	75	6	20	34	37
6	20	15	76	39	35	2	33	45
6	20	21	76	72	33	11	33	37
6	20	11	76	75	23	31	33	37
6	15	21	39	72	5	31	45	37
6	15	11	39	75	0	52	45	37
6	21	11	72	75	16	39	37	37
7	6	17	53	81	8	66	37	31
7	6	19	53	89	11	68	37	24
7	6	20	53	39	35	12	37	46
7	6	3	53	70	20	55	37	29
7	17	19	81	89	17	63	31	24
7	17	20	81	39	55	7	31	46
7	17	3	81	70	29	59	31	29
7	19	20	89	39	63	16	24	46
7	19	3	89	70	37	24	24	29
7	20	3	39	70	9	57	46	29
8	64	1	97	96	16	69	36	34
8	64	63	97	94	47	25	36	46
8	64	67	97	88	60	10	36	42
8	64	9	97	95	7	58	36	25
8	64	11	97	64	59	12	36	47
8	64	10	97	98	7	58	36	30
8	64	4	97	89	26	55	36	20
8	1	63	96	94	64	13	34	46
8	1	67	96	88	67	11	34	42
8	1	9	96	95	26	56	34	25
8	1	11	96	64	80	8	34	47
8	1	10	96	98	48	28	34	30
8	1	4	96	89	20	60	34	20
8	63	67	94	88	16	23	46	42
8	63	9	94	95	9	55	46	25
8	63	11	94	64	37	7	46	47
8	63	10	94	98	12	66	46	30
8	63	4	94	89	9	58	46	20
8	67	9	88	95	24	63	42	25
8	67	11	88	64	54	7	42	47
8	67	10	88	98	24	61	42	30
8	67	4	88	89	30	73	42	20
8	9	11	95	64	75	12	25	47
8	9	10	95	98	50	25	25	30
8	9	4	95	89	68	25	25	20
8	11	10	64	98	8	76	47	30
8	11	4	64	89	4	85	47	20
8	10	4	98	89	29	53	30	20
9	11	10	15	77	10	62	47	18
9	11	67	15	95	7	73	47	23
9	11	8	15	77	21	42	47	21
9	11	4	15	85	15	59	47	14
9	11	1	15	92	15	49	47	37
9	11	13	15	56	23	16	47	44
9	11	15	15	39	38	7	47	44
9	10	67	77	95	52	32	18	23
9	10	8	77	77	68	20	18	21
9	10	4	77	85	61	17	18	14
9	10	1	77	92	63	28	18	37
9	10	13	77	56	87	5	18	44
9	10	15	77	39	74	7	18	44
9	67	8	95	77	20	59	23	21
9	67	4	95	85	24	45	23	14
9	67	1	95	92	72	11	23	37
9	67	13	95	56	80	6	23	44
9	67	15	95	39	95	0	23	44
9	8	4	77	85	31	30	21	14
9	8	1	77	92	54	25	21	37
9	8	13	77	56	74	11	21	44
9	8	15	77	39	91	0	21	44
9	4	1	85	92	57	29	14	37
9	4	13	85	56	88	0	14	44
9	4	15	85	39	78	0	14	44
9	1	13	92	56	82	4	37	44
9	1	15	92	39	85	2	37	44
9	13	15	56	39	0	19	44	44
10	9	4	92	89	68	22	19	37
10	9	1	92	98	73	26	19	39
10	9	8	92	93	55	31	19	29
10	9	67	92	95	55	26	19	36
10	9	15	92	80	55	19	19	37
10	4	1	89	98	20	48	37	39
10	4	8	89	93	11	54	37	29
10	4	67	89	95	19	65	37	36
10	4	15	89	80	14	53	37	37
10	1	8	98	93	23	48	39	29
10	1	67	98	95	38	12	39	36
10	1	15	98	80	75	8	39	37
10	8	67	93	95	35	25	29	36
10	8	15	93	80	45	16	29	37
10	67	15	95	80	49	8	36	37
11	1	19	0	45	0	51	65535	37
11	1	4	0	87	3	75	65535	31
11	1	13	0	35	0	25	65535	41
11	1	9	0	42	1	35	65535	43
11	1	66	0	7	3	16	65535	44
11	1	21	0	57	0	65	65535	20
11	1	6	0	46	2	42	65535	37
11	1	8	0	52	2	36	65535	43
11	1	15	0	72	2	43	65535	34
11	1	5	0	1	43	3	65535	44
11	1	17	0	78	9	59	65535	32
11	19	4	45	87	8	56	37	31
11	19	13	45	35	28	26	37	41
11	19	9	45	42	25	10	37	43
11	19	66	45	7	54	6	37	44
11	19	21	45	57	18	61	37	20
11	19	6	45	46	21	35	37	37
11	19	8	45	52	47	12	37	43
11	19	15	45	72	11	68	37	34
11	19	5	45	1	63	5	37	44
11	19	17	45	78	16	71	37	32
11	4	13	87	35	50	17	31	41
11	4	9	87	42	59	18	31	43
11	4	66	87	7	74	2	31	44
11	4	21	87	57	15	45	31	20
11	4	6	87	46	30	7	31	37
11	4	8	87	52	61	24	31	43
11	4	15	87	72	29	15	31	34
11	4	5	87	1	92	3	31	44
11	4	17	87	78	35	18	31	32
11	13	9	35	42	31	20	41	43
11	13	66	35	7	42	6	41	44
11	13	21	35	57	18	56	41	20
11	13	6	35	46	12	38	41	37
11	13	8	35	52	29	23	41	43
11	13	15	35	72	16	64	41	34
11	13	5	35	1	34	0	41	44
11	13	17	35	78	17	59	41	32
11	9	66	42	7	23	29	43	44
11	9	21	42	57	18	70	43	20
11	9	6	42	46	17	63	43	37
11	9	8	42	52	16	30	43	43
11	9	15	42	72	17	50	43	34
11	9	5	42	1	49	7	43	44
11	9	17	42	78	5	69	43	32
11	66	21	7	57	3	46	44	20
11	66	6	7	46	3	57	44	37
11	66	8	7	52	2	51	44	43
11	66	15	7	72	1	79	44	34
11	66	5	7	1	20	2	44	44
11	66	17	7	78	13	46	44	32
11	21	6	57	46	48	26	20	37
11	21	8	57	52	61	20	20	43
11	21	15	57	72	34	33	20	34
11	21	5	57	1	86	0	20	44
11	21	17	57	78	55	23	20	32
11	6	8	46	52	81	1	37	43
11	6	15	46	72	16	47	37	34
11	6	5	46	1	76	0	37	44
11	6	17	46	78	17	24	37	32
11	8	15	52	72	17	60	43	34
11	8	5	52	1	55	0	43	44
11	8	17	52	78	14	65	43	32
11	15	5	72	1	75	2	34	44
11	15	17	72	78	42	33	34	32
11	5	17	1	78	3	89	44	32
12	14	0	76	0	0	0	21	65535
13	39	5	24	81	10	46	42	33
13	39	15	24	79	6	66	42	33
13	39	1	24	100	8	75	42	13
13	39	17	24	99	5	76	42	23
13	39	11	24	38	14	24	42	43
13	39	9	24	7	39	6	42	45
13	39	66	24	52	16	47	42	37
13	39	37	24	60	12	41	42	37
13	39	3	24	69	12	55	42	31
13	39	8	24	89	3	70	42	34
13	39	34	24	64	12	35	42	37
13	5	15	81	79	25	46	33	33
13	5	1	81	100	7	77	33	13
13	5	17	81	99	16	69	33	23
13	5	11	81	38	40	16	33	43
13	5	9	81	7	93	0	33	45
13	5	66	81	52	59	16	33	37
13	5	37	81	60	38	16	33	37
13	5	3	81	69	16	56	33	31
13	5	8	81	89	19	50	33	34
13	5	34	81	64	33	3	33	37
13	15	1	79	100	7	70	33	13
13	15	17	79	99	15	73	33	23
13	15	11	79	38	44	8	33	43
13	15	9	79	7	64	0	33	45
13	15	66	79	52	58	13	33	37
13	15	37	79	60	68	9	33	37
13	15	3	79	69	10	55	33	31
13	15	8	79	89	53	20	33	34
13	15	34	79	64	70	6	33	37
13	1	17	100	99	63	24	13	23
13	1	11	100	38	78	5	13	43
13	1	9	100	7	77	2	13	45
13	1	66	100	52	79	8	13	37
13	1	37	100	60	84	6	13	37
13	1	3	100	69	72	17	13	31
13	1	8	100	89	69	13	13	34
13	1	34	100	64	92	4	13	37
13	17	11	99	38	64	16	23	43
13	17	9	99	7	92	1	23	45
13	17	66	99	52	64	16	23	37
13	17	37	99	60	66	16	23	37
13	17	3	99	69	50	28	23	31
13	17	8	99	89	65	13	23	34
13	17	34	99	64	69	21	23	37
13	11	9	38	7	64	0	43	45
13	11	66	38	52	19	31	43	37
13	11	37	38	60	30	43	43	37
13	11	3	38	69	8	48	43	31
13	11	8	38	89	22	31	43	34
13	11	34	38	64	20	47	43	37
13	9	66	7	52	1	62	45	37
13	9	37	7	60	0	71	45	37
13	9	3	7	69	0	80	45	31
13	9	8	7	89	0	53	45	34
13	9	34	7	64	0	19	45	37
13	66	37	52	60	52	15	37	37
13	66	3	52	69	17	50	37	31
13	66	8	52	89	50	16	37	34
13	66	34	52	64	41	26	37	37
13	37	3	60	69	16	69	37	31
13	37	8	60	89	29	42	37	34
13	37	34	60	64	12	14	37	37
13	3	8	69	89	56	18	31	34
13	3	34	69	64	64	8	31	37
13	8	34	89	64	40	11	34	37
14	16	2	46	77	9	56	41	37
14	16	17	46	30	33	22	41	43
14	16	31	46	68	9	62	41	30
14	16	12	46	85	20	54	41	20
14	16	5	46	65	7	58	41	32
14	2	17	77	30	58	17	37	43
14	2	31	77	68	27	51	37	30
14	2	12	77	85	18	60	37	20
14	2	5	77	65	28	30	37	32
14	17	31	30	68	13	47	43	30
14	17	12	30	85	15	70	43	20
14	17	5	30	65	16	51	43	32
14	31	12	68	85	19	68	30	20
14	31	5	68	65	48	17	30	32
14	12	5	85	65	61	17	20	32
15	9	10	28	71	15	68	45	39
15	9	21	28	74	3	58	45	39
15	9	11	28	85	0	79	45	36
15	9	13	28	78	0	72	45	34
15	9	17	28	80	0	72	45	37
15	10	21	71	74	39	12	39	39
15	10	11	71	85	8	53	39	36
15	10	13	71	78	31	40	39	34
15	10	17	71	80	9	11	39	37
15	21	11	74	85	18	55	39	36
15	21	13	74	78	31	35	39	34
15	21	17	74	80	11	28	39	37
15	11	13	85	78	28	26	36	34
15	11	17	85	80	62	22	36	37
15	13	17	78	80	46	33	34	37
16	83	14	80	58	62	9	33	38
16	83	12	80	2	70	1	33	30
16	14	12	58	2	68	0	38	30
17	3	11	77	94	36	21	25	37
17	3	37	77	54	68	17	25	41
17	3	13	77	95	39	48	25	27
17	3	14	77	55	59	15	25	42
17	3	7	77	92	38	25	25	33
17	3	2	77	80	40	29	25	45
17	3	5	77	83	44	37	25	34
17	3	35	77	61	47	29	25	44
17	3	1	77	26	66	2	25	45
17	3	15	77	60	44	11	25	38
17	3	34	77	56	53	24	25	44
17	3	66	77	78	45	17	25	37
17	3	19	77	7	56	0	25	45
17	11	37	94	54	59	35	37	41
17	11	13	94	95	21	81	37	27
17	11	14	94	55	36	15	37	42
17	11	7	94	92	28	24	37	33
17	11	2	94	80	38	24	37	45
17	11	5	94	83	28	32	37	34
17	11	35	94	61	51	12	37	44
17	11	1	94	26	65	0	37	45
17	11	15	94	60	44	7	37	38
17	11	34	94	56	58	15	37	44
17	11	66	94	78	54	8	37	37
17	11	19	94	7	84	0	37	45
17	37	13	54	95	5	84	41	27
17	37	14	54	55	46	2	41	42
17	37	7	54	92	12	75	41	33
17	37	2	54	80	23	35	41	45
17	37	5	54	83	9	42	41	34
17	37	35	54	61	31	10	41	44
17	37	1	54	26	43	3	41	45
17	37	15	54	60	29	22	41	38
17	37	34	54	56	27	6	41	44
17	37	66	54	78	29	19	41	37
17	37	19	54	7	41	1	41	45
17	13	14	95	55	84	5	27	42
17	13	7	95	92	91	6	27	33
17	13	2	95	80	81	5	27	45
17	13	5	95	83	69	19	27	34
17	13	35	95	61	82	7	27	44
17	13	1	95	26	91	0	27	45
17	13	15	95	60	80	9	27	38
17	13	34	95	56	72	14	27	44
17	13	66	95	78	85	13	27	37
17	13	19	95	7	95	1	27	45
17	14	7	55	92	10	28	42	33
17	14	2	55	80	6	27	42	45
17	14	5	55	83	2	63	42	34
17	14	35	55	61	9	14	42	44
17	14	1	55	26	29	0	42	45
17	14	15	55	60	19	37	42	38
17	14	34	55	56	17	40	42	44
17	14	66	55	78	15	47	42	37
17	14	19	55	7	51	2	42	45
17	7	2	92	80	32	24	33	45
17	7	5	92	83	16	73	33	34
17	7	35	92	61	54	20	33	44
17	7	1	92	26	45	0	33	45
17	7	15	92	60	17	2	33	38
17	7	34	92	56	27	35	33	44
17	7	66	92	78	36	5	33	37
17	7	19	92	7	38	0	33	45
17	2	5	80	83	21	41	45	34
17	2	35	80	61	27	1	45	44
17	2	1	80	26	63	0	45	45
17	2	15	80	60	21	46	45	38
17	2	34	80	56	32	30	45	44
17	2	66	80	78	35	27	45	37
17	2	19	80	7	27	0	45	45
17	5	35	83	61	96	0	34	44
17	5	1	83	26	98	0	34	45
17	5	15	83	60	94	6	34	38
17	5	34	83	56	94	0	34	44
17	5	66	83	78	74	8	34	37
17	5	19	83	7	98	0	34	45
17	35	1	61	26	0	0	44	45
17	35	15	61	60	0	61	44	38
17	35	34	61	56	2	7	44	44
17	35	66	61	78	7	61	44	37
17	35	19	61	7	19	4	44	45
17	1	15	26	60	0	52	45	38
17	1	34	26	56	1	33	45	44
17	1	66	26	78	0	53	45	37
17	1	19	26	7	7	2	45	45
17	15	34	60	56	44	0	38	44
17	15	66	60	78	4	2	38	37
17	15	19	60	7	3	0	38	45
17	34	66	56	78	9	17	44	37
17	34	19	56	7	1	0	44	45
17	66	19	78	7	18	0	37	45
19	11	7	41	60	11	59	43	27
19	11	20	41	0	15	24	43	65535
19	11	3	41	8	11	37	43	35
19	11	21	41	15	10	37	43	29
19	7	20	60	0	44	11	27	65535
19	7	3	60	8	67	15	27	35
19	7	21	60	15	74	10	27	29
19	20	3	0	8	8	46	65535	35
19	20	21	0	15	11	53	65535	29
19	3	21	8	15	17	15	35	29
20	21	19	25	34	35	9	21	35
20	21	13	25	0	46	0	21	65535
20	21	66	25	20	22	5	21	39
20	19	13	34	0	54	0	35	65535
20	19	66	34	20	38	9	35	39
20	13	66	0	20	2	56	65535	39
21	20	11	0	17	10	31	65535	26
21	20	3	0	25	52	16	65535	39
21	20	6	0	33	39	23	65535	43
21	11	3	17	25	57	13	26	39
21	11	6	17	33	47	26	26	43
21	3	6	25	33	29	17	39	43
24	48	26	67	7	45	32	45	47
24	48	32	67	40	25	45	45	42
24	26	32	7	40	4	90	47	42
25	46	39	99	56	38	25	42	44
25	46	53	99	99	25	76	42	36
25	46	38	99	51	66	13	42	45
25	46	57	99	76	34	25	42	46
25	46	51	99	100	16	66	42	35
25	46	56	99	90	19	39	42	43
25	39	53	56	99	4	79	44	36
25	39	38	56	51	18	20	44	45
25	39	57	56	76	26	31	44	46
25	39	51	56	100	8	82	44	35
25	39	56	56	90	0	89	44	43
25	53	38	99	51	85	6	36	45
25	53	57	99	76	58	28	36	46
25	53	51	99	100	36	33	36	35
25	53	56	99	90	53	32	36	43
25	38	57	51	76	14	43	45	46
25	38	51	51	100	8	80	45	35
25	38	56	51	90	47	7	45	43
25	57	51	76	100	14	82	46	35
25	57	56	76	90	50	13	46	43
25	51	56	100	90	59	16	35	43
26	24	34	63	64	10	35	36	31
26	24	60	63	21	1	12	36	47
26	24	48	63	23	0	34	36	46
26	24	27	63	76	4	36	36	40
26	24	32	63	99	4	84	36	25
26	24	45	63	78	21	23	36	42
26	34	60	64	21	43	2	31	47
26	34	48	64	23	26	24	31	46
26	34	27	64	76	45	23	31	40
26	34	32	64	99	8	82	31	25
26	34	45	64	78	10	10	31	42
26	60	48	21	23	0	50	47	46
26	60	27	21	76	2	48	47	40
26	60	32	21	99	0	83	47	25
26	60	45	21	78	6	33	47	42
26	48	27	23	76	33	9	46	40
26	48	32	23	99	25	59	46	25
26	48	45	23	78	55	23	46	42
26	27	32	76	99	11	71	40	25
26	27	45	76	78	21	22	40	42
26	32	45	99	78	69	20	25	42
27	36	26	98	89	59	16	28	43
27	36	45	98	83	68	18	28	43
27	26	45	89	83	23	27	43	43
31	14	39	48	41	52	4	35	36
32	26	56	90	99	13	60	31	23
32	26	40	90	83	59	12	31	36
32	26	45	90	67	59	23	31	43
32	26	48	90	49	71	12	31	47
32	26	51	90	5	88	3	31	46
32	26	58	90	79	69	7	31	37
32	26	55	90	95	14	18	31	30
32	26	54	90	95	16	23	31	31
32	56	40	99	83	55	31	23	36
32	56	45	99	67	68	13	23	43
32	56	48	99	49	69	11	23	47
32	56	51	99	5	93	1	23	46
32	56	58	99	79	54	24	23	37
32	56	55	99	95	60	22	23	30
32	56	54	99	95	67	31	23	31
32	40	45	83	67	56	18	36	43
32	40	48	83	49	66	11	36	47
32	40	51	83	5	92	0	36	46
32	40	58	83	79	54	21	36	37
32	40	55	83	95	23	55	36	30
32	40	54	83	95	29	57	36	31
32	45	48	67	49	87	0	43	47
32	45	51	67	5	83	0	43	46
32	45	58	67	79	19	38	43	37
32	45	55	67	95	15	68	43	30
32	45	54	67	95	20	64	43	31
32	48	51	49	5	1	4	47	46
32	48	58	49	79	1	80	47	37
32	48	55	49	95	10	70	47	30
32	48	54	49	95	0	98	47	31
32	51	58	5	79	0	92	46	37
32	51	55	5	95	1	95	46	30
32	51	54	5	95	6	85	46	31
32	58	55	79	95	22	67	37	30
32	58	54	79	95	20	66	37	31
32	55	54	95	95	29	41	30	31
34	5	39	63	51	46	14	33	36
34	5	35	63	65	19	50	33	25
34	5	37	63	42	23	27	33	37
34	5	13	63	67	30	19	33	38
34	5	48	63	5	55	1	33	48
34	5	26	63	62	34	10	33	34
34	5	60	63	41	24	9	33	40
34	5	17	63	53	36	17	33	40
34	39	35	51	65	0	57	36	25
34	39	37	51	42	0	17	36	37
34	39	13	51	67	0	52	36	38
34	39	48	51	5	0	7	36	48
34	39	26	51	62	0	49	36	34
34	39	60	51	41	0	26	36	40
34	39	17	51	53	0	59	36	40
34	35	37	65	42	45	12	25	37
34	35	13	65	67	43	7	25	38
34	35	48	65	5	76	1	25	48
34	35	26	65	62	50	9	25	34
34	35	60	65	41	52	4	25	40
34	35	17	65	53	63	14	25	40
34	37	13	42	67	23	25	37	38
34	37	48	42	5	40	4	37	48
34	37	26	42	62	34	13	37	34
34	37	60	42	41	40	13	37	40
34	37	17	42	53	29	28	37	40
34	13	48	67	5	53	1	38	48
34	13	26	67	62	9	16	38	34
34	13	60	67	41	18	29	38	40
34	13	17	67	53	36	15	38	40
34	48	26	5	62	0	64	48	34
34	48	60	5	41	0	52	48	40
34	48	17	5	53	0	53	48	40
34	26	60	62	41	28	37	34	40
34	26	17	62	53	40	13	34	40
34	60	17	41	53	53	19	40	40
35	34	36	66	40	49	2	26	44
35	34	5	66	33	50	7	26	44
35	34	60	66	5	56	0	26	49
35	34	45	66	0	54	0	26	65535
35	34	48	66	70	19	8	26	41
35	34	17	66	63	43	17	26	43
35	34	37	66	58	39	7	26	41
35	36	5	40	33	15	12	44	44
35	36	60	40	5	32	0	44	49
35	36	45	40	0	19	0	44	65535
35	36	48	40	70	6	45	44	41
35	36	17	40	63	6	44	44	43
35	36	37	40	58	8	51	44	41
35	5	60	33	5	57	1	44	49
35	5	45	33	0	40	0	44	65535
35	5	48	33	70	9	50	44	41
35	5	17	33	63	9	32	44	43
35	5	37	33	58	9	24	44	41
35	60	45	5	0	33	1	49	65535
35	60	48	5	70	16	35	49	41
35	60	17	5	63	7	36	49	43
35	60	37	5	58	2	52	49	41
35	45	48	0	70	0	42	65535	41
35	45	17	0	63	0	65	65535	43
35	45	37	0	58	0	15	65535	41
35	48	17	70	63	23	7	41	43
35	48	37	70	58	19	6	41	41
35	17	37	63	58	14	17	43	41
36	48	27	44	100	11	71	47	26
36	48	45	44	98	14	63	47	33
36	48	35	44	39	33	18	47	46
36	27	45	100	98	48	23	26	33
36	27	35	100	39	78	3	26	46
36	45	35	98	39	81	1	33	46
37	38	5	25	58	14	25	34	32
37	38	34	25	44	19	24	34	45
37	38	60	25	42	37	14	34	41
37	38	35	25	64	16	24	34	39
37	38	13	25	55	24	22	34	36
37	38	17	25	42	27	21	34	37
37	38	26	25	20	40	11	34	46
37	38	39	25	42	36	9	34	36
37	5	34	58	44	25	15	32	45
37	5	60	58	42	40	8	32	41
37	5	35	58	64	34	17	32	39
37	5	13	58	55	13	26	32	36
37	5	17	58	42	36	20	32	37
37	5	26	58	20	31	6	32	46
37	5	39	58	42	38	10	32	36
37	34	60	44	42	28	15	45	41
37	34	35	44	64	8	12	45	39
37	34	13	44	55	6	25	45	36
37	34	17	44	42	11	19	45	37
37	34	26	44	20	16	15	45	46
37	34	39	44	42	15	1	45	36
37	60	35	42	64	4	15	41	39
37	60	13	42	55	4	37	41	36
37	60	17	42	42	1	25	41	37
37	60	26	42	20	20	23	41	46
37	60	39	42	42	9	5	41	36
37	35	13	64	55	10	46	39	36
37	35	17	64	42	24	16	39	37
37	35	26	64	20	38	4	39	46
37	35	39	64	42	18	1	39	36
37	13	17	55	42	29	11	36	37
37	13	26	55	20	28	4	36	46
37	13	39	55	42	26	6	36	36
37	17	26	42	20	42	7	37	46
37	17	39	42	42	42	5	37	36
37	26	39	20	42	22	1	46	36
38	31	39	72	49	47	13	30	34
38	31	37	72	41	44	5	30	39
38	31	25	72	62	38	17	30	44
38	39	37	49	41	43	13	34	39
38	39	25	49	62	44	20	34	44
38	37	25	41	62	28	21	39	44
39	5	37	46	42	18	20	30	34
39	5	13	46	28	42	4	30	41
39	5	34	46	34	35	9	30	36
39	5	60	46	29	31	8	30	38
39	37	13	42	28	32	12	34	41
39	37	34	42	34	12	22	34	36
39	37	60	42	29	6	11	34	38
39	13	34	28	34	15	22	41	36
39	13	60	28	29	17	28	41	38
39	34	60	34	29	7	16	36	38
40	32	51	96	94	46	17	31	35
40	32	59	96	95	41	17	31	34
40	32	54	96	99	25	61	31	15
40	32	55	96	99	18	67	31	19
40	32	81	96	76	61	15	31	37
40	32	68	96	71	71	13	31	41
40	32	84	96	31	74	7	31	44
40	32	58	96	85	55	22	31	37
40	32	47	96	99	12	63	31	27
40	32	53	96	98	15	63	31	31
40	32	56	96	97	25	62	31	18
40	32	77	96	69	72	10	31	47
40	32	48	96	73	63	23	31	43
40	32	45	96	14	91	1	31	44
40	51	59	94	95	37	10	35	34
40	51	54	94	99	21	66	35	15
40	51	55	94	99	26	63	35	19
40	51	81	94	76	56	20	35	37
40	51	68	94	71	64	15	35	41
40	51	84	94	31	76	11	35	44
40	51	58	94	85	63	21	35	37
40	51	47	94	99	21	58	35	27
40	51	53	94	98	21	58	35	31
40	51	56	94	97	28	53	35	18
40	51	77	94	69	55	18	35	47
40	51	48	94	73	61	4	35	43
40	51	45	94	14	74	8	35	44
40	59	54	95	99	28	53	34	15
40	59	55	95	99	26	65	34	19
40	59	81	95	76	64	6	34	37
40	59	68	95	71	72	9	34	41
40	59	84	95	31	92	0	34	44
40	59	58	95	85	28	50	34	37
40	59	47	95	99	26	65	34	27
40	59	53	95	98	13	48	34	31
40	59	56	95	97	30	53	34	18
40	59	77	95	69	91	1	34	47
40	59	48	95	73	66	8	34	43
40	59	45	95	14	78	3	34	44
40	54	55	99	99	63	26	15	19
40	54	81	99	76	55	24	15	37
40	54	68	99	71	87	3	15	41
40	54	84	99	31	63	17	15	44
40	54	58	99	85	64	16	15	37
40	54	47	99	99	66	22	15	27
40	54	53	99	98	68	20	15	31
40	54	56	99	97	62	25	15	18
40	54	77	99	69	72	7	15	47
40	54	48	99	73	59	30	15	43
40	54	45	99	14	69	14	15	44
40	55	81	99	76	69	12	19	37
40	55	68	99	71	75	12	19	41
40	55	84	99	31	82	0	19	44
40	55	58	99	85	55	23	19	37
40	55	47	99	99	63	27	19	27
40	55	53	99	98	53	35	19	31
40	55	56	99	97	54	38	19	18
40	55	77	99	69	95	0	19	47
40	55	48	99	73	64	5	19	43
40	55	45	99	14	66	16	19	44
40	81	68	76	71	43	16	37	41
40	81	84	76	31	66	2	37	44
40	81	58	76	85	21	44	37	37
40	81	47	76	99	9	70	37	27
40	81	53	76	98	5	70	37	31
40	81	56	76	97	23	68	37	18
40	81	77	76	69	55	17	37	47
40	81	48	76	73	15	26	37	43
40	81	45	76	14	56	15	37	44
40	68	84	71	31	55	3	41	44
40	68	58	71	85	11	77	41	37
40	68	47	71	99	10	74	41	27
40	68	53	71	98	14	61	41	31
40	68	56	71	97	12	73	41	18
40	68	77	71	69	46	15	41	47
40	68	48	71	73	13	54	41	43
40	68	45	71	14	30	18	41	44
40	84	58	31	85	3	75	44	37
40	84	47	31	99	3	78	44	27
40	84	53	31	98	4	79	44	31
40	84	56	31	97	1	92	44	18
40	84	77	31	69	3	24	44	47
40	84	48	31	73	2	64	44	43
40	84	45	31	14	4	43	44	44
40	58	47	85	99	19	56	37	27
40	58	53	85	98	2	78	37	31
40	58	56	85	97	19	64	37	18
40	58	77	85	69	60	13	37	47
40	58	48	85	73	39	35	37	43
40	58	45	85	14	54	18	37	44
40	47	53	99	98	64	20	27	31
40	47	56	99	97	38	33	27	18
40	47	77	99	69	96	0	27	47
40	47	48	99	73	65	13	27	43
40	47	45	99	14	70	20	27	44
40	53	56	98	97	21	56	31	18
40	53	77	98	69	66	17	31	47
40	53	48	98	73	73	9	31	43
40	53	45	98	14	65	6	31	44
40	56	77	97	69	63	18	18	47
40	56	48	97	73	71	9	18	43
40	56	45	97	14	56	20	18	44
40	77	48	69	73	0	64	47	43
40	77	45	69	14	35	11	47	44
40	48	45	73	14	25	31	43	44
45	55	32	82	84	37	20	44	41
45	55	27	82	84	8	36	44	37
45	55	47	82	84	23	61	44	38
45	55	48	82	82	10	78	44	30
45	55	54	82	87	26	53	44	36
45	55	51	82	85	23	17	44	40
45	55	36	82	91	8	74	44	31
45	55	26	82	0	68	0	44	65535
45	55	59	82	11	60	0	44	45
45	55	58	82	72	16	36	44	40
45	32	27	84	84	9	22	41	37
45	32	47	84	84	10	62	41	38
45	32	48	84	82	21	61	41	30
45	32	54	84	87	18	57	41	36
45	32	51	84	85	10	59	41	40
45	32	36	84	91	10	67	41	31
45	32	26	84	0	74	0	41	65535
45	32	59	84	11	66	0	41	45
45	32	58	84	72	11	22	41	40
45	27	47	84	84	26	57	37	38
45	27	48	84	82	21	71	37	30
45	27	54	84	87	11	53	37	36
45	27	51	84	85	13	15	37	40
45	27	36	84	91	18	59	37	31
45	27	26	84	0	81	0	37	65535
45	27	59	84	11	79	0	37	45
45	27	58	84	72	11	23	37	40
45	47	48	84	82	23	59	38	30
45	47	54	84	87	22	68	38	36
45	47	51	84	85	52	26	38	40
45	47	36	84	91	13	58	38	31
45	47	26	84	0	79	0	38	65535
45	47	59	84	11	86	0	38	45
45	47	58	84	72	56	20	38	40
45	48	54	82	87	48	23	30	36
45	48	51	82	85	72	8	30	40
45	48	36	82	91	49	19	30	31
45	48	26	82	0	81	0	30	65535
45	48	59	82	11	82	0	30	45
45	48	58	82	72	52	16	30	40
45	54	51	87	85	49	28	36	40
45	54	36	87	91	48	11	36	31
45	54	26	87	0	88	0	36	65535
45	54	59	87	11	90	0	36	45
45	54	58	87	72	64	6	36	40
45	51	36	85	91	7	60	40	31
45	51	26	85	0	87	0	40	65535
45	51	59	85	11	95	0	40	45
45	51	58	85	72	50	13	40	40
45	36	26	91	0	83	0	31	65535
45	36	59	91	11	91	0	31	45
45	36	58	91	72	76	9	31	40
45	26	59	0	11	0	0	65535	45
45	26	58	0	72	6	60	65535	40
45	59	58	11	72	0	84	45	40
46	53	25	78	62	56	24	33	42
46	53	51	78	71	57	28	33	41
46	53	57	78	29	83	5	33	48
46	25	51	62	71	12	70	42	41
46	25	57	62	29	54	7	42	48
46	51	57	71	29	70	6	41	48
47	40	51	89	96	59	18	23	37
47	40	59	89	96	68	22	23	31
47	40	45	89	76	57	18	23	36
47	40	56	89	95	27	63	23	20
47	40	60	89	3	98	0	23	47
47	40	57	89	74	54	20	23	44
47	40	58	89	97	25	62	23	15
47	40	48	89	88	63	24	23	38
47	40	54	89	98	46	34	23	27
47	40	55	89	99	21	58	23	20
47	51	59	96	96	7	71	37	31
47	51	45	96	76	34	33	37	36
47	51	56	96	95	26	66	37	20
47	51	60	96	3	73	9	37	47
47	51	57	96	74	37	22	37	44
47	51	58	96	97	23	61	37	15
47	51	48	96	88	39	16	37	38
47	51	54	96	98	20	60	37	27
47	51	55	96	99	24	66	37	20
47	59	45	96	76	22	47	31	36
47	59	56	96	95	25	50	31	20
47	59	60	96	3	92	0	31	47
47	59	57	96	74	58	14	31	44
47	59	58	96	97	31	51	31	15
47	59	48	96	88	48	18	31	38
47	59	54	96	98	12	69	31	27
47	59	55	96	99	19	52	31	20
47	45	56	76	95	27	59	36	20
47	45	60	76	3	85	1	36	47
47	45	57	76	74	46	26	36	44
47	45	58	76	97	19	63	36	15
47	45	48	76	88	57	24	36	38
47	45	54	76	98	20	66	36	27
47	45	55	76	99	22	62	36	20
47	56	60	95	3	95	0	20	47
47	56	57	95	74	60	26	20	44
47	56	58	95	97	22	61	20	15
47	56	48	95	88	66	13	20	38
47	56	54	95	98	35	27	20	27
47	56	55	95	99	20	63	20	20
47	60	57	3	74	0	81	47	44
47	60	58	3	97	0	93	47	15
47	60	48	3	88	1	73	47	38
47	60	54	3	98	0	98	47	27
47	60	55	3	99	0	97	47	20
47	57	58	74	97	24	57	44	15
47	57	48	74	88	16	35	44	38
47	57	54	74	98	20	58	44	27
47	57	55	74	99	25	61	44	20
47	58	48	97	88	72	19	15	38
47	58	54	97	98	61	29	15	27
47	58	55	97	99	21	35	15	20
47	48	54	88	98	21	61	38	27
47	48	55	88	99	13	68	38	20
47	54	55	98	99	29	61	27	20
48	47	26	66	89	50	9	44	42
48	47	60	66	88	27	51	44	31
48	47	40	66	86	61	25	44	39
48	47	27	66	64	73	1	44	39
48	47	54	66	69	41	30	44	42
48	47	45	66	65	28	32	44	32
48	47	35	66	42	65	7	44	43
48	47	32	66	48	75	3	44	42
48	47	36	66	67	67	8	44	40
48	47	24	66	85	53	9	44	32
48	26	60	89	88	32	42	42	31
48	26	40	89	86	57	15	42	39
48	26	27	89	64	53	13	42	39
48	26	54	89	69	20	7	42	42
48	26	45	89	65	50	21	42	32
48	26	35	89	42	59	14	42	43
48	26	32	89	48	71	0	42	42
48	26	36	89	67	55	15	42	40
48	26	24	89	85	46	15	42	32
48	60	40	88	86	54	24	31	39
48	60	27	88	64	65	6	31	39
48	60	54	88	69	54	24	31	42
48	60	45	88	65	51	21	31	32
48	60	35	88	42	51	8	31	43
48	60	32	88	48	73	0	31	42
48	60	36	88	67	53	24	31	40
48	60	24	88	85	51	30	31	32
48	40	27	86	64	25	25	39	39
48	40	54	86	69	18	44	39	42
48	40	45	86	65	27	33	39	32
48	40	35	86	42	53	8	39	43
48	40	32	86	48	70	0	39	42
48	40	36	86	67	11	9	39	40
48	40	24	86	85	13	18	39	32
48	27	54	64	69	9	55	39	42
48	27	45	64	65	22	41	39	32
48	27	35	64	42	36	7	39	43
48	27	32	64	48	76	0	39	42
48	27	36	64	67	18	12	39	40
48	27	24	64	85	13	8	39	32
48	54	45	69	65	25	38	42	32
48	54	35	69	42	63	0	42	43
48	54	32	69	48	66	0	42	42
48	54	36	69	67	52	15	42	40
48	54	24	69	85	51	12	42	32
48	45	35	65	42	64	5	32	43
48	45	32	65	48	65	0	32	42
48	45	36	65	67	51	20	32	40
48	45	24	65	85	49	14	32	32
48	35	32	42	48	40	0	43	42
48	35	36	42	67	15	31	43	40
48	35	24	42	85	9	41	43	32
48	32	36	48	67	0	76	42	40
48	32	24	48	85	0	73	42	32
48	36	24	67	85	11	17	40	32
51	56	25	92	100	60	31	21	35
51	56	57	92	72	74	19	21	42
51	56	45	92	90	67	15	21	42
51	56	81	92	84	50	19	21	31
51	56	40	92	83	56	24	21	34
51	56	55	92	94	66	22	21	36
51	56	77	92	74	58	20	21	45
51	56	84	92	98	67	13	21	34
51	56	47	92	83	51	25	21	39
51	56	68	92	89	69	15	21	29
51	56	46	92	93	71	13	21	39
51	56	53	92	100	24	61	21	19
51	56	54	92	93	55	29	21	37
51	56	58	92	59	71	22	21	40
51	25	57	100	72	72	16	35	42
51	25	45	100	90	73	10	35	42
51	25	81	100	84	23	51	35	31
51	25	40	100	83	18	33	35	34
51	25	55	100	94	29	16	35	36
51	25	77	100	74	73	18	35	45
51	25	84	100	98	24	21	35	34
51	25	47	100	83	21	22	35	39
51	25	68	100	89	25	59	35	29
51	25	46	100	93	59	25	35	39
51	25	53	100	100	34	63	35	19
51	25	54	100	93	34	24	35	37
51	25	58	100	59	89	1	35	40
51	57	45	72	90	67	13	42	42
51	57	81	72	84	31	44	42	31
51	57	40	72	83	18	68	42	34
51	57	55	72	94	42	31	42	36
51	57	77	72	74	47	24	42	45
51	57	84	72	98	15	56	42	34
51	57	47	72	83	27	47	42	39
51	57	68	72	89	28	58	42	29
51	57	46	72	93	47	28	42	39
51	57	53	72	100	17	68	42	19
51	57	54	72	93	62	22	42	37
51	57	58	72	59	68	4	42	40
51	45	81	90	84	7	72	42	31
51	45	40	90	83	13	68	42	34
51	45	55	90	94	54	18	42	36
51	45	77	90	74	60	10	42	45
51	45	84	90	98	9	65	42	34
51	45	47	90	83	23	53	42	39
51	45	68	90	89	24	52	42	29
51	45	46	90	93	31	24	42	39
51	45	53	90	100	10	72	42	19
51	45	54	90	93	48	18	42	37
51	45	58	90	59	13	17	42	40
51	81	40	84	83	20	64	31	34
51	81	55	84	94	18	57	31	36
51	81	77	84	74	75	1	31	45
51	81	84	84	98	49	34	31	34
51	81	47	84	83	55	25	31	39
51	81	68	84	89	25	58	31	29
51	81	46	84	93	53	21	31	39
51	81	53	84	100	23	58	31	19
51	81	54	84	93	77	1	31	37
51	81	58	84	59	55	27	31	40
51	40	55	83	94	53	25	34	36
51	40	77	83	74	80	2	34	45
51	40	84	83	98	24	43	34	34
51	40	47	83	83	56	23	34	39
51	40	68	83	89	23	64	34	29
51	40	46	83	93	46	17	34	39
51	40	53	83	100	26	65	34	19
51	40	54	83	93	94	0	34	37
51	40	58	83	59	70	14	34	40
51	55	77	94	74	96	0	36	45
51	55	84	94	98	14	46	36	34
51	55	47	94	83	54	26	36	39
51	55	68	94	89	22	64	36	29
51	55	46	94	93	39	23	36	39
51	55	53	94	100	13	70	36	19
51	55	54	94	93	29	45	36	37
51	55	58	94	59	75	8	36	40
51	77	84	74	98	9	79	45	34
51	77	47	74	83	20	51	45	39
51	77	68	74	89	20	50	45	29
51	77	46	74	93	35	24	45	39
51	77	53	74	100	4	86	45	19
51	77	54	74	93	10	62	45	37
51	77	58	74	59	21	30	45	40
51	84	47	98	83	13	57	34	39
51	84	68	98	89	23	52	34	29
51	84	46	98	93	56	13	34	39
51	84	53	98	100	26	60	34	19
51	84	54	98	93	32	55	34	37
51	84	58	98	59	80	3	34	40
51	47	68	83	89	18	59	39	29
51	47	46	83	93	41	26	39	39
51	47	53	83	100	20	58	39	19
51	47	54	83	93	31	33	39	37
51	47	58	83	59	65	15	39	40
51	68	46	89	93	52	27	29	39
51	68	53	89	100	22	74	29	19
51	68	54	89	93	43	28	29	37
51	68	58	89	59	44	29	29	40
51	46	53	93	100	29	55	39	19
51	46	54	93	93	20	21	39	37
51	46	58	93	59	47	11	39	40
51	53	54	100	93	59	26	19	37
51	53	58	100	59	70	11	19	40
51	54	58	93	59	59	21	37	40
53	46	57	94	99	19	79	33	34
53	46	47	94	32	92	1	33	46
53	46	55	94	80	63	9	33	38
53	46	40	94	96	13	19	33	33
53	46	84	94	71	73	7	33	40
53	46	56	94	100	17	62	33	29
53	46	51	94	100	31	51	33	19
53	46	68	94	73	73	10	33	37
53	46	25	94	92	45	27	33	36
53	46	54	94	95	48	14	33	37
53	57	47	99	32	73	10	34	46
53	57	55	99	80	73	18	34	38
53	57	40	99	96	61	10	34	33
53	57	84	99	71	72	8	34	40
53	57	56	99	100	33	34	34	29
53	57	51	99	100	25	61	34	19
53	57	68	99	73	63	23	34	37
53	57	25	99	92	66	26	34	36
53	57	54	99	95	59	23	34	37
53	47	55	32	80	1	77	46	38
53	47	40	32	96	1	75	46	33
53	47	84	32	71	2	57	46	40
53	47	56	32	100	0	87	46	29
53	47	51	32	100	1	90	46	19
53	47	68	32	73	0	60	46	37
53	47	25	32	92	0	79	46	36
53	47	54	32	95	6	65	46	37
53	55	40	80	96	27	67	38	33
53	55	84	80	71	57	7	38	40
53	55	56	80	100	22	66	38	29
53	55	51	80	100	24	54	38	19
53	55	68	80	73	34	10	38	37
53	55	25	80	92	34	13	38	36
53	55	54	80	95	47	18	38	37
53	40	84	96	71	60	19	33	40
53	40	56	96	100	32	36	33	29
53	40	51	96	100	24	60	33	19
53	40	68	96	73	79	8	33	37
53	40	25	96	92	68	13	33	36
53	40	54	96	95	41	35	33	37
53	84	56	71	100	12	63	40	29
53	84	51	71	100	17	74	40	19
53	84	68	71	73	11	62	40	37
53	84	25	71	92	8	44	40	36
53	84	54	71	95	11	74	40	37
53	56	51	100	100	21	75	29	19
53	56	68	100	73	71	10	29	37
53	56	25	100	92	59	24	29	36
53	56	54	100	95	61	27	29	37
53	51	68	100	73	92	7	19	37
53	51	25	100	92	82	9	19	36
53	51	54	100	95	62	25	19	37
53	68	25	73	92	0	86	37	36
53	68	54	73	95	10	63	37	37
53	25	54	92	95	43	13	36	37
54	51	53	87	96	28	49	38	34
54	51	84	87	86	60	26	38	40
54	51	45	87	90	28	58	38	29
54	51	55	87	92	15	75	38	28
54	51	57	87	29	41	28	38	47
54	51	47	87	98	19	69	38	23
54	51	58	87	91	58	13	38	32
54	51	32	87	95	26	55	38	26
54	51	56	87	98	24	64	38	20
54	51	81	87	65	60	13	38	39
54	51	48	87	82	18	48	38	39
54	51	40	87	97	10	71	38	16
54	53	84	96	86	51	23	34	40
54	53	45	96	90	16	68	34	29
54	53	55	96	92	25	58	34	28
54	53	57	96	29	69	17	34	47
54	53	47	96	98	20	56	34	23
54	53	58	96	91	64	9	34	32
54	53	32	96	95	17	67	34	26
54	53	56	96	98	33	59	34	20
54	53	81	96	65	75	8	34	39
54	53	48	96	82	32	25	34	39
54	53	40	96	97	23	61	34	16
54	84	45	86	90	15	64	40	29
54	84	55	86	92	17	68	40	28
54	84	57	86	29	20	64	40	47
54	84	47	86	98	12	70	40	23
54	84	58	86	91	75	1	40	32
54	84	32	86	95	15	65	40	26
54	84	56	86	98	15	66	40	20
54	84	81	86	65	32	19	40	39
54	84	48	86	82	20	53	40	39
54	84	40	86	97	26	62	40	16
54	45	55	90	92	28	49	29	28
54	45	57	90	29	71	17	29	47
54	45	47	90	98	26	63	29	23
54	45	58	90	91	62	24	29	32
54	45	32	90	95	38	31	29	26
54	45	56	90	98	17	69	29	20
54	45	81	90	65	90	3	29	39
54	45	48	90	82	75	18	29	39
54	45	40	90	97	23	58	29	16
54	55	57	92	29	69	17	28	47
54	55	47	92	98	21	62	28	23
54	55	58	92	91	66	21	28	32
54	55	32	92	95	43	36	28	26
54	55	56	92	98	24	69	28	20
54	55	81	92	65	75	8	28	39
54	55	48	92	82	57	15	28	39
54	55	40	92	97	20	63	28	16
54	57	47	29	98	15	62	47	23
54	57	58	29	91	9	49	47	32
54	57	32	29	95	7	74	47	26
54	57	56	29	98	13	71	47	20
54	57	81	29	65	43	15	47	39
54	57	48	29	82	16	50	47	39
54	57	40	29	97	12	65	47	16
54	47	58	98	91	56	24	23	32
54	47	32	98	95	62	19	23	26
54	47	56	98	98	30	45	23	20
54	47	81	98	65	71	6	23	39
54	47	48	98	82	73	8	23	39
54	47	40	98	97	19	62	23	16
54	58	32	91	95	25	58	32	26
54	58	56	91	98	16	62	32	20
54	58	81	91	65	56	15	32	39
54	58	48	91	82	50	24	32	39
54	58	40	91	97	11	70	32	16
54	32	56	95	98	30	61	26	20
54	32	81	95	65	76	9	26	39
54	32	48	95	82	71	11	26	39
54	32	40	95	97	23	64	26	16
54	56	81	98	65	75	8	20	39
54	56	48	98	82	80	5	20	39
54	56	40	98	97	22	62	20	16
54	81	48	65	82	14	60	39	39
54	81	40	65	97	9	82	39	16
54	48	40	82	97	20	69	39	16
55	51	56	97	91	26	61	33	26
55	51	53	97	93	67	23	33	38
55	51	32	97	96	15	61	33	29
55	51	58	97	96	15	59	33	18
55	51	57	97	75	65	23	33	46
55	51	47	97	98	28	49	33	20
55	51	59	97	94	17	32	33	30
55	51	54	97	93	27	64	33	31
55	51	40	97	91	30	47	33	26
55	51	45	97	84	60	26	33	40
55	56	53	91	93	48	36	26	38
55	56	32	91	96	31	42	26	29
55	56	58	91	96	23	60	26	18
55	56	57	91	75	69	19	26	46
55	56	47	91	98	21	62	26	20
55	56	59	91	94	57	28	26	30
55	56	54	91	93	25	70	26	31
55	56	40	91	91	24	52	26	26
55	56	45	91	84	56	21	26	40
55	53	32	93	96	6	75	38	29
55	53	58	93	96	16	63	38	18
55	53	57	93	75	34	32	38	46
55	53	47	93	98	16	66	38	20
55	53	59	93	94	4	61	38	30
55	53	54	93	93	24	57	38	31
55	53	40	93	91	25	65	38	26
55	53	45	93	84	36	42	38	40
55	32	58	96	96	25	60	29	18
55	32	57	96	75	64	9	29	46
55	32	47	96	98	28	54	29	20
55	32	59	96	94	25	23	29	30
55	32	54	96	93	31	53	29	31
55	32	40	96	91	28	63	29	26
55	32	45	96	84	52	27	29	40
55	58	57	96	75	65	8	18	46
55	58	47	96	98	29	49	18	20
55	58	59	96	94	62	25	18	30
55	58	54	96	93	62	17	18	31
55	58	40	96	91	47	30	18	26
55	58	45	96	84	77	13	18	40
55	57	47	75	98	23	61	46	20
55	57	59	75	94	14	63	46	30
55	57	54	75	93	22	60	46	31
55	57	40	75	91	21	60	46	26
55	57	45	75	84	28	40	46	40
55	47	59	98	94	69	27	20	30
55	47	54	98	93	68	19	20	31
55	47	40	98	91	66	29	20	26
55	47	45	98	84	58	26	20	40
55	59	54	94	93	23	63	30	31
55	59	40	94	91	28	56	30	26
55	59	45	94	84	67	6	30	40
55	54	40	93	91	47	29	31	26
55	54	45	93	84	58	25	31	40
55	40	45	91	84	61	21	26	40
56	51	47	100	95	65	26	23	28
56	51	32	100	98	36	21	23	22
56	51	58	100	94	60	25	23	34
56	51	59	100	92	70	10	23	36
56	51	55	100	94	67	34	23	28
56	51	53	100	98	58	26	23	30
56	51	54	100	100	38	48	23	21
56	51	68	100	69	69	13	23	41
56	51	25	100	96	62	22	23	42
56	51	57	100	90	61	29	23	35
56	51	77	100	22	70	14	23	48
56	51	81	100	74	63	26	23	36
56	51	45	100	2	97	0	23	46
56	51	40	100	97	32	52	23	20
56	47	32	95	98	26	31	28	22
56	47	58	95	94	63	26	28	34
56	47	59	95	92	60	26	28	36
56	47	55	95	94	65	26	28	28
56	47	53	95	98	65	13	28	30
56	47	54	95	100	21	68	28	21
56	47	68	95	69	86	10	28	41
56	47	25	95	96	63	16	28	42
56	47	57	95	90	56	31	28	35
56	47	77	95	22	66	9	28	48
56	47	81	95	74	65	12	28	36
56	47	45	95	2	94	0	28	46
56	47	40	95	97	25	53	28	20
56	32	58	98	94	62	25	22	34
56	32	59	98	92	64	15	22	36
56	32	55	98	94	55	24	22	28
56	32	53	98	98	71	17	22	30
56	32	54	98	100	32	54	22	21
56	32	68	98	69	77	5	22	41
56	32	25	98	96	68	21	22	42
56	32	57	98	90	63	11	22	35
56	32	77	98	22	82	9	22	48
56	32	81	98	74	62	6	22	36
56	32	45	98	2	91	0	22	46
56	32	40	98	97	27	63	22	20
56	58	59	94	92	39	31	34	36
56	58	55	94	94	26	53	34	28
56	58	53	94	98	10	54	34	30
56	58	54	94	100	23	57	34	21
56	58	68	94	69	65	10	34	41
56	58	25	94	96	59	7	34	42
56	58	57	94	90	18	60	34	35
56	58	77	94	22	70	13	34	48
56	58	81	94	74	62	9	34	36
56	58	45	94	2	77	6	34	46
56	58	40	94	97	26	66	34	20
56	59	55	92	94	28	56	36	28
56	59	53	92	98	16	47	36	30
56	59	54	92	100	18	64	36	21
56	59	68	92	69	58	8	36	41
56	59	25	92	96	70	8	36	42
56	59	57	92	90	17	66	36	35
56	59	77	92	22	66	11	36	48
56	59	81	92	74	40	14	36	36
56	59	45	92	2	91	3	36	46
56	59	40	92	97	25	55	36	20
56	55	53	94	98	37	32	28	30
56	55	54	94	100	24	52	28	21
56	55	68	94	69	59	13	28	41
56	55	25	94	96	65	14	28	42
56	55	57	94	90	41	22	28	35
56	55	77	94	22	51	20	28	48
56	55	81	94	74	64	16	28	36
56	55	45	94	2	79	1	28	46
56	55	40	94	97	27	57	28	20
56	53	54	98	100	21	63	30	21
56	53	68	98	69	62	20	30	41
56	53	25	98	96	57	28	30	42
56	53	57	98	90	56	26	30	35
56	53	77	98	22	77	11	30	48
56	53	81	98	74	62	15	30	36
56	53	45	98	2	77	8	30	46
56	53	40	98	97	32	52	30	20
56	54	68	100	69	88	1	21	41
56	54	25	100	96	67	12	21	42
56	54	57	100	90	55	19	21	35
56	54	77	100	22	72	11	21	48
56	54	81	100	74	71	13	21	36
56	54	45	100	2	62	20	21	46
56	54	40	100	97	28	37	21	20
56	68	25	69	96	8	36	41	42
56	68	57	69	90	10	75	41	35
56	68	77	69	22	0	0	41	48
56	68	81	69	74	0	1	41	36
56	68	45	69	2	3	30	41	46
56	68	40	69	97	11	74	41	20
56	25	57	96	90	17	73	42	35
56	25	77	96	22	68	0	42	48
56	25	81	96	74	77	0	42	36
56	25	45	96	2	53	5	42	46
56	25	40	96	97	20	60	42	20
56	57	77	90	22	72	13	35	48
56	57	81	90	74	61	23	35	36
56	57	45	90	2	71	7	35	46
56	57	40	90	97	24	58	35	20
56	77	81	22	74	15	13	48	36
56	77	45	22	2	35	21	48	46
56	77	40	22	97	6	80	48	20
56	81	45	74	2	12	27	36	46
56	81	40	74	97	9	80	36	20
56	45	40	2	97	19	55	46	20
57	56	51	98	88	60	25	29	38
57	56	25	98	70	47	30	29	42
57	56	47	98	93	62	24	29	41
57	56	53	98	100	27	54	29	30
57	56	81	98	73	63	21	29	37
57	56	54	98	73	64	21	29	45
57	56	84	98	100	62	20	29	35
57	56	40	98	0	80	8	29	65535
57	56	55	98	95	71	16	29	42
57	56	68	98	5	72	15	29	43
57	51	25	88	70	30	19	38	42
57	51	47	88	93	55	14	38	41
57	51	53	88	100	27	56	38	30
57	51	81	88	73	43	30	38	37
57	51	54	88	73	44	18	38	45
57	51	84	88	100	48	31	38	35
57	51	40	88	0	50	14	38	65535
57	51	55	88	95	54	15	38	42
57	51	68	88	5	33	35	38	43
57	25	47	70	93	7	51	42	41
57	25	53	70	100	6	76	42	30
57	25	81	70	73	20	20	42	37
57	25	54	70	73	9	40	42	45
57	25	84	70	100	4	66	42	35
57	25	40	70	0	15	7	42	65535
57	25	55	70	95	11	50	42	42
57	25	68	70	5	1	17	42	43
57	47	53	93	100	10	63	41	30
57	47	81	93	73	35	20	41	37
57	47	54	93	73	31	16	41	45
57	47	84	93	100	10	53	41	35
57	47	40	93	0	69	2	41	65535
57	47	55	93	95	34	26	41	42
57	47	68	93	5	88	1	41	43
57	53	81	100	73	67	13	30	37
57	53	54	100	73	77	16	30	45
57	53	84	100	100	64	22	30	35
57	53	40	100	0	76	10	30	65535
57	53	55	100	95	64	29	30	42
57	53	68	100	5	96	1	30	43
57	81	54	73	73	29	37	37	45
57	81	84	73	100	8	71	37	35
57	81	40	73	0	60	7	37	65535
57	81	55	73	95	39	16	37	42
57	81	68	73	5	37	18	37	43
57	54	84	73	100	11	57	45	35
57	54	40	73	0	60	2	45	65535
57	54	55	73	95	56	11	45	42
57	54	68	73	5	46	18	45	43
57	84	40	100	0	86	1	35	65535
57	84	55	100	95	62	12	35	42
57	84	68	100	5	77	7	35	43
57	40	55	0	95	12	48	65535	42
57	40	68	0	5	11	23	65535	43
57	55	68	95	5	35	5	42	43
58	48	59	47	95	6	78	44	23
58	48	45	47	77	17	50	44	36
58	48	55	47	96	8	77	44	19
58	48	40	47	63	11	61	44	36
58	48	54	47	81	9	69	44	39
58	48	56	47	86	15	69	44	38
58	48	32	47	64	11	54	44	39
58	48	47	47	100	7	82	44	19
58	48	57	47	1	58	1	44	49
58	48	51	47	37	49	6	44	44
58	59	45	95	77	69	16	23	36
58	59	55	95	96	31	45	23	19
58	59	40	95	63	61	20	23	36
58	59	54	95	81	64	26	23	39
58	59	56	95	86	59	27	23	38
58	59	32	95	64	66	8	23	39
58	59	47	95	100	34	57	23	19
58	59	57	95	1	91	1	23	49
58	59	51	95	37	82	5	23	44
58	45	55	77	96	9	71	36	19
58	45	40	77	63	17	48	36	36
58	45	54	77	81	14	60	36	39
58	45	56	77	86	11	75	36	38
58	45	32	77	64	14	66	36	39
58	45	47	77	100	21	64	36	19
58	45	57	77	1	51	5	36	49
58	45	51	77	37	29	14	36	44
58	55	40	96	63	63	24	19	36
58	55	54	96	81	53	22	19	39
58	55	56	96	86	64	21	19	38
58	55	32	96	64	65	13	19	39
58	55	47	96	100	25	66	19	19
58	55	57	96	1	85	8	19	49
58	55	51	96	37	77	14	19	44
58	40	54	63	81	26	55	36	39
58	40	56	63	86	30	49	36	38
58	40	32	63	64	31	27	36	39
58	40	47	63	100	15	70	36	19
58	40	57	63	1	74	5	36	49
58	40	51	63	37	74	3	36	44
58	54	56	81	86	34	38	39	38
58	54	32	81	64	53	26	39	39
58	54	47	81	100	28	59	39	19
58	54	57	81	1	97	0	39	49
58	54	51	81	37	92	2	39	44
58	56	32	86	64	59	24	38	39
58	56	47	86	100	25	61	38	19
58	56	57	86	1	95	0	38	49
58	56	51	86	37	76	13	38	44
58	32	47	64	100	22	64	39	19
58	32	57	64	1	93	0	39	49
58	32	51	64	37	74	6	39	44
58	47	57	100	1	97	0	19	49
58	47	51	100	37	82	2	19	44
58	57	51	1	37	0	21	49	44
59	47	58	92	93	23	56	35	23
59	47	40	92	95	47	25	35	38
59	47	56	92	95	62	18	35	37
59	47	55	92	96	34	36	35	31
59	47	54	92	55	47	22	35	45
59	58	40	93	95	62	31	23	38
59	58	56	93	95	68	17	23	37
59	58	55	93	96	49	29	23	31
59	58	54	93	55	73	11	23	45
59	40	56	95	95	61	24	38	37
59	40	55	95	96	29	49	38	31
59	40	54	95	55	38	20	38	45
59	56	55	95	96	20	60	37	31
59	56	54	95	55	78	10	37	45
59	55	54	96	55	64	16	31	45
60	48	39	86	68	55	4	33	34
60	48	66	86	81	57	8	33	36
60	48	38	86	0	85	0	33	65535
60	48	37	86	30	61	13	33	42
60	48	34	86	56	66	9	33	38
60	48	45	86	65	82	4	33	43
60	48	54	86	17	68	1	33	47
60	48	35	86	60	76	0	33	42
60	48	26	86	15	68	16	33	46
60	48	47	86	14	86	0	33	47
60	39	66	68	81	58	12	34	36
60	39	38	68	0	75	0	34	65535
60	39	37	68	30	52	7	34	42
60	39	34	68	56	49	14	34	38
60	39	45	68	65	67	3	34	43
60	39	54	68	17	59	0	34	47
60	39	35	68	60	36	4	34	42
60	39	26	68	15	44	5	34	46
60	39	47	68	14	53	0	34	47
60	66	38	81	0	55	0	36	65535
60	66	37	81	30	26	13	36	42
60	66	34	81	56	19	31	36	38
60	66	45	81	65	50	3	36	43
60	66	54	81	17	63	0	36	47
60	66	35	81	60	65	0	36	42
60	66	26	81	15	48	11	36	46
60	66	47	81	14	64	0	36	47
60	38	37	0	30	0	10	65535	42
60	38	34	0	56	0	66	65535	38
60	38	45	0	65	0	8	65535	43
60	38	54	0	17	4	0	65535	47
60	38	35	0	60	0	5	65535	42
60	38	26	0	15	0	47	65535	46
60	38	47	0	14	0	2	65535	47
60	37	34	30	56	18	36	42	38
60	37	45	30	65	8	27	42	43
60	37	54	30	17	52	0	42	47
60	37	35	30	60	26	0	42	42
60	37	26	30	15	31	18	42	46
60	37	47	30	14	36	0	42	47
60	34	45	56	65	28	24	38	43
60	34	54	56	17	49	0	38	47
60	34	35	56	60	34	0	38	42
60	34	26	56	15	24	10	38	46
60	34	47	56	14	60	0	38	47
60	45	54	65	17	54	0	43	47
60	45	35	65	60	35	1	43	42
60	45	26	65	15	17	3	43	46
60	45	47	65	14	19	0	43	47
60	54	35	17	60	0	28	47	42
60	54	26	17	15	0	62	47	46
60	54	47	17	14	0	0	47	47
60	35	26	60	15	0	28	42	46
60	35	47	60	14	3	5	42	47
60	26	47	15	14	33	0	46	47
63	68	78	81	85	29	48	40	32
63	68	64	81	97	10	80	40	27
63	68	69	81	95	15	65	40	36
63	68	8	81	86	14	36	40	41
63	68	76	81	84	26	56	40	43
63	78	64	85	97	14	66	32	27
63	78	69	85	95	26	32	32	36
63	78	8	85	86	51	23	32	41
63	78	76	85	84	56	30	32	43
63	64	69	97	95	66	11	27	36
63	64	8	97	86	57	25	27	41
63	64	76	97	84	67	9	27	43
63	69	8	95	86	65	19	36	41
63	69	76	95	84	62	22	36	43
63	8	76	86	84	22	57	41	43
64	63	4	100	2	100	0	30	45
64	63	8	100	97	45	33	30	38
64	63	80	100	89	70	18	30	43
64	63	9	100	1	79	4	30	47
64	63	72	100	4	97	0	30	47
64	4	8	2	97	0	94	45	38
64	4	80	2	89	0	99	45	43
64	4	9	2	1	0	28	45	47
64	4	72	2	4	0	0	45	47
64	8	80	97	89	42	22	38	43
64	8	9	97	1	79	9	38	47
64	8	72	97	4	94	0	38	47
64	80	9	89	1	62	2	43	47
64	80	72	89	4	91	0	43	47
64	9	72	1	4	2	0	47	47
65	73	82	100	100	61	36	23	30
65	73	85	100	99	55	31	23	39
65	82	85	100	99	50	34	30	39
66	80	13	69	95	10	76	44	37
66	80	20	69	76	16	50	44	41
66	80	17	69	89	7	62	44	37
66	80	60	69	79	16	57	44	39
66	80	117	69	45	18	11	44	47
66	80	11	69	66	45	0	44	48
66	80	126	69	0	36	0	44	65535
66	13	20	95	76	46	20	37	41
66	13	17	95	89	48	17	37	37
66	13	60	95	79	32	13	37	39
66	13	117	95	45	68	5	37	47
66	13	11	95	66	72	6	37	48
66	13	126	95	0	73	0	37	65535
66	20	17	76	89	16	37	41	37
66	20	60	76	79	26	37	41	39
66	20	117	76	45	59	8	41	47
66	20	11	76	66	62	7	41	48
66	20	126	76	0	80	0	41	65535
66	17	60	89	79	32	38	37	39
66	17	117	89	45	68	9	37	47
66	17	11	89	66	53	10	37	48
66	17	126	89	0	90	0	37	65535
66	60	117	79	45	51	21	39	47
66	60	11	79	66	55	10	39	48
66	60	126	79	0	66	0	39	65535
66	117	11	45	66	20	10	47	48
66	117	126	45	0	53	0	47	65535
66	11	126	66	0	51	0	48	65535
67	9	8	83	96	81	9	26	39
67	9	70	83	5	63	10	26	47
67	9	10	83	98	58	27	26	36
67	9	72	83	97	53	10	26	39
67	9	11	83	15	92	1	26	49
67	8	70	96	5	27	16	39	47
67	8	10	96	98	29	48	39	36
67	8	72	96	97	10	70	39	39
67	8	11	96	15	82	0	39	49
67	70	10	5	98	13	64	47	36
67	70	72	5	97	27	56	47	39
67	70	11	5	15	77	2	47	49
67	10	72	98	97	54	15	36	39
67	10	11	98	15	85	1	36	49
67	72	11	97	15	93	0	39	49
68	53	54	70	7	72	0	38	48
68	53	69	70	87	8	61	38	33
68	53	79	70	79	12	67	38	33
68	53	78	70	76	26	47	38	27
68	53	76	70	99	11	69	38	27
68	53	81	70	33	35	17	38	37
68	53	51	70	65	20	58	38	34
68	53	77	70	100	12	63	38	11
68	53	63	70	74	31	20	38	46
68	53	56	70	76	38	28	38	40
68	53	72	70	82	11	27	38	39
68	53	40	70	20	60	12	38	46
68	53	75	70	88	11	70	38	24
68	53	57	70	16	36	18	38	48
68	54	69	7	87	0	93	48	33
68	54	79	7	79	0	56	48	33
68	54	78	7	76	0	90	48	27
68	54	76	7	99	0	97	48	27
68	54	81	7	33	0	51	48	37
68	54	51	7	65	0	89	48	34
68	54	77	7	100	0	100	48	11
68	54	63	7	74	0	76	48	46
68	54	56	7	76	0	76	48	40
68	54	72	7	82	0	36	48	39
68	54	40	7	20	0	29	48	46
68	54	75	7	88	1	74	48	24
68	54	57	7	16	1	28	48	48
68	69	79	87	79	44	16	33	33
68	69	78	87	76	31	36	33	27
68	69	76	87	99	27	40	33	27
68	69	81	87	33	51	9	33	37
68	69	51	87	65	63	12	33	34
68	69	77	87	100	16	61	33	11
68	69	63	87	74	65	20	33	46
68	69	56	87	76	67	8	33	40
68	69	72	87	82	61	10	33	39
68	69	40	87	20	96	0	33	46
68	69	75	87	88	35	41	33	24
68	69	57	87	16	70	8	33	48
68	79	78	79	76	25	57	33	27
68	79	76	79	99	22	55	33	27
68	79	81	79	33	32	36	33	37
68	79	51	79	65	19	19	33	34
68	79	77	79	100	14	77	33	11
68	79	63	79	74	51	21	33	46
68	79	56	79	76	66	9	33	40
68	79	72	79	82	27	22	33	39
68	79	40	79	20	63	1	33	46
68	79	75	79	88	15	55	33	24
68	79	57	79	16	59	8	33	48
68	78	76	76	99	31	42	27	27
68	78	81	76	33	44	20	27	37
68	78	51	76	65	47	34	27	34
68	78	77	76	100	28	47	27	11
68	78	63	76	74	51	20	27	46
68	78	56	76	76	63	15	27	40
68	78	72	76	82	57	30	27	39
68	78	40	76	20	64	13	27	46
68	78	75	76	88	41	31	27	24
68	78	57	76	16	61	1	27	48
68	76	81	99	33	61	21	27	37
68	76	51	99	65	69	12	27	34
68	76	77	99	100	18	62	27	11
68	76	63	99	74	56	27	27	46
68	76	56	99	76	81	11	27	40
68	76	72	99	82	66	24	27	39
68	76	40	99	20	95	1	27	46
68	76	75	99	88	47	22	27	24
68	76	57	99	16	73	7	27	48
68	81	51	33	65	16	42	37	34
68	81	77	33	100	21	52	37	11
68	81	63	33	74	52	7	37	46
68	81	56	33	76	30	27	37	40
68	81	72	33	82	18	54	37	39
68	81	40	33	20	59	3	37	46
68	81	75	33	88	20	65	37	24
68	81	57	33	16	24	30	37	48
68	51	77	65	100	26	50	34	11
68	51	63	65	74	58	9	34	46
68	51	56	65	76	68	7	34	40
68	51	72	65	82	14	36	34	39
68	51	40	65	20	71	0	34	46
68	51	75	65	88	23	62	34	24
68	51	57	65	16	57	5	34	48
68	77	63	100	74	70	17	11	46
68	77	56	100	76	99	0	11	40
68	77	72	100	82	57	23	11	39
68	77	40	100	20	84	10	11	46
68	77	75	100	88	65	22	11	24
68	77	57	100	16	85	3	11	48
68	63	56	74	76	20	11	46	40
68	63	72	74	82	15	65	46	39
68	63	40	74	20	25	8	46	46
68	63	75	74	88	17	67	46	24
68	63	57	74	16	28	26	46	48
68	56	72	76	82	11	46	40	39
68	56	40	76	20	9	33	40	46
68	56	75	76	88	1	94	40	24
68	56	57	76	16	34	10	40	48
68	72	40	82	20	65	5	39	46
68	72	75	82	88	16	58	39	24
68	72	57	82	16	69	7	39	48
68	40	75	20	88	2	80	46	24
68	40	57	20	16	3	15	46	48
68	75	57	88	16	69	2	24	48
69	132	123	78	79	14	18	42	43
69	132	75	78	87	17	70	42	25
69	132	68	78	85	18	58	42	29
69	132	77	78	100	8	72	42	34
69	132	79	78	76	16	17	42	41
69	132	63	78	100	9	60	42	36
69	132	81	78	44	56	13	42	44
69	132	78	78	88	18	67	42	22
69	132	76	78	100	20	76	42	19
69	132	70	78	4	68	0	42	48
69	132	80	78	89	22	67	42	36
69	132	72	78	33	53	9	42	46
69	123	75	79	87	12	69	43	25
69	123	68	79	85	15	68	43	29
69	123	77	79	100	10	66	43	34
69	123	79	79	76	13	27	43	41
69	123	63	79	100	12	63	43	36
69	123	81	79	44	51	15	43	44
69	123	78	79	88	18	65	43	22
69	123	76	79	100	22	71	43	19
69	123	70	79	4	75	0	43	48
69	123	80	79	89	15	56	43	36
69	123	72	79	33	79	1	43	46
69	75	68	87	85	57	13	25	29
69	75	77	87	100	53	41	25	34
69	75	79	87	76	55	21	25	41
69	75	63	87	100	55	29	25	36
69	75	81	87	44	57	13	25	44
69	75	78	87	88	49	30	25	22
69	75	76	87	100	19	69	25	19
69	75	70	87	4	82	5	25	48
69	75	80	87	89	54	25	25	36
69	75	72	87	33	73	12	25	46
69	68	77	85	100	49	35	29	34
69	68	79	85	76	49	11	29	41
69	68	63	85	100	56	27	29	36
69	68	81	85	44	89	0	29	44
69	68	78	85	88	38	30	29	22
69	68	76	85	100	23	57	29	19
69	68	70	85	4	82	0	29	48
69	68	80	85	89	61	23	29	36
69	68	72	85	33	80	0	29	46
69	77	79	100	76	60	16	34	41
69	77	63	100	100	56	26	34	36
69	77	81	100	44	64	16	34	44
69	77	78	100	88	38	50	34	22
69	77	76	100	100	24	60	34	19
69	77	70	100	4	99	0	34	48
69	77	80	100	89	56	11	34	36
69	77	72	100	33	98	1	34	46
69	79	63	76	100	5	70	41	36
69	79	81	76	44	72	0	41	44
69	79	78	76	88	25	63	41	22
69	79	76	76	100	16	68	41	19
69	79	70	76	4	79	0	41	48
69	79	80	76	89	14	45	41	36
69	79	72	76	33	58	7	41	46
69	63	81	100	44	84	4	36	44
69	63	78	100	88	31	46	36	22
69	63	76	100	100	32	68	36	19
69	63	70	100	4	98	0	36	48
69	63	80	100	89	57	13	36	36
69	63	72	100	33	87	5	36	46
69	81	78	44	88	9	69	44	22
69	81	76	44	100	3	81	44	19
69	81	70	44	4	14	1	44	48
69	81	80	44	89	2	88	44	36
69	81	72	44	33	0	11	44	46
69	78	76	88	100	21	74	22	19
69	78	70	88	4	84	0	22	48
69	78	80	88	89	55	21	22	36
69	78	72	88	33	73	9	22	46
69	76	70	100	4	100	0	19	48
69	76	80	100	89	53	36	19	36
69	76	72	100	33	89	1	19	46
69	70	80	4	89	0	99	48	36
69	70	72	4	33	0	7	48	46
69	80	72	89	33	92	0	36	46
70	67	72	77	100	14	69	44	25
70	67	85	77	100	11	72	44	26
70	67	78	77	83	18	56	44	28
70	67	71	77	98	7	50	44	39
70	72	85	100	100	33	24	25	26
70	72	78	100	83	67	21	25	28
70	72	71	100	98	52	27	25	39
70	85	78	100	83	72	12	26	28
70	85	71	100	98	71	7	26	39
70	78	71	83	98	46	34	28	39
71	72	74	98	100	28	65	31	25
71	72	78	98	58	79	10	31	41
71	72	70	98	92	72	24	31	43
71	74	78	100	58	74	8	25	41
71	74	70	100	92	68	19	25	43
71	78	70	58	92	26	48	41	43
72	76	69	90	18	66	1	40	47
72	76	68	90	77	54	20	40	40
72	76	71	90	100	10	68	40	31
72	76	70	90	100	14	61	40	26
72	76	78	90	86	30	58	40	21
72	76	81	90	63	67	8	40	41
72	76	77	90	87	36	19	40	42
72	76	8	90	5	75	1	40	44
72	76	67	90	61	62	14	40	44
72	69	68	18	77	8	66	47	40
72	69	71	18	100	0	79	47	31
72	69	70	18	100	3	79	47	26
72	69	78	18	86	2	76	47	21
72	69	81	18	63	2	33	47	41
72	69	77	18	87	4	71	47	42
72	69	8	18	5	7	6	47	44
72	69	67	18	61	2	47	47	44
72	68	71	77	100	4	65	40	31
72	68	70	77	100	16	75	40	26
72	68	78	77	86	33	50	40	21
72	68	81	77	63	48	12	40	41
72	68	77	77	87	27	26	40	42
72	68	8	77	5	60	5	40	44
72	68	67	77	61	48	17	40	44
72	71	70	100	100	35	47	31	26
72	71	78	100	86	29	54	31	21
72	71	81	100	63	69	8	31	41
72	71	77	100	87	74	19	31	42
72	71	8	100	5	71	4	31	44
72	71	67	100	61	67	7	31	44
72	70	78	100	86	36	30	26	21
72	70	81	100	63	69	5	26	41
72	70	77	100	87	67	12	26	42
72	70	8	100	5	84	0	26	44
72	70	67	100	61	70	16	26	44
72	78	81	86	63	61	19	21	41
72	78	77	86	87	59	28	21	42
72	78	8	86	5	61	16	21	44
72	78	67	86	61	53	13	21	44
72	81	77	63	87	6	56	41	42
72	81	8	63	5	3	44	41	44
72	81	67	63	61	4	63	41	44
72	77	8	87	5	16	15	42	44
72	77	67	87	61	6	39	42	44
72	8	67	5	61	7	29	44	44
73	133	82	39	100	11	73	44	34
73	133	119	39	15	16	16	44	40
73	133	85	39	100	7	80	44	21
73	133	65	39	100	10	83	44	23
73	133	70	39	71	11	61	44	42
73	82	119	100	15	77	5	34	40
73	82	85	100	100	31	61	34	21
73	82	65	100	100	28	58	34	23
73	82	70	100	71	63	9	34	42
73	119	85	15	100	10	86	40	21
73	119	65	15	100	4	83	40	23
73	119	70	15	71	10	72	40	42
73	85	65	100	100	64	28	21	23
73	85	70	100	71	67	18	21	42
73	65	70	100	71	76	6	23	42
74	71	0	99	0	0	0	26	65535
75	69	68	89	83	43	21	25	23
75	69	81	89	73	62	22	25	30
75	69	79	89	77	27	54	25	18
75	69	78	89	69	49	12	25	31
75	69	76	89	83	70	16	25	32
75	69	84	89	9	80	0	25	44
75	69	77	89	94	21	58	25	21
75	68	81	83	73	50	25	23	30
75	68	79	83	77	27	55	23	18
75	68	78	83	69	53	22	23	31
75	68	76	83	83	71	24	23	32
75	68	84	83	9	76	5	23	44
75	68	77	83	94	35	40	23	21
75	81	79	73	77	23	57	30	18
75	81	78	73	69	26	43	30	31
75	81	76	73	83	23	52	30	32
75	81	84	73	9	57	5	30	44
75	81	77	73	94	26	54	30	21
75	79	78	77	69	57	24	18	31
75	79	76	77	83	31	22	18	32
75	79	84	77	9	41	1	18	44
75	79	77	77	94	14	55	18	21
75	78	76	69	83	16	35	31	32
75	78	84	69	9	41	4	31	44
75	78	77	69	94	15	50	31	21
75	76	84	83	9	56	0	32	44
75	76	77	83	94	10	52	32	21
75	84	77	9	94	1	54	44	21
76	72	81	90	90	28	37	39	35
76	72	63	90	90	24	19	39	41
76	72	79	90	68	31	13	39	37
76	72	80	90	87	12	9	39	37
76	72	68	90	93	36	49	39	24
76	72	69	90	100	22	62	39	19
76	72	77	90	64	21	68	39	32
76	72	75	90	47	28	51	39	30
76	72	132	90	31	47	8	39	45
76	72	78	90	88	29	54	39	21
76	72	123	90	77	39	10	39	42
76	81	63	90	90	47	14	35	41
76	81	79	90	68	56	11	35	37
76	81	80	90	87	41	16	35	37
76	81	68	90	93	22	52	35	24
76	81	69	90	100	6	81	35	19
76	81	77	90	64	18	59	35	32
76	81	75	90	47	28	33	35	30
76	81	132	90	31	49	14	35	45
76	81	78	90	88	24	56	35	21
76	81	123	90	77	44	18	35	42
76	63	79	90	68	30	13	41	37
76	63	80	90	87	12	23	41	37
76	63	68	90	93	15	60	41	24
76	63	69	90	100	21	70	41	19
76	63	77	90	64	23	54	41	32
76	63	75	90	47	27	48	41	30
76	63	132	90	31	61	7	41	45
76	63	78	90	88	28	59	41	21
76	63	123	90	77	9	13	41	42
76	79	80	68	87	12	21	37	37
76	79	68	68	93	15	45	37	24
76	79	69	68	100	14	71	37	19
76	79	77	68	64	16	56	37	32
76	79	75	68	47	19	45	37	30
76	79	132	68	31	51	20	37	45
76	79	78	68	88	15	67	37	21
76	79	123	68	77	13	19	37	42
76	80	68	87	93	33	56	37	24
76	80	69	87	100	22	52	37	19
76	80	77	87	64	18	52	37	32
76	80	75	87	47	37	44	37	30
76	80	132	87	31	61	24	37	45
76	80	78	87	88	23	52	37	21
76	80	123	87	77	27	9	37	42
76	68	69	93	100	16	66	24	19
76	68	77	93	64	57	31	24	32
76	68	75	93	47	52	28	24	30
76	68	132	93	31	57	12	24	45
76	68	78	93	88	28	48	24	21
76	68	123	93	77	53	21	24	42
76	69	77	100	64	61	26	19	32
76	69	75	100	47	80	17	19	30
76	69	132	100	31	68	11	19	45
76	69	78	100	88	76	21	19	21
76	69	123	100	77	62	25	19	42
76	77	75	64	47	32	52	32	30
76	77	132	64	31	68	10	32	45
76	77	78	64	88	31	57	32	21
76	77	123	64	77	68	8	32	42
76	75	132	47	31	61	13	30	45
76	75	78	47	88	18	56	30	21
76	75	123	47	77	52	20	30	42
76	132	78	31	88	20	61	45	21
76	132	123	31	77	17	40	45	42
76	78	123	88	77	65	17	21	42
77	53	40	92	30	56	6	37	47
77	53	68	92	100	16	69	37	13
77	53	78	92	54	24	55	37	35
77	53	72	92	82	44	19	37	41
77	53	81	92	72	15	59	37	34
77	53	51	92	83	35	31	37	42
77	53	69	92	89	7	58	37	34
77	53	75	92	91	16	52	37	23
77	53	70	92	1	82	0	37	48
77	53	79	92	70	43	8	37	43
77	53	76	92	85	8	65	37	36
77	53	56	92	0	80	4	37	65535
77	40	68	30	100	20	67	47	13
77	40	78	30	54	13	63	47	35
77	40	72	30	82	5	92	47	41
77	40	81	30	72	3	85	47	34
77	40	51	30	83	6	81	47	42
77	40	69	30	89	1	93	47	34
77	40	75	30	91	1	85	47	23
77	40	70	30	1	21	0	47	48
77	40	79	30	70	1	9	47	43
77	40	76	30	85	0	94	47	36
77	40	56	30	0	0	88	47	65535
77	68	78	100	54	60	21	13	35
77	68	72	100	82	70	14	13	41
77	68	81	100	72	60	18	13	34
77	68	51	100	83	65	19	13	42
77	68	69	100	89	49	29	13	34
77	68	75	100	91	58	32	13	23
77	68	70	100	1	99	0	13	48
77	68	79	100	70	70	18	13	43
77	68	76	100	85	74	22	13	36
77	68	56	100	0	89	1	13	65535
77	78	72	54	82	47	30	35	41
77	78	81	54	72	67	29	35	34
77	78	51	54	83	53	31	35	42
77	78	69	54	89	55	31	35	34
77	78	75	54	91	27	65	35	23
77	78	70	54	1	86	1	35	48
77	78	79	54	70	71	13	35	43
77	78	76	54	85	56	33	35	36
77	78	56	54	0	72	1	35	65535
77	72	81	82	72	15	62	41	34
77	72	51	82	83	27	26	41	42
77	72	69	82	89	30	53	41	34
77	72	75	82	91	12	49	41	23
77	72	70	82	1	84	0	41	48
77	72	79	82	70	65	8	41	43
77	72	76	82	85	27	56	41	36
77	72	56	82	0	30	14	41	65535
77	81	51	72	83	73	15	34	42
77	81	69	72	89	25	37	34	34
77	81	75	72	91	29	58	34	23
77	81	70	72	1	86	0	34	48
77	81	79	72	70	62	10	34	43
77	81	76	72	85	25	68	34	36
77	81	56	72	0	69	6	34	65535
77	51	69	83	89	13	58	42	34
77	51	75	83	91	26	63	42	23
77	51	70	83	1	96	0	42	48
77	51	79	83	70	59	7	42	43
77	51	76	83	85	13	58	42	36
77	51	56	83	0	78	7	42	65535
77	69	75	89	91	27	57	34	23
77	69	70	89	1	91	0	34	48
77	69	79	89	70	92	0	34	43
77	69	76	89	85	22	57	34	36
77	69	56	89	0	80	4	34	65535
77	75	70	91	1	85	0	23	48
77	75	79	91	70	91	0	23	43
77	75	76	91	85	54	25	23	36
77	75	56	91	0	56	8	23	65535
77	70	79	1	70	0	0	48	43
77	70	76	1	85	0	92	48	36
77	70	56	1	0	0	21	48	65535
77	79	76	70	85	2	82	43	36
77	79	56	70	0	4	25	43	65535
77	76	56	85	0	70	4	36	65535
78	77	68	44	53	22	63	31	27
78	77	63	44	63	58	13	31	36
78	77	79	44	53	55	18	31	39
78	77	72	44	85	24	49	31	27
78	77	76	44	88	24	48	31	27
78	77	70	44	84	51	23	31	33
78	77	71	44	14	65	7	31	45
78	77	81	44	68	47	19	31	34
78	77	75	44	60	39	9	31	35
78	77	51	44	5	72	0	31	47
78	77	69	44	80	34	15	31	27
78	77	56	44	0	89	0	31	65535
78	68	63	53	63	51	25	27	36
78	68	79	53	53	42	24	27	39
78	68	72	53	85	39	28	27	27
78	68	76	53	88	45	20	27	27
78	68	70	53	84	47	16	27	33
78	68	71	53	14	66	2	27	45
78	68	81	53	68	50	24	27	34
78	68	75	53	60	46	23	27	35
78	68	51	53	5	65	6	27	47
78	68	69	53	80	46	22	27	27
78	68	56	53	0	84	0	27	65535
78	63	79	63	53	59	13	36	39
78	63	72	63	85	13	61	36	27
78	63	76	63	88	25	56	36	27
78	63	70	63	84	7	64	36	33
78	63	71	63	14	78	7	36	45
78	63	81	63	68	54	11	36	34
78	63	75	63	60	28	18	36	35
78	63	51	63	5	70	7	36	47
78	63	69	63	80	26	42	36	27
78	63	56	63	0	80	0	36	65535
78	79	72	53	85	8	64	39	27
78	79	76	53	88	17	66	39	27
78	79	70	53	84	8	56	39	33
78	79	71	53	14	47	8	39	45
78	79	81	53	68	17	39	39	34
78	79	75	53	60	11	35	39	35
78	79	51	53	5	44	2	39	47
78	79	69	53	80	14	62	39	27
78	79	56	53	0	64	0	39	65535
78	72	76	85	88	31	25	27	27
78	72	70	85	84	60	19	27	33
78	72	71	85	14	70	4	27	45
78	72	81	85	68	62	14	27	34
78	72	75	85	60	60	8	27	35
78	72	51	85	5	79	4	27	47
78	72	69	85	80	54	19	27	27
78	72	56	85	0	86	0	27	65535
78	76	70	88	84	59	8	27	33
78	76	71	88	14	77	1	27	45
78	76	81	88	68	61	16	27	34
78	76	75	88	60	53	21	27	35
78	76	51	88	5	67	3	27	47
78	76	69	88	80	32	27	27	27
78	76	56	88	0	80	0	27	65535
78	70	71	84	14	67	7	33	45
78	70	81	84	68	69	6	33	34
78	70	75	84	60	64	1	33	35
78	70	51	84	5	62	4	33	47
78	70	69	84	80	23	52	33	27
78	70	56	84	0	81	0	33	65535
78	71	81	14	68	18	46	45	34
78	71	75	14	60	14	62	45	35
78	71	51	14	5	32	8	45	47
78	71	69	14	80	5	73	45	27
78	71	56	14	0	61	0	45	65535
78	81	75	68	60	17	44	34	35
78	81	51	68	5	36	13	34	47
78	81	69	68	80	16	62	34	27
78	81	56	68	0	59	0	34	65535
78	75	51	60	5	59	9	35	47
78	75	69	60	80	17	51	35	27
78	75	56	60	0	50	0	35	65535
78	51	69	5	80	4	74	47	27
78	51	56	5	0	31	0	47	65535
78	69	56	80	0	81	0	27	65535
79	75	76	76	64	49	21	19	40
79	75	69	76	60	44	20	19	43
79	75	81	76	27	66	6	19	42
79	75	138	76	74	55	13	19	34
79	75	68	76	59	64	16	19	42
79	75	78	76	57	53	15	19	42
79	75	77	76	63	67	8	19	46
79	76	69	64	60	55	19	40	43
79	76	81	64	27	50	12	40	42
79	76	138	64	74	11	59	40	34
79	76	68	64	59	16	24	40	42
79	76	78	64	57	53	9	40	42
79	76	77	64	63	48	17	40	46
79	69	81	60	27	30	17	43	42
79	69	138	60	74	16	57	43	34
79	69	68	60	59	22	44	43	42
79	69	78	60	57	26	13	43	42
79	69	77	60	63	17	35	43	46
79	81	138	27	74	8	64	42	34
79	81	68	27	59	4	61	42	42
79	81	78	27	57	8	47	42	42
79	81	77	27	63	16	43	42	46
79	138	68	74	59	62	11	34	42
79	138	78	74	57	56	13	34	42
79	138	77	74	63	59	15	34	46
79	68	78	59	57	41	19	42	42
79	68	77	59	63	42	17	42	46
79	78	77	57	63	13	25	42	46
80	64	66	85	22	50	12	42	43
80	64	76	85	36	17	66	42	44
80	64	132	85	95	20	17	42	45
80	64	2	85	44	89	0	42	44
80	64	118	85	84	25	21	42	43
80	64	69	85	71	11	75	42	39
80	66	76	22	36	11	70	43	44
80	66	132	22	95	10	44	43	45
80	66	2	22	44	41	5	43	44
80	66	118	22	84	28	20	43	43
80	66	69	22	71	12	72	43	39
80	76	132	36	95	62	29	44	45
80	76	2	36	44	75	9	44	44
80	76	118	36	84	72	12	44	43
80	76	69	36	71	64	18	44	39
80	132	2	95	44	85	1	45	44
80	132	118	95	84	39	18	45	43
80	132	69	95	71	44	27	45	39
80	2	118	44	84	26	8	44	43
80	2	69	44	71	11	48	44	39
80	118	69	84	71	15	59	43	39
81	69	83	1	79	7	59	49	36
81	69	72	1	2	20	4	49	48
81	69	79	1	56	7	30	49	41
81	69	77	1	87	5	58	49	33
81	69	40	1	73	4	55	49	40
81	69	84	1	1	26	0	49	46
81	69	54	1	54	7	40	49	46
81	69	56	1	77	4	60	49	38
81	69	76	1	74	5	45	49	37
81	69	78	1	63	2	14	49	34
81	69	57	1	62	5	55	49	45
81	69	75	1	70	17	43	49	33
81	83	72	79	2	68	7	36	48
81	83	79	79	56	63	17	36	41
81	83	77	79	87	14	54	36	33
81	83	40	79	73	19	16	36	40
81	83	84	79	1	79	0	36	46
81	83	54	79	54	51	17	36	46
81	83	56	79	77	40	14	36	38
81	83	76	79	74	15	23	36	37
81	83	78	79	63	38	14	36	34
81	83	57	79	62	46	14	36	45
81	83	75	79	70	25	57	36	33
81	72	79	2	56	8	34	48	41
81	72	77	2	87	11	73	48	33
81	72	40	2	73	1	67	48	40
81	72	84	2	1	25	0	48	46
81	72	54	2	54	7	47	48	46
81	72	56	2	77	3	57	48	38
81	72	76	2	74	6	45	48	37
81	72	78	2	63	16	28	48	34
81	72	57	2	62	12	46	48	45
81	72	75	2	70	4	23	48	33
81	79	77	56	87	8	56	41	33
81	79	40	56	73	6	47	41	40
81	79	84	56	1	44	0	41	46
81	79	54	56	54	14	14	41	46
81	79	56	56	77	5	47	41	38
81	79	76	56	74	22	40	41	37
81	79	78	56	63	19	15	41	34
81	79	57	56	62	20	26	41	45
81	79	75	56	70	10	52	41	33
81	77	40	87	73	59	22	33	40
81	77	84	87	1	93	0	33	46
81	77	54	87	54	60	9	33	46
81	77	56	87	77	74	18	33	38
81	77	76	87	74	54	10	33	37
81	77	78	87	63	56	3	33	34
81	77	57	87	62	76	7	33	45
81	77	75	87	70	35	38	33	33
81	40	84	73	1	72	0	40	46
81	40	54	73	54	47	14	40	46
81	40	56	73	77	28	21	40	38
81	40	76	73	74	12	44	40	37
81	40	78	73	63	26	11	40	34
81	40	57	73	62	36	8	40	45
81	40	75	73	70	20	54	40	33
81	84	54	1	54	1	63	46	46
81	84	56	1	77	0	56	46	38
81	84	76	1	74	0	70	46	37
81	84	78	1	63	0	40	46	34
81	84	57	1	62	0	61	46	45
81	84	75	1	70	0	79	46	33
81	54	56	54	77	19	33	46	38
81	54	76	54	74	10	56	46	37
81	54	78	54	63	5	41	46	34
81	54	57	54	62	0	43	46	45
81	54	75	54	70	2	50	46	33
81	56	76	77	74	18	32	38	37
81	56	78	77	63	14	22	38	34
81	56	57	77	62	4	40	38	45
81	56	75	77	70	7	62	38	33
81	76	78	74	63	43	13	37	34
81	76	57	74	62	40	15	37	45
81	76	75	74	70	20	43	37	33
81	78	57	63	62	23	29	34	45
81	78	75	63	70	10	45	34	33
81	57	75	62	70	11	56	45	33
82	73	65	100	100	24	61	31	26
82	73	85	100	99	29	57	31	24
82	65	85	100	99	24	59	26	24
83	136	81	59	72	56	7	33	36
83	136	16	59	83	67	11	33	37
83	136	57	59	0	87	0	33	65535
83	81	16	72	83	41	17	36	37
83	81	57	72	0	81	1	36	65535
83	16	57	83	0	77	0	37	65535
84	51	53	99	78	71	17	35	41
84	51	57	99	97	46	27	35	42
84	51	54	99	83	67	18	35	45
84	53	57	78	97	19	64	41	42
84	53	54	78	83	29	32	41	45
84	57	54	97	83	63	15	42	45
85	73	70	100	100	71	17	17	27
85	73	65	100	95	63	22	17	34
85	73	72	100	49	73	7	17	45
85	73	82	100	99	50	30	17	27
85	70	65	100	95	80	6	27	34
85	70	72	100	49	76	13	27	45
85	70	82	100	99	36	24	27	27
85	65	72	95	49	68	11	34	45
85	65	82	95	99	17	59	34	27
85	72	82	49	99	6	70	45	27
117	130	66	87	56	66	11	23	44
117	130	126	87	87	20	66	23	23
117	130	118	87	86	68	12	23	37
117	130	122	87	6	84	0	23	50
117	130	124	87	87	22	52	23	13
117	130	132	87	81	62	11	23	43
117	130	128	87	86	31	32	23	25
117	66	126	56	87	9	76	44	23
117	66	118	56	86	1	70	44	37
117	66	122	56	6	36	1	44	50
117	66	124	56	87	5	74	44	13
117	66	132	56	81	1	74	44	43
117	66	128	56	86	0	82	44	25
117	126	118	87	86	52	18	23	37
117	126	122	87	6	81	1	23	50
117	126	124	87	87	17	53	23	13
117	126	132	87	81	60	9	23	43
117	126	128	87	86	47	26	23	25
117	118	122	86	6	77	0	37	50
117	118	124	86	87	24	49	37	13
117	118	132	86	81	60	17	37	43
117	118	128	86	86	19	60	37	25
117	122	124	6	87	0	84	50	13
117	122	132	6	81	1	74	50	43
117	122	128	6	86	0	83	50	25
117	124	132	87	81	73	11	13	43
117	124	128	87	86	52	19	13	25
117	132	128	81	86	15	63	43	25
118	135	117	74	84	4	61	44	39
118	135	80	74	70	10	32	44	43
118	135	123	74	96	8	63	44	29
118	135	138	74	4	33	8	44	49
118	135	120	74	86	6	62	44	26
118	135	126	74	83	14	52	44	28
118	135	136	74	77	8	58	44	31
118	135	132	74	95	18	62	44	21
118	135	124	74	10	28	0	44	42
118	117	80	84	70	59	13	39	43
118	117	123	84	96	21	60	39	29
118	117	138	84	4	74	0	39	49
118	117	120	84	86	11	59	39	26
118	117	126	84	83	18	55	39	28
118	117	136	84	77	34	60	39	31
118	117	132	84	95	18	59	39	21
118	117	124	84	10	70	0	39	42
118	80	123	70	96	3	73	43	29
118	80	138	70	4	34	1	43	49
118	80	120	70	86	13	63	43	26
118	80	126	70	83	15	59	43	28
118	80	136	70	77	17	64	43	31
118	80	132	70	95	13	66	43	21
118	80	124	70	10	32	0	43	42
118	123	138	96	4	80	0	29	49
118	123	120	96	86	68	22	29	26
118	123	126	96	83	54	23	29	28
118	123	136	96	77	44	30	29	31
118	123	132	96	95	23	51	29	21
118	123	124	96	10	62	0	29	42
118	138	120	4	86	4	74	49	26
118	138	126	4	83	7	69	49	28
118	138	136	4	77	3	72	49	31
118	138	132	4	95	3	82	49	21
118	138	124	4	10	17	3	49	42
118	120	126	86	83	30	28	26	28
118	120	136	86	77	31	32	26	31
118	120	132	86	95	25	59	26	21
118	120	124	86	10	68	1	26	42
118	126	136	83	77	18	15	28	31
118	126	132	83	95	14	70	28	21
118	126	124	83	10	72	0	28	42
118	136	132	77	95	24	62	31	21
118	136	124	77	10	73	2	31	42
118	132	124	95	10	87	1	21	42
119	139	133	75	99	21	65	27	11
119	139	137	75	75	15	48	27	18
119	139	131	75	69	34	30	27	41
119	139	138	75	50	54	12	27	44
119	139	73	75	36	67	10	27	43
119	133	137	99	75	70	15	11	18
119	133	131	99	69	69	14	11	41
119	133	138	99	50	75	3	11	44
119	133	73	99	36	87	5	11	43
119	137	131	75	69	48	18	18	41
119	137	138	75	50	67	11	18	44
119	137	73	75	36	76	6	18	43
119	131	138	69	50	31	22	41	44
119	131	73	69	36	53	10	41	43
119	138	73	50	36	41	20	44	43
120	132	118	99	84	33	53	35	29
120	132	123	99	98	25	34	35	34
120	132	126	99	79	66	8	35	41
120	132	136	99	100	25	69	35	23
120	132	80	99	0	99	0	35	65535
120	132	124	99	79	70	10	35	36
120	118	123	84	98	55	28	29	34
120	118	126	84	79	47	22	29	41
120	118	136	84	100	19	57	29	23
120	118	80	84	0	85	0	29	65535
120	118	124	84	79	60	17	29	36
120	123	126	98	79	61	25	34	41
120	123	136	98	100	29	60	34	23
120	123	80	98	0	98	0	34	65535
120	123	124	98	79	66	15	34	36
120	126	136	79	100	9	71	41	23
120	126	80	79	0	73	0	41	65535
120	126	124	79	79	23	41	41	36
120	136	80	100	0	100	0	23	65535
120	136	124	100	79	74	14	23	36
120	80	124	0	79	0	79	65535	36
122	139	138	92	69	70	7	23	44
122	139	136	92	45	68	12	23	46
122	139	135	92	99	61	30	23	25
122	139	131	92	94	26	46	23	22
122	138	136	69	45	37	13	44	46
122	138	135	69	99	14	65	44	25
122	138	131	69	94	15	66	44	22
122	136	135	45	99	5	79	46	25
122	136	131	45	94	5	78	46	22
122	135	131	99	94	24	78	25	22
123	139	136	1	87	1	85	47	36
123	139	76	1	69	0	69	47	42
123	139	131	1	51	1	40	47	44
123	139	135	1	37	6	32	47	47
123	139	120	1	96	0	92	47	29
123	139	122	1	69	1	71	47	46
123	139	126	1	66	2	65	47	43
123	139	124	1	66	5	57	47	41
123	139	132	1	98	3	90	47	25
123	139	69	1	74	4	57	47	42
123	139	138	1	66	9	55	47	45
123	139	118	1	95	1	89	47	26
123	139	117	1	0	32	0	47	65535
123	136	76	87	69	63	20	36	42
123	136	131	87	51	66	14	36	44
123	136	135	87	37	65	17	36	47
123	136	120	87	96	24	70	36	29
123	136	122	87	69	59	16	36	46
123	136	126	87	66	66	13	36	43
123	136	124	87	66	63	17	36	41
123	136	132	87	98	23	48	36	25
123	136	69	87	74	61	20	36	42
123	136	138	87	66	58	18	36	45
123	136	118	87	95	23	46	36	26
123	136	117	87	0	84	0	36	65535
123	76	131	69	51	52	14	42	44
123	76	135	69	37	55	14	42	47
123	76	120	69	96	5	60	42	29
123	76	122	69	69	45	22	42	46
123	76	126	69	66	57	17	42	43
123	76	124	69	66	49	18	42	41
123	76	132	69	98	24	65	42	25
123	76	69	69	74	17	24	42	42
123	76	138	69	66	37	13	42	45
123	76	118	69	95	11	68	42	26
123	76	117	69	0	65	0	42	65535
123	131	135	51	37	28	18	44	47
123	131	120	51	96	12	78	44	29
123	131	122	51	69	16	31	44	46
123	131	126	51	66	18	22	44	43
123	131	124	51	66	17	26	44	41
123	131	132	51	98	9	73	44	25
123	131	69	51	74	12	49	44	42
123	131	138	51	66	24	50	44	45
123	131	118	51	95	6	69	44	26
123	131	117	51	0	57	0	44	65535
123	135	120	37	96	5	77	47	29
123	135	122	37	69	2	59	47	46
123	135	126	37	66	1	45	47	43
123	135	124	37	66	8	27	47	41
123	135	132	37	98	11	66	47	25
123	135	69	37	74	7	62	47	42
123	135	138	37	66	18	41	47	45
123	135	118	37	95	12	68	47	26
123	135	117	37	0	68	0	47	65535
123	120	122	96	69	64	14	29	46
123	120	126	96	66	69	13	29	43
123	120	124	96	66	52	17	29	41
123	120	132	96	98	24	60	29	25
123	120	69	96	74	67	17	29	42
123	120	138	96	66	73	12	29	45
123	120	118	96	95	28	58	29	26
123	120	117	96	0	98	0	29	65535
123	122	126	69	66	28	14	46	43
123	122	124	69	66	44	19	46	41
123	122	132	69	98	12	69	46	25
123	122	69	69	74	13	56	46	42
123	122	138	69	66	35	34	46	45
123	122	118	69	95	10	64	46	26
123	122	117	69	0	68	0	46	65535
123	126	124	66	66	34	21	43	41
123	126	132	66	98	3	74	43	25
123	126	69	66	74	20	45	43	42
123	126	138	66	66	29	45	43	45
123	126	118	66	95	19	63	43	26
123	126	117	66	0	72	0	43	65535
123	124	132	66	98	6	71	41	25
123	124	69	66	74	43	25	41	42
123	124	138	66	66	37	33	41	45
123	124	118	66	95	15	66	41	26
123	124	117	66	0	48	0	41	65535
123	132	69	98	74	80	10	25	42
123	132	138	98	66	87	5	25	45
123	132	118	98	95	72	19	25	26
123	132	117	98	0	96	0	25	65535
123	69	138	74	66	24	22	42	45
123	69	118	74	95	16	63	42	26
123	69	117	74	0	82	0	42	65535
123	138	118	66	95	24	66	45	26
123	138	117	66	0	80	0	45	65535
123	118	117	95	0	85	0	26	65535
124	130	123	63	63	24	19	41	47
124	130	117	63	89	18	63	41	19
124	130	128	63	85	14	37	41	26
124	130	120	63	90	9	55	41	37
124	130	118	63	0	64	3	41	65535
124	123	117	63	89	7	64	47	19
124	123	128	63	85	9	58	47	26
124	123	120	63	90	25	57	47	37
124	123	118	63	0	32	9	47	65535
124	117	128	89	85	60	23	19	26
124	117	120	89	90	59	24	19	37
124	117	118	89	0	65	22	19	65535
124	128	120	85	90	61	31	26	37
124	128	118	85	0	82	4	26	65535
124	120	118	90	0	86	1	37	65535
126	128	118	67	78	17	59	37	30
126	128	124	67	98	14	66	37	13
126	128	130	67	66	23	15	37	36
126	128	123	67	70	53	17	37	45
126	128	117	67	90	13	68	37	25
126	128	120	67	69	45	13	37	39
126	118	124	78	98	20	55	30	13
126	118	130	78	66	61	7	30	36
126	118	123	78	70	50	17	30	45
126	118	117	78	90	21	60	30	25
126	118	120	78	69	59	21	30	39
126	124	130	98	66	53	18	13	36
126	124	123	98	70	66	8	13	45
126	124	117	98	90	52	25	13	25
126	124	120	98	69	67	16	13	39
126	130	123	66	70	49	16	36	45
126	130	117	66	90	16	55	36	25
126	130	120	66	69	35	14	36	39
126	123	117	70	90	5	58	45	25
126	123	120	70	69	21	19	45	39
126	117	120	90	69	62	7	25	39
128	124	117	89	87	28	22	23	29
128	124	126	89	69	55	16	23	37
128	117	126	87	69	61	17	29	37
130	124	128	65	100	19	62	40	9
130	124	117	65	76	20	36	40	29
130	128	117	100	76	52	23	9	29
131	122	137	98	94	66	7	23	30
131	122	139	98	100	22	62	23	10
131	122	119	98	62	78	6	23	37
131	122	133	98	31	80	4	23	45
131	122	138	98	67	57	20	23	40
131	122	135	98	96	70	20	23	31
131	137	139	94	100	13	70	30	10
131	137	119	94	62	36	10	30	37
131	137	133	94	31	55	5	30	45
131	137	138	94	67	59	17	30	40
131	137	135	94	96	13	23	30	31
131	139	119	100	62	53	24	10	37
131	139	133	100	31	62	3	10	45
131	139	138	100	67	67	24	10	40
131	139	135	100	96	62	24	10	31
131	119	133	62	31	42	8	37	45
131	119	138	62	67	20	49	37	40
131	119	135	62	96	4	66	37	31
131	133	138	31	67	7	52	45	40
131	133	135	31	96	3	71	45	31
131	138	135	67	96	18	52	40	31
132	117	69	78	80	19	49	44	42
132	117	136	78	87	11	69	44	35
132	117	118	78	97	27	62	44	21
132	117	120	78	96	8	71	44	31
132	117	80	78	78	17	22	44	44
132	117	135	78	95	12	80	44	37
132	117	76	78	61	61	18	44	46
132	117	123	78	96	18	60	44	26
132	69	136	80	87	18	66	42	35
132	69	118	80	97	7	64	42	21
132	69	120	80	96	6	67	42	31
132	69	80	80	78	52	27	42	44
132	69	135	80	95	7	47	42	37
132	69	76	80	61	61	16	42	46
132	69	123	80	96	29	68	42	26
132	136	118	87	97	17	76	35	21
132	136	120	87	96	28	28	35	31
132	136	80	87	78	58	24	35	44
132	136	135	87	95	56	21	35	37
132	136	76	87	61	63	10	35	46
132	136	123	87	96	27	63	35	26
132	118	120	97	96	59	27	21	31
132	118	80	97	78	62	22	21	44
132	118	135	97	95	68	16	21	37
132	118	76	97	61	75	5	21	46
132	118	123	97	96	72	24	21	26
132	120	80	96	78	54	33	31	44
132	120	135	96	95	59	10	31	37
132	120	76	96	61	68	5	31	46
132	120	123	96	96	23	69	31	26
132	80	135	78	95	12	52	44	37
132	80	76	78	61	47	16	44	46
132	80	123	78	96	7	69	44	26
132	135	76	95	61	70	5	37	46
132	135	123	95	96	24	69	37	26
132	76	123	61	96	18	62	46	26
133	73	137	54	76	12	53	42	23
133	73	138	54	4	38	8	42	48
133	73	131	54	61	14	23	42	43
133	73	139	54	73	16	59	42	38
133	73	119	54	99	20	63	42	12
133	137	138	76	4	71	3	23	48
133	137	131	76	61	49	25	23	43
133	137	139	76	73	39	26	23	38
133	137	119	76	99	21	58	23	12
133	138	131	4	61	20	39	48	43
133	138	139	4	73	7	59	48	38
133	138	119	4	99	8	83	48	12
133	131	139	61	73	5	66	43	38
133	131	119	61	99	9	76	43	12
133	139	119	73	99	20	70	38	12
135	138	139	79	87	21	57	40	32
135	138	131	79	92	28	50	40	31
135	138	122	79	100	22	62	40	30
135	138	132	79	87	47	35	40	40
135	138	123	79	41	62	30	40	48
135	139	131	87	92	39	30	32	31
135	139	122	87	100	22	66	32	30
135	139	132	87	87	64	24	32	40
135	139	123	87	41	63	17	32	48
135	131	122	92	100	31	55	31	30
135	131	132	92	87	70	12	31	40
135	131	123	92	41	83	7	31	48
135	122	132	100	87	59	8	30	40
135	122	123	100	41	68	19	30	48
135	132	123	87	41	63	16	40	48
136	123	132	88	87	28	27	37	35
136	123	120	88	100	28	57	37	18
136	123	122	88	45	53	8	37	47
136	123	118	88	80	30	48	37	30
136	123	83	88	84	24	60	37	32
136	132	120	87	100	24	70	35	18
136	132	122	87	45	59	5	35	47
136	132	118	87	80	25	52	35	30
136	132	83	87	84	17	60	35	32
136	120	122	100	45	76	7	18	47
136	120	118	100	80	61	19	18	30
136	120	83	100	84	64	6	18	32
136	122	118	45	80	5	56	47	30
136	122	83	45	84	14	65	47	32
136	118	83	80	84	53	20	30	32
138	118	131	19	75	3	71	45	36
138	118	137	19	67	6	62	45	32
138	118	139	19	94	7	77	45	23
138	118	79	19	73	3	69	45	29
138	118	135	19	75	8	56	45	35
138	118	123	19	70	5	49	45	41
138	118	119	19	52	5	42	45	37
138	118	122	19	59	6	47	45	45
138	131	137	75	67	23	28	36	32
138	131	139	75	94	20	43	36	23
138	131	79	75	73	21	53	36	29
138	131	135	75	75	15	27	36	35
138	131	123	75	70	40	19	36	41
138	131	119	75	52	41	13	36	37
138	131	122	75	59	40	23	36	45
138	137	139	67	94	15	52	32	23
138	137	79	67	73	13	53	32	29
138	137	135	67	75	12	42	32	35
138	137	123	67	70	47	11	32	41
138	137	119	67	52	47	14	32	37
138	137	122	67	59	39	11	32	45
138	139	79	94	73	56	21	23	29
138	139	135	94	75	56	23	23	35
138	139	123	94	70	58	19	23	41
138	139	119	94	52	58	13	23	37
138	139	122	94	59	68	7	23	45
138	79	135	73	75	30	29	29	35
138	79	123	73	70	49	18	29	41
138	79	119	73	52	57	19	29	37
138	79	122	73	59	52	17	29	45
138	135	123	75	70	59	14	35	41
138	135	119	75	52	70	8	35	37
138	135	122	75	59	46	23	35	45
138	123	119	70	52	19	20	41	37
138	123	122	70	59	23	37	41	45
138	119	122	52	59	7	39	37	45
139	122	135	97	89	65	16	23	31
139	122	131	97	91	21	60	23	11
139	122	119	97	77	73	8	23	22
139	122	133	97	59	71	12	23	40
139	122	137	97	82	62	18	23	23
139	122	138	97	81	59	23	23	27
139	135	131	89	91	19	71	31	11
139	135	119	89	77	18	49	31	22
139	135	133	89	59	64	8	31	40
139	135	137	89	82	26	54	31	23
139	135	138	89	81	28	53	31	27
139	131	119	91	77	58	28	11	22
139	131	133	91	59	65	20	11	40
139	131	137	91	82	74	16	11	23
139	131	138	91	81	66	18	11	27
139	119	133	77	59	57	18	22	40
139	119	137	77	82	22	56	22	23
139	119	138	77	81	20	52	22	27
139	133	137	59	82	16	53	40	23
139	133	138	59	81	17	60	40	27
139	137	138	82	81	26	36	23	27
