1	9	10	82	78	56	20	36	36
1	9	3	82	56	75	9	36	48
1	9	14	82	100	27	58	36	12
1	9	8	82	100	17	68	36	23
1	9	64	82	85	53	20	36	44
1	9	4	82	81	54	18	36	38
1	9	18	82	58	65	13	36	44
1	10	3	78	56	61	9	36	48
1	10	14	78	100	12	68	36	12
1	10	8	78	100	28	53	36	23
1	10	64	78	85	46	19	36	44
1	10	4	78	81	20	19	36	38
1	10	18	78	58	64	14	36	44
1	3	14	56	100	17	71	48	12
1	3	8	56	100	6	71	48	23
1	3	64	56	85	9	32	48	44
1	3	4	56	81	9	60	48	38
1	3	18	56	58	15	25	48	44
1	14	8	100	100	68	20	12	23
1	14	64	100	85	72	9	12	44
1	14	4	100	81	72	6	12	38
1	14	18	100	58	67	13	12	44
1	8	64	100	85	65	11	23	44
1	8	4	100	81	81	12	23	38
1	8	18	100	58	71	7	23	44
1	64	4	85	81	31	37	44	38
1	64	18	85	58	17	5	44	44
1	4	18	81	58	59	11	38	44
2	19	80	92	99	16	17	34	36
3	18	7	88	92	54	29	25	29
3	18	20	88	81	56	16	25	43
3	18	15	88	90	54	24	25	38
3	18	16	88	100	27	35	25	27
3	18	66	88	90	54	26	25	38
3	18	1	88	58	67	19	25	44
3	18	14	88	78	56	18	25	35
3	7	20	92	81	64	24	29	43
3	7	15	92	90	48	27	29	38
3	7	16	92	100	20	59	29	27
3	7	66	92	90	56	10	29	38
3	7	1	92	58	60	4	29	44
3	7	14	92	78	62	20	29	35
3	20	15	81	90	18	68	43	38
3	20	16	81	100	7	89	43	27
3	20	66	81	90	9	57	43	38
3	20	1	81	58	21	5	43	44
3	20	14	81	78	21	42	43	35
3	15	16	90	100	22	72	38	27
3	15	66	90	90	23	27	38	38
3	15	1	90	58	71	6	38	44
3	15	14	90	78	28	40	38	35
3	16	66	100	90	66	17	27	38
3	16	1	100	58	73	6	27	44
3	16	14	100	78	62	17	27	35
3	66	1	90	58	71	6	38	44
3	66	14	90	78	38	29	38	35
3	1	14	58	78	19	45	44	35
4	1	11	79	90	50	20	40	46
4	1	8	79	90	20	60	40	31
4	1	9	79	89	21	69	40	21
4	1	67	79	75	18	60	40	39
4	1	14	79	0	81	0	40	65535
4	11	8	90	90	13	64	46	31
4	11	9	90	89	30	69	46	21
4	11	67	90	75	14	52	46	39
4	11	14	90	0	94	0	46	65535
4	8	9	90	89	24	63	31	21
4	8	67	90	75	51	25	31	39
4	8	14	90	0	84	0	31	65535
4	9	67	89	75	65	27	21	39
4	9	14	89	0	89	0	21	65535
4	67	14	75	0	86	0	39	65535
5	19	37	88	76	65	7	32	35
5	19	35	88	75	61	10	32	40
5	19	14	88	71	71	8	32	37
5	19	11	88	76	53	10	32	46
5	19	18	88	56	72	10	32	44
5	19	3	88	1	87	0	32	50
5	37	35	76	75	31	21	35	40
5	37	14	76	71	28	19	35	37
5	37	11	76	76	54	15	35	46
5	37	18	76	56	34	12	35	44
5	37	3	76	1	76	0	35	50
5	35	14	75	71	19	29	40	37
5	35	11	75	76	46	21	40	46
5	35	18	75	56	40	10	40	44
5	35	3	75	1	64	0	40	50
5	14	11	71	76	50	23	37	46
5	14	18	71	56	43	14	37	44
5	14	3	71	1	72	0	37	50
5	11	18	76	56	31	12	46	44
5	11	3	76	1	74	0	46	50
5	18	3	56	1	59	0	44	50
6	11	7	83	58	43	7	37	45
6	11	16	83	87	9	33	37	26
6	11	20	83	95	15	59	37	20
6	7	16	58	87	14	51	45	26
6	7	20	58	95	22	52	45	20
6	16	20	87	95	23	57	26	20
7	3	15	88	100	54	31	33	33
7	3	6	88	47	80	7	33	47
7	3	20	88	85	48	24	33	35
7	3	16	88	83	62	17	33	42
7	3	18	88	22	81	3	33	46
7	15	6	100	47	82	11	33	47
7	15	20	100	85	64	25	33	35
7	15	16	100	83	63	20	33	42
7	15	18	100	22	93	4	33	46
7	6	20	47	85	20	63	47	35
7	6	16	47	83	21	55	47	42
7	6	18	47	22	56	3	47	46
7	20	16	85	83	9	80	35	42
7	20	18	85	22	0	22	35	46
7	16	18	83	22	74	6	42	46
8	1	67	99	88	68	11	24	40
8	1	9	99	91	31	53	24	20
8	1	4	99	91	74	23	24	30
8	1	14	99	81	79	16	24	41
8	1	18	99	1	98	2	24	46
8	1	10	99	99	57	31	24	25
8	67	9	88	91	25	70	40	20
8	67	4	88	91	29	62	40	30
8	67	14	88	81	59	14	40	41
8	67	18	88	1	81	0	40	46
8	67	10	88	99	25	63	40	25
8	9	4	91	91	61	24	20	30
8	9	14	91	81	66	26	20	41
8	9	18	91	1	86	2	20	46
8	9	10	91	99	67	20	20	25
8	4	14	91	81	58	26	30	41
8	4	18	91	1	85	0	30	46
8	4	10	91	99	32	67	30	25
8	14	18	81	1	75	1	41	46
8	14	10	81	99	14	70	41	25
8	18	10	1	99	0	98	46	25
9	67	4	89	91	37	46	31	17
9	67	11	89	86	53	11	31	46
9	67	8	89	85	16	65	31	17
9	67	1	89	85	54	11	31	36
9	67	10	89	90	21	46	31	17
9	67	13	89	44	66	5	31	44
9	67	14	89	13	72	0	31	46
9	4	11	91	86	50	31	17	46
9	4	8	91	85	39	29	17	17
9	4	1	91	85	58	25	17	36
9	4	10	91	90	34	24	17	17
9	4	13	91	44	66	2	17	44
9	4	14	91	13	74	7	17	46
9	11	8	86	85	10	62	46	17
9	11	1	86	85	22	51	46	36
9	11	10	86	90	10	57	46	17
9	11	13	86	44	29	9	46	44
9	11	14	86	13	51	2	46	46
9	8	1	85	85	53	24	17	36
9	8	10	85	90	37	28	17	17
9	8	13	85	44	73	2	17	44
9	8	14	85	13	72	4	17	46
9	1	10	85	90	24	54	36	17
9	1	13	85	44	66	7	36	44
9	1	14	85	13	59	2	36	46
9	10	13	90	44	64	8	17	44
9	10	14	90	13	73	3	17	46
9	13	14	44	13	19	1	44	46
10	9	67	89	98	47	43	21	37
10	9	4	89	13	71	4	21	45
10	9	1	89	81	60	26	21	40
10	9	8	89	100	51	38	21	27
10	9	13	89	20	74	6	21	45
10	67	4	98	13	86	6	37	45
10	67	1	98	81	65	12	37	40
10	67	8	98	100	34	58	37	27
10	67	13	98	20	88	4	37	45
10	4	1	13	81	6	66	45	40
10	4	8	13	100	4	87	45	27
10	4	13	13	20	20	7	45	45
10	1	8	81	100	18	62	40	27
10	1	13	81	20	81	1	40	45
10	8	13	100	20	94	1	27	45
11	9	4	87	87	30	25	44	41
11	9	5	87	71	36	16	44	40
11	9	13	87	100	23	61	44	23
11	9	15	87	100	7	29	44	42
11	9	20	87	100	12	63	44	31
11	9	14	87	73	31	39	44	41
11	9	1	87	0	85	0	44	65535
11	9	6	87	90	19	61	44	36
11	9	66	87	77	22	39	44	41
11	4	5	87	71	37	19	41	40
11	4	13	87	100	13	73	41	23
11	4	15	87	100	12	28	41	42
11	4	20	87	100	8	65	41	31
11	4	14	87	73	30	53	41	41
11	4	1	87	0	84	0	41	65535
11	4	6	87	90	22	65	41	36
11	4	66	87	77	22	43	41	41
11	5	13	71	100	11	84	40	23
11	5	15	71	100	8	37	40	42
11	5	20	71	100	8	76	40	31
11	5	14	71	73	21	41	40	41
11	5	1	71	0	68	0	40	65535
11	5	6	71	90	21	60	40	36
11	5	66	71	77	13	46	40	41
11	13	15	100	100	65	13	23	42
11	13	20	100	100	74	11	23	31
11	13	14	100	73	64	28	23	41
11	13	1	100	0	100	0	23	65535
11	13	6	100	90	75	10	23	36
11	13	66	100	77	67	6	23	41
11	15	20	100	100	26	61	42	31
11	15	14	100	73	24	18	42	41
11	15	1	100	0	99	0	42	65535
11	15	6	100	90	25	62	42	36
11	15	66	100	77	33	22	42	41
11	20	14	100	73	75	11	31	41
11	20	1	100	0	97	0	31	65535
11	20	6	100	90	65	14	31	36
11	20	66	100	77	0	80	31	41
11	14	1	73	0	81	1	41	65535
11	14	6	73	90	11	65	41	36
11	14	66	73	77	30	27	41	41
11	1	6	0	90	0	85	65535	36
11	1	66	0	77	0	76	65535	41
11	6	66	90	77	64	14	36	41
12	19	0	75	0	0	0	17	65535
13	9	14	50	76	19	30	46	44
13	9	11	50	99	12	74	46	29
13	14	11	76	99	23	76	44	29
13	9	8	9	27	2	63	45	39
13	9	18	9	81	2	73	45	25
13	9	3	9	78	2	68	45	39
13	9	5	9	72	2	64	45	35
13	9	1	9	100	3	93	45	12
13	9	66	9	91	0	81	45	37
13	9	37	9	44	4	37	45	41
13	9	35	9	76	6	67	45	35
13	9	16	9	58	4	36	45	46
13	9	11	9	110	2	70	45	38
13	9	13	9	70	3	56	45	41
13	8	18	27	81	18	64	39	25
13	8	3	27	78	17	54	39	39
13	8	5	27	72	11	52	39	35
13	8	1	27	100	27	55	39	12
13	8	66	27	91	11	53	39	37
13	8	37	27	44	48	3	39	41
13	8	35	27	76	25	54	39	35
13	8	16	27	58	62	14	39	46
13	8	11	27	110	9	11	39	38
13	8	13	27	70	41	12	39	41
13	18	3	81	78	53	18	25	39
13	18	5	81	72	46	14	25	35
13	18	1	81	100	20	63	25	12
13	18	66	81	91	43	25	25	37
13	18	37	81	44	44	13	25	41
13	18	35	81	76	48	14	25	35
13	18	16	81	58	62	11	25	46
13	18	11	81	110	41	16	25	38
13	18	13	81	70	59	14	25	41
13	3	5	78	72	54	12	39	35
13	3	1	78	100	19	69	39	12
13	3	66	78	91	31	19	39	37
13	3	37	78	44	56	8	39	41
13	3	35	78	76	20	25	39	35
13	3	16	78	58	63	19	39	46
13	3	11	78	110	53	22	39	38
13	3	13	78	70	59	19	39	41
13	5	1	72	100	8	73	35	12
13	5	66	72	91	9	51	35	37
13	5	37	72	44	56	16	35	41
13	5	35	72	76	31	45	35	35
13	5	16	72	58	54	8	35	46
13	5	11	72	110	41	23	35	38
13	5	13	72	70	48	18	35	41
13	1	66	100	91	64	11	12	37
13	1	37	100	44	81	10	12	41
13	1	35	100	76	75	7	12	35
13	1	16	100	58	82	5	12	46
13	1	11	100	110	58	16	12	38
13	1	13	100	70	72	7	12	41
13	66	37	91	44	63	3	37	41
13	66	35	91	76	23	24	37	35
13	66	16	91	58	57	11	37	46
13	66	11	91	110	63	18	37	38
13	66	13	91	70	53	7	37	41
13	37	35	44	76	10	59	41	35
13	37	16	44	58	29	22	41	46
13	37	11	44	110	6	52	41	38
13	37	13	44	70	5	34	41	41
13	35	16	76	58	56	11	35	46
13	35	11	76	110	47	17	35	38
13	35	13	76	70	52	19	35	41
13	16	11	58	110	8	46	46	38
13	16	13	58	70	6	30	46	41
13	11	13	110	70	40	18	38	41
14	10	14	10	78	0	57	44	44
14	10	9	10	45	0	0	44	46
14	10	11	10	99	0	0	44	28
14	14	9	78	45	46	0	44	46
14	14	11	78	99	15	0	44	28
14	9	11	45	99	0	0	46	28
15	16	3	100	90	64	24	19	42
15	16	11	100	100	56	24	19	45
15	16	7	100	99	59	30	19	33
15	16	20	100	100	59	26	19	29
15	16	66	100	80	61	22	19	40
15	3	11	90	100	51	22	42	45
15	3	7	90	99	21	68	42	33
15	3	20	90	100	28	53	42	29
15	3	66	90	80	43	15	42	40
15	11	7	100	99	10	58	45	33
15	11	20	100	100	21	70	45	29
15	11	66	100	80	31	35	45	40
15	7	20	99	100	28	51	33	29
15	7	66	99	80	69	5	33	40
15	20	66	100	80	65	10	29	40
17	19	39	64	87	5	63	43	40
17	19	83	64	83	5	71	43	34
17	39	83	87	83	9	66	40	34
18	37	14	67	79	12	68	38	28
18	37	5	67	55	50	14	38	42
18	37	8	67	4	74	1	38	46
18	37	16	67	79	42	28	38	45
18	37	1	67	52	45	22	38	45
18	37	3	67	89	7	68	38	31
18	37	7	67	21	57	5	38	47
18	37	66	67	73	18	25	38	41
18	37	15	67	47	54	16	38	44
18	14	5	79	55	56	18	28	42
18	14	8	79	4	72	0	28	46
18	14	16	79	79	46	22	28	45
18	14	1	79	52	57	17	28	45
18	14	3	79	89	20	31	28	31
18	14	7	79	21	66	4	28	47
18	14	66	79	73	45	18	28	41
18	14	15	79	47	68	8	28	44
18	5	8	55	4	62	2	42	46
18	5	16	55	79	9	14	42	45
18	5	1	55	52	22	17	42	45
18	5	3	55	89	12	62	42	31
18	5	7	55	21	38	6	42	47
18	5	66	55	73	20	68	42	41
18	5	15	55	47	30	19	42	44
18	8	16	4	79	0	71	46	45
18	8	1	4	52	0	56	46	45
18	8	3	4	89	0	91	46	31
18	8	7	4	21	3	16	46	47
18	8	66	4	73	2	71	46	41
18	8	15	4	47	0	55	46	44
18	16	1	79	52	30	8	45	45
18	16	3	79	89	17	63	45	31
18	16	7	79	21	53	3	45	47
18	16	66	79	73	17	54	45	41
18	16	15	79	47	32	12	45	44
18	1	3	52	89	15	60	45	31
18	1	7	52	21	29	4	45	47
18	1	66	52	73	11	59	45	41
18	1	15	52	47	25	27	45	44
18	3	7	89	21	77	1	31	47
18	3	66	89	73	59	16	31	41
18	3	15	89	47	70	14	31	44
18	7	66	21	73	4	65	47	41
18	7	15	21	47	6	40	47	44
18	66	15	73	47	52	18	41	44
19	12	5	76	84	46	30	13	31
19	12	26	76	81	55	18	13	39
19	12	2	76	89	39	39	13	35
19	12	17	76	66	61	28	13	46
19	5	26	84	81	66	4	31	39
19	5	2	84	89	40	23	31	35
19	5	17	84	66	70	19	31	46
19	26	2	81	89	11	72	39	35
19	26	17	81	66	43	12	39	46
19	2	17	89	66	75	8	35	46
20	11	16	100	100	59	20	35	34
20	11	7	100	90	77	14	35	36
20	11	3	100	78	68	18	35	47
20	11	6	100	95	21	56	35	25
20	11	15	100	99	28	50	35	31
20	16	7	100	90	55	27	34	36
20	16	3	100	78	61	21	34	47
20	16	6	100	95	33	60	34	25
20	16	15	100	99	22	59	34	31
20	7	3	90	78	62	20	36	47
20	7	6	90	95	22	64	36	25
20	7	15	90	99	27	58	36	31
20	3	6	78	95	21	63	47	25
20	3	15	78	99	17	79	47	31
20	6	15	95	99	49	30	25	31
24	31	0	99	0	0	0	32	65535
25	28	35	100	88	69	24	24	31
25	28	31	100	57	80	8	24	44
25	28	36	100	56	72	6	24	44
25	35	31	88	57	70	12	31	44
25	35	36	88	56	66	13	31	44
25	31	36	57	56	14	9	44	44
26	37	19	50	70	8	34	39	39
26	37	36	50	78	14	43	39	40
26	19	36	70	78	15	12	39	40
27	31	45	100	7	95	1	31	48
27	31	40	100	92	65	14	31	37
27	31	56	100	85	72	11	31	38
27	31	47	100	23	93	0	31	48
27	31	55	100	73	61	11	31	45
27	31	54	100	73	74	10	31	42
27	31	38	100	3	91	2	31	46
27	45	40	7	92	1	87	48	37
27	45	56	7	85	3	81	48	38
27	45	47	7	23	4	19	48	48
27	45	55	7	73	1	80	48	45
27	45	54	7	73	1	82	48	42
27	45	38	7	3	4	13	48	46
27	40	56	92	85	51	29	37	38
27	40	47	92	23	84	6	37	48
27	40	55	92	73	57	21	37	45
27	40	54	92	73	31	20	37	42
27	40	38	92	3	87	0	37	46
27	56	47	85	23	64	2	38	48
27	56	55	85	73	51	22	38	45
27	56	54	85	73	26	43	38	42
27	56	38	85	3	73	3	38	46
27	47	55	23	73	3	60	48	45
27	47	54	23	73	7	65	48	42
27	47	38	23	3	25	9	48	46
27	55	54	73	73	24	47	45	42
27	55	38	73	3	80	3	45	46
27	54	38	73	3	71	1	42	46
28	38	35	69	77	23	57	40	38
28	38	25	69	99	14	71	40	25
28	35	25	77	99	17	58	38	25
30	81	57	1	89	0	84	45	37
30	81	53	1	90	0	91	45	29
30	81	51	1	80	0	76	45	40
30	81	38	1	80	0	78	45	38
30	57	53	89	90	56	25	37	29
30	57	51	89	80	47	28	37	40
30	57	38	89	80	63	15	37	38
30	53	51	90	80	56	23	29	40
30	53	38	90	80	73	15	29	38
30	51	38	80	80	27	34	40	38
31	27	24	100	99	43	14	29	24
31	27	48	100	76	71	21	29	38
31	27	25	100	49	82	4	29	45
31	24	48	99	76	62	17	24	38
31	24	25	99	49	74	12	24	45
31	48	25	76	49	54	10	38	45
32	48	34	61	98	9	66	44	21
32	48	45	61	55	24	14	44	45
32	48	33	61	43	35	12	44	45
32	34	45	98	55	68	12	21	45
32	34	33	98	43	76	3	21	45
32	45	33	55	43	20	5	45	45
33	60	35	57	67	9	22	44	45
33	60	32	57	49	39	8	44	44
33	60	45	57	46	31	10	44	46
33	60	37	57	41	44	10	44	44
33	35	32	67	49	20	7	45	44
33	35	45	67	46	25	6	45	46
33	35	37	67	41	43	12	45	44
33	32	45	49	46	23	19	44	46
33	32	37	49	41	21	12	44	44
33	45	37	46	41	17	13	46	44
34	45	32	84	93	27	57	36	23
35	37	5	79	76	48	30	32	36
35	37	25	79	89	10	61	32	32
35	37	33	79	69	55	15	32	43
35	37	14	79	81	33	33	32	34
35	37	28	79	87	48	23	32	39
35	37	36	79	78	58	21	32	38
35	37	60	79	66	55	10	32	40
35	5	25	76	89	10	59	36	32
35	5	33	76	69	54	16	36	43
35	5	14	76	81	25	43	36	34
35	5	28	76	87	9	35	36	39
35	5	36	76	78	13	12	36	38
35	5	60	76	66	30	36	36	40
35	25	33	89	69	69	8	32	43
35	25	14	89	81	64	11	32	34
35	25	28	89	87	67	22	32	39
35	25	36	89	78	63	14	32	38
35	25	60	89	66	63	8	32	40
35	33	14	69	81	20	65	43	34
35	33	28	69	87	12	70	43	39
35	33	36	69	78	13	52	43	38
35	33	60	69	66	14	45	43	40
35	14	28	81	87	43	25	34	39
35	14	36	81	78	48	25	34	38
35	14	60	81	66	47	13	34	40
35	28	36	87	78	46	12	39	38
35	28	60	87	66	24	12	39	40
35	36	60	78	66	25	24	38	40
36	35	37	63	69	17	53	39	28
36	35	26	63	78	24	12	39	39
36	35	38	63	33	48	17	39	40
36	35	39	63	85	17	25	39	39
36	35	25	63	42	53	14	39	45
36	37	26	69	78	59	20	28	39
36	37	38	69	33	54	16	28	40
36	37	39	69	85	59	27	28	39
36	37	25	69	42	65	9	28	45
36	26	38	78	33	37	7	39	40
36	26	39	78	85	8	21	39	39
36	26	25	78	42	63	7	39	45
36	38	39	33	85	8	47	40	39
36	38	25	33	42	15	8	40	45
36	39	25	85	42	60	12	39	45
37	36	5	80	66	51	13	30	35
37	36	26	80	49	55	11	30	41
37	36	38	80	72	54	18	30	37
37	36	35	80	70	53	28	30	35
37	36	14	80	39	62	12	30	43
37	36	39	80	66	48	27	30	43
37	36	18	80	65	55	20	30	39
37	36	33	80	14	72	0	30	47
37	5	26	66	49	50	11	35	41
37	5	38	66	72	24	21	35	37
37	5	35	66	70	26	46	35	35
37	5	14	66	39	40	13	35	43
37	5	39	66	66	48	14	35	43
37	5	18	66	65	47	13	35	39
37	5	33	66	14	73	0	35	47
37	26	38	49	72	9	31	41	37
37	26	35	49	70	8	62	41	35
37	26	14	49	39	18	14	41	43
37	26	39	49	66	10	16	41	43
37	26	18	49	65	14	21	41	39
37	26	33	49	14	46	0	41	47
37	38	35	72	70	19	50	37	35
37	38	14	72	39	57	5	37	43
37	38	39	72	66	40	12	37	43
37	38	18	72	65	31	10	37	39
37	38	33	72	14	65	5	37	47
37	35	14	70	39	53	9	35	43
37	35	39	70	66	59	10	35	43
37	35	18	70	65	55	10	35	39
37	35	33	70	14	63	1	35	47
37	14	39	39	66	9	28	43	43
37	14	18	39	65	15	33	43	39
37	14	33	39	14	31	4	43	47
37	39	18	66	65	17	19	43	39
37	39	33	66	14	52	10	43	47
37	18	33	65	14	50	17	39	47
38	51	39	78	86	12	61	39	37
38	51	28	78	80	23	16	39	43
38	51	30	78	77	26	25	39	40
38	51	27	78	8	67	2	39	44
38	51	36	78	32	54	7	39	42
38	39	28	86	80	52	9	37	43
38	39	30	86	77	42	8	37	40
38	39	27	86	8	74	2	37	44
38	39	36	86	32	60	9	37	42
38	28	30	80	77	13	22	43	40
38	28	27	80	8	67	2	43	44
38	28	36	80	32	38	2	43	42
38	30	27	77	8	60	2	40	44
38	30	36	77	32	47	2	40	42
38	27	36	8	32	5	17	44	42
39	36	37	85	58	50	17	39	40
39	36	38	85	85	23	48	39	36
39	36	17	85	85	18	20	39	42
39	36	57	85	0	84	0	39	65535
39	37	38	58	85	18	49	40	36
39	37	17	58	85	5	50	40	42
39	37	57	58	0	58	0	40	65535
39	38	17	85	85	52	16	36	42
39	38	57	85	0	87	0	36	65535
39	17	57	85	0	86	0	42	65535
40	51	45	90	79	52	29	22	43
40	51	57	90	88	73	15	22	42
40	51	47	90	100	22	73	22	21
40	51	81	90	85	68	15	22	39
40	51	27	90	94	66	19	22	33
40	51	55	90	100	29	55	22	17
40	51	58	90	95	69	19	22	30
40	51	59	90	18	100	0	22	46
40	51	53	90	48	72	14	22	43
40	51	56	90	100	23	66	22	17
40	51	48	90	58	77	10	22	47
40	51	54	90	99	27	61	22	17
40	45	57	79	88	23	47	43	42
40	45	47	79	100	17	74	43	21
40	45	81	79	85	22	21	43	39
40	45	27	79	94	22	66	43	33
40	45	55	79	100	23	68	43	17
40	45	58	79	95	17	79	43	30
40	45	59	79	18	77	0	43	46
40	45	53	79	48	61	11	43	43
40	45	56	79	100	20	80	43	17
40	45	48	79	58	48	18	43	47
40	45	54	79	99	22	72	43	17
40	57	47	88	100	22	71	42	21
40	57	81	88	85	45	24	42	39
40	57	27	88	94	57	32	42	33
40	57	55	88	100	19	68	42	17
40	57	58	88	95	13	70	42	30
40	57	59	88	18	80	0	42	46
40	57	53	88	48	47	17	42	43
40	57	56	88	100	24	69	42	17
40	57	48	88	58	60	18	42	47
40	57	54	88	99	22	68	42	17
40	47	81	100	85	73	13	21	39
40	47	27	100	94	64	18	21	33
40	47	55	100	100	28	53	21	17
40	47	58	100	95	54	31	21	30
40	47	59	100	18	99	0	21	46
40	47	53	100	48	78	10	21	43
40	47	56	100	100	27	31	21	17
40	47	48	100	58	78	14	21	47
40	47	54	100	99	22	66	21	17
40	81	27	85	94	12	72	39	33
40	81	55	85	100	11	71	39	17
40	81	58	85	95	11	74	39	30
40	81	59	85	18	74	9	39	46
40	81	53	85	48	59	12	39	43
40	81	56	85	100	18	68	39	17
40	81	48	85	58	67	16	39	47
40	81	54	85	99	11	66	39	17
40	27	55	94	100	25	71	33	17
40	27	58	94	95	13	71	33	30
40	27	59	94	18	81	4	33	46
40	27	53	94	48	71	9	33	43
40	27	56	94	100	24	64	33	17
40	27	48	94	58	69	5	33	47
40	27	54	94	99	27	54	33	17
40	55	58	100	95	60	30	17	30
40	55	59	100	18	71	12	17	46
40	55	53	100	48	79	7	17	43
40	55	56	100	100	63	28	17	17
40	55	48	100	58	74	4	17	47
40	55	54	100	99	20	67	17	17
40	58	59	95	18	78	9	30	46
40	58	53	95	48	75	10	30	43
40	58	56	95	100	25	58	30	17
40	58	48	95	58	70	7	30	47
40	58	54	95	99	23	61	30	17
40	59	53	18	48	10	38	46	43
40	59	56	18	100	7	81	46	17
40	59	48	18	58	19	30	46	47
40	59	54	18	99	6	89	46	17
40	53	56	48	100	11	80	43	17
40	53	48	48	58	21	19	43	47
40	53	54	48	99	14	64	43	17
40	56	48	100	58	70	13	17	47
40	56	54	100	99	34	50	17	17
40	48	54	58	99	19	70	47	17
45	55	58	71	67	20	23	39	37
45	55	27	71	8	50	2	39	43
45	55	34	71	84	13	52	39	32
45	55	33	71	52	51	7	39	45
45	55	54	71	41	47	12	39	47
45	55	40	71	82	34	25	39	40
45	55	32	71	11	79	0	39	45
45	55	56	71	40	49	13	39	43
45	55	48	71	71	13	54	39	27
45	55	47	71	63	28	18	39	41
45	55	51	71	74	49	20	39	43
45	55	60	71	41	60	3	39	46
45	58	27	67	8	48	5	37	43
45	58	34	67	84	7	66	37	32
45	58	33	67	52	53	9	37	45
45	58	54	67	41	49	16	37	47
45	58	40	67	82	21	29	37	40
45	58	32	67	11	68	3	37	45
45	58	56	67	40	51	12	37	43
45	58	48	67	71	13	65	37	27
45	58	47	67	63	18	25	37	41
45	58	51	67	74	57	13	37	43
45	58	60	67	41	57	6	37	46
45	27	34	8	84	0	77	43	32
45	27	33	8	52	1	18	43	45
45	27	54	8	41	2	21	43	47
45	27	40	8	82	3	59	43	40
45	27	32	8	11	6	7	43	45
45	27	56	8	40	6	16	43	43
45	27	48	8	71	0	56	43	27
45	27	47	8	63	3	49	43	41
45	27	51	8	74	2	34	43	43
45	27	60	8	41	4	0	43	46
45	34	33	84	52	53	9	32	45
45	34	54	84	41	63	5	32	47
45	34	40	84	82	48	15	32	40
45	34	32	84	11	44	9	32	45
45	34	56	84	40	58	11	32	43
45	34	48	84	71	12	51	32	27
45	34	47	84	63	51	19	32	41
45	34	51	84	74	51	12	32	43
45	34	60	84	41	57	11	32	46
45	33	54	52	41	7	9	45	47
45	33	40	52	82	4	54	45	40
45	33	32	52	11	23	12	45	45
45	33	56	52	40	18	14	45	43
45	33	48	52	71	8	54	45	27
45	33	47	52	63	8	56	45	41
45	33	51	52	74	15	23	45	43
45	33	60	52	41	29	11	45	46
45	54	40	41	82	14	31	47	40
45	54	32	41	11	38	4	47	45
45	54	56	41	40	21	18	47	43
45	54	48	41	71	12	54	47	27
45	54	47	41	63	7	51	47	41
45	54	51	41	74	14	26	47	43
45	54	60	41	41	10	8	47	46
45	40	32	82	11	54	0	40	45
45	40	56	82	40	32	8	40	43
45	40	48	82	71	29	51	40	27
45	40	47	82	63	25	43	40	41
45	40	51	82	74	32	20	40	43
45	40	60	82	41	43	5	40	46
45	32	56	11	40	4	38	45	43
45	32	48	11	71	2	59	45	27
45	32	47	11	63	2	63	45	41
45	32	51	11	74	4	43	45	43
45	32	60	11	41	0	31	45	46
45	56	48	40	71	6	66	43	27
45	56	47	40	63	15	46	43	41
45	56	51	40	74	10	26	43	43
45	56	60	40	41	20	17	43	46
45	48	47	71	63	45	16	27	41
45	48	51	71	74	56	24	27	43
45	48	60	71	41	49	15	27	46
45	47	51	63	74	44	13	41	43
45	47	60	63	41	52	1	41	46
45	51	60	74	41	25	5	43	46
46	51	53	76	78	20	55	38	33
46	51	57	76	70	25	34	38	46
46	53	57	78	70	50	20	33	46
47	56	40	91	100	20	57	31	20
47	56	51	91	59	69	14	31	42
47	56	53	91	73	77	10	31	36
47	56	57	91	58	67	18	31	47
47	56	58	91	97	24	59	31	27
47	56	55	91	98	33	56	31	18
47	56	59	91	100	24	71	31	31
47	56	45	91	71	69	24	31	40
47	56	27	91	13	73	4	31	43
47	56	54	91	99	25	62	31	22
47	40	51	100	59	67	17	20	42
47	40	53	100	73	72	18	20	36
47	40	57	100	58	66	15	20	47
47	40	58	100	97	71	19	20	27
47	40	55	100	98	24	69	20	18
47	40	59	100	100	63	28	20	31
47	40	45	100	71	64	18	20	40
47	40	27	100	13	80	2	20	43
47	40	54	100	99	34	33	20	22
47	51	53	59	73	23	52	42	36
47	51	57	59	58	21	24	42	47
47	51	58	59	97	7	78	42	27
47	51	55	59	98	10	72	42	18
47	51	59	59	100	9	74	42	31
47	51	45	59	71	19	29	42	40
47	51	27	59	13	52	6	42	43
47	51	54	59	99	18	73	42	22
47	53	57	73	58	21	43	36	47
47	53	58	73	97	15	75	36	27
47	53	55	73	98	17	71	36	18
47	53	59	73	100	11	68	36	31
47	53	45	73	71	22	20	36	40
47	53	27	73	13	54	12	36	43
47	53	54	73	99	25	62	36	22
47	57	58	58	97	8	76	47	27
47	57	55	58	98	23	63	47	18
47	57	59	58	100	10	76	47	31
47	57	45	58	71	15	31	47	40
47	57	27	58	13	58	8	47	43
47	57	54	58	99	17	59	47	22
47	58	55	97	98	26	60	27	18
47	58	59	97	100	40	25	27	31
47	58	45	97	71	67	21	27	40
47	58	27	97	13	87	1	27	43
47	58	54	97	99	29	63	27	22
47	55	59	98	100	67	25	18	31
47	55	45	98	71	62	19	18	40
47	55	27	98	13	69	6	18	43
47	55	54	98	99	59	24	18	22
47	59	45	100	71	62	11	31	40
47	59	27	100	13	86	2	31	43
47	59	54	100	99	24	66	31	22
47	45	27	71	13	59	6	40	43
47	45	54	71	99	11	70	40	22
47	27	54	13	99	6	70	43	22
48	45	47	74	5	74	0	29	47
48	45	32	74	62	54	7	29	41
48	45	54	74	62	45	15	29	42
48	45	31	74	59	44	8	29	36
48	45	60	74	50	44	13	29	42
48	45	40	74	8	70	1	29	47
48	47	32	5	62	0	63	47	41
48	47	54	5	62	0	60	47	42
48	47	31	5	59	0	76	47	36
48	47	60	5	50	0	50	47	42
48	47	40	5	8	0	6	47	47
48	32	54	62	62	7	18	41	42
48	32	31	62	59	9	48	41	36
48	32	60	62	50	21	6	41	42
48	32	40	62	8	39	6	41	47
48	54	31	62	59	11	46	42	36
48	54	60	62	50	36	4	42	42
48	54	40	62	8	55	0	42	47
48	31	60	59	50	46	10	36	42
48	31	40	59	8	50	8	36	47
48	60	40	50	8	27	18	42	47
51	53	81	77	83	36	24	36	37
51	53	55	77	88	29	18	36	38
51	53	84	77	79	22	17	36	38
51	53	46	77	81	47	21	36	39
51	53	54	77	96	24	60	36	30
51	53	30	77	83	44	32	36	41
51	53	38	77	81	49	16	36	38
51	53	45	77	59	59	12	36	45
51	53	47	77	63	55	22	36	45
51	53	57	77	88	17	63	36	32
51	53	56	77	100	19	59	36	32
51	53	77	77	81	54	22	36	44
51	53	68	77	89	26	31	36	36
51	53	40	77	99	19	66	36	23
51	81	55	83	88	19	43	37	38
51	81	84	83	79	10	34	37	38
51	81	46	83	81	13	13	37	39
51	81	54	83	96	20	65	37	30
51	81	30	83	83	34	22	37	41
51	81	38	83	81	30	19	37	38
51	81	45	83	59	59	14	37	45
51	81	47	83	63	53	17	37	45
51	81	57	83	88	21	48	37	32
51	81	56	83	100	19	58	37	32
51	81	77	83	81	49	26	37	44
51	81	68	83	89	19	44	37	36
51	81	40	83	99	14	65	37	23
51	55	84	88	79	33	13	38	38
51	55	46	88	81	51	18	38	39
51	55	54	88	96	23	55	38	30
51	55	30	88	83	58	25	38	41
51	55	38	88	81	48	16	38	38
51	55	45	88	59	62	17	38	45
51	55	47	88	63	56	20	38	45
51	55	57	88	88	28	65	38	32
51	55	56	88	100	24	60	38	32
51	55	77	88	81	54	17	38	44
51	55	68	88	89	30	16	38	36
51	55	40	88	99	24	64	38	23
51	84	46	79	81	14	1	38	39
51	84	54	79	96	23	47	38	30
51	84	30	79	83	51	16	38	41
51	84	38	79	81	40	17	38	38
51	84	45	79	59	52	13	38	45
51	84	47	79	63	61	16	38	45
51	84	57	79	88	19	64	38	32
51	84	56	79	100	14	70	38	32
51	84	77	79	81	54	18	38	44
51	84	68	79	89	15	24	38	36
51	84	40	79	99	9	70	38	23
51	46	54	81	96	13	67	39	30
51	46	30	81	83	27	15	39	41
51	46	38	81	81	24	17	39	38
51	46	45	81	59	63	14	39	45
51	46	47	81	63	52	14	39	45
51	46	57	81	88	17	65	39	32
51	46	56	81	100	11	62	39	32
51	46	77	81	81	52	19	39	44
51	46	68	81	89	9	26	39	36
51	46	40	81	99	7	67	39	23
51	54	30	96	83	64	10	30	41
51	54	38	96	81	67	12	30	38
51	54	45	96	59	57	24	30	45
51	54	47	96	63	69	15	30	45
51	54	57	96	88	31	52	30	32
51	54	56	96	100	58	29	30	32
51	54	77	96	81	60	10	30	44
51	54	68	96	89	62	18	30	36
51	54	40	96	99	24	67	30	23
51	30	38	83	81	24	19	41	38
51	30	45	83	59	52	13	41	45
51	30	47	83	63	44	8	41	45
51	30	57	83	88	24	60	41	32
51	30	56	83	100	5	76	41	32
51	30	77	83	81	37	21	41	44
51	30	68	83	89	13	43	41	36
51	30	40	83	99	11	70	41	23
51	38	45	81	59	51	11	38	45
51	38	47	81	63	47	17	38	45
51	38	57	81	88	19	62	38	32
51	38	56	81	100	8	82	38	32
51	38	77	81	81	47	19	38	44
51	38	68	81	89	6	37	38	36
51	38	40	81	99	9	69	38	23
51	45	47	59	63	16	24	45	45
51	45	57	59	88	11	74	45	32
51	45	56	59	100	12	77	45	32
51	45	77	59	81	3	26	45	44
51	45	68	59	89	7	68	45	36
51	45	40	59	99	14	71	45	23
51	47	57	63	88	21	61	45	32
51	47	56	63	100	7	73	45	32
51	47	77	63	81	9	31	45	44
51	47	68	63	89	5	60	45	36
51	47	40	63	99	15	73	45	23
51	57	56	88	100	46	35	32	32
51	57	77	88	81	63	15	32	44
51	57	68	88	89	54	24	32	36
51	57	40	88	99	29	25	32	23
51	56	77	100	81	74	16	32	44
51	56	68	100	89	67	13	32	36
51	56	40	100	99	29	54	32	23
51	77	68	81	89	20	61	44	36
51	77	40	81	99	14	64	44	23
51	68	40	89	99	5	66	36	23
53	84	47	21	70	5	68	44	41
53	84	54	21	62	7	64	44	45
53	84	81	21	78	4	70	44	36
53	84	68	21	49	8	42	44	43
53	84	51	21	81	7	73	44	37
53	84	56	21	49	8	37	44	43
53	84	57	21	89	4	74	44	34
53	84	30	21	93	3	85	44	30
53	84	46	21	81	6	80	44	34
53	84	40	21	59	9	35	44	46
53	47	54	70	62	54	19	41	45
53	47	81	70	78	16	21	41	36
53	47	68	70	49	64	6	41	43
53	47	51	70	81	21	26	41	37
53	47	56	70	49	57	10	41	43
53	47	57	70	89	34	50	41	34
53	47	30	70	93	11	64	41	30
53	47	46	70	81	13	60	41	34
53	47	40	70	59	52	16	41	46
53	54	81	62	78	11	58	45	36
53	54	68	62	49	55	5	45	43
53	54	51	62	81	19	52	45	37
53	54	56	62	49	39	17	45	43
53	54	57	62	89	27	51	45	34
53	54	30	62	93	12	63	45	30
53	54	46	62	81	15	63	45	34
53	54	40	62	59	48	14	45	46
53	81	68	78	49	80	0	36	43
53	81	51	78	81	32	26	36	37
53	81	56	78	49	47	15	36	43
53	81	57	78	89	13	56	36	34
53	81	30	78	93	7	63	36	30
53	81	46	78	81	5	50	36	34
53	81	40	78	59	58	18	36	46
53	68	51	49	81	34	46	43	37
53	68	56	49	49	31	18	43	43
53	68	57	49	89	7	57	43	34
53	68	30	49	93	6	81	43	30
53	68	46	49	81	4	67	43	34
53	68	40	49	59	24	20	43	46
53	51	56	81	49	52	19	37	43
53	51	57	81	89	27	52	37	34
53	51	30	81	93	29	52	37	30
53	51	46	81	81	39	32	37	34
53	51	40	81	59	64	9	37	46
53	56	57	49	89	11	65	43	34
53	56	30	49	93	1	88	43	30
53	56	46	49	81	10	63	43	34
53	56	40	49	59	18	24	43	46
53	57	30	89	93	52	32	34	30
53	57	46	89	81	58	22	34	34
53	57	40	89	59	72	9	34	46
53	30	46	93	81	62	13	30	34
53	30	40	93	59	76	2	30	46
53	46	40	81	59	65	6	34	46
54	59	47	71	100	19	64	44	21
54	59	40	71	100	23	62	44	14
54	59	57	71	15	75	1	44	49
54	59	84	71	69	24	50	44	40
54	59	27	71	85	18	59	44	35
54	59	48	71	65	24	26	44	42
54	59	56	71	97	26	55	44	22
54	59	55	71	100	24	56	44	24
54	59	51	71	89	9	69	44	27
54	59	58	71	89	22	50	44	31
54	59	53	71	65	25	16	44	39
54	59	45	71	16	63	1	44	47
54	47	40	100	100	22	62	21	14
54	47	57	100	15	98	0	21	49
54	47	84	100	69	72	8	21	40
54	47	27	100	85	58	25	21	35
54	47	48	100	65	71	15	21	42
54	47	56	100	97	78	15	21	22
54	47	55	100	100	55	26	21	24
54	47	51	100	89	65	22	21	27
54	47	58	100	89	73	18	21	31
54	47	53	100	65	74	10	21	39
54	47	45	100	16	95	0	21	47
54	40	57	100	15	99	4	14	49
54	40	84	100	69	67	10	14	40
54	40	27	100	85	66	13	14	35
54	40	48	100	65	74	10	14	42
54	40	56	100	97	59	26	14	22
54	40	55	100	100	58	28	14	24
54	40	51	100	89	63	24	14	27
54	40	58	100	89	60	14	14	31
54	40	53	100	65	63	14	14	39
54	40	45	100	16	98	0	14	47
54	57	84	15	69	0	72	49	40
54	57	27	15	85	1	77	49	35
54	57	48	15	65	3	57	49	42
54	57	56	15	97	0	94	49	22
54	57	55	15	100	2	93	49	24
54	57	51	15	89	1	85	49	27
54	57	58	15	89	0	78	49	31
54	57	53	15	65	0	58	49	39
54	57	45	15	16	8	1	49	47
54	84	27	69	85	15	20	40	35
54	84	48	69	65	23	14	40	42
54	84	56	69	97	7	77	40	22
54	84	55	69	100	3	72	40	24
54	84	51	69	89	17	60	40	27
54	84	58	69	89	12	69	40	31
54	84	53	69	65	34	23	40	39
54	84	45	69	16	72	0	40	47
54	27	48	85	65	25	12	35	42
54	27	56	85	97	19	56	35	22
54	27	55	85	100	22	64	35	24
54	27	51	85	89	8	66	35	27
54	27	58	85	89	17	70	35	31
54	27	53	85	65	44	18	35	39
54	27	45	85	16	74	0	35	47
54	48	56	65	97	9	78	42	22
54	48	55	65	100	5	77	42	24
54	48	51	65	89	7	72	42	27
54	48	58	65	89	15	56	42	31
54	48	53	65	65	12	24	42	39
54	48	45	65	16	67	0	42	47
54	56	55	97	100	40	28	22	24
54	56	51	97	89	61	30	22	27
54	56	58	97	89	64	20	22	31
54	56	53	97	65	60	24	22	39
54	56	45	97	16	98	0	22	47
54	55	51	100	89	65	17	24	27
54	55	58	100	89	70	15	24	31
54	55	53	100	65	75	12	24	39
54	55	45	100	16	97	0	24	47
54	51	58	89	89	54	13	27	31
54	51	53	89	65	62	22	27	39
54	51	45	89	16	89	0	27	47
54	58	53	89	65	46	30	31	39
54	58	45	89	16	59	1	31	47
54	53	45	65	16	59	6	39	47
55	45	59	73	90	9	40	41	39
55	45	47	73	100	18	72	41	19
55	45	40	73	100	24	57	41	16
55	45	54	73	100	16	61	41	27
55	45	51	73	88	19	55	41	36
55	45	58	73	100	16	69	41	21
55	45	27	73	69	41	12	41	40
55	45	56	73	100	11	77	41	25
55	45	57	73	7	63	1	41	49
55	45	53	73	0	61	1	41	65535
55	59	47	90	100	22	58	39	19
55	59	40	90	100	29	54	39	16
55	59	54	90	100	18	59	39	27
55	59	51	90	88	15	25	39	36
55	59	58	90	100	26	62	39	21
55	59	27	90	69	65	9	39	40
55	59	56	90	100	23	77	39	25
55	59	57	90	7	87	1	39	49
55	59	53	90	0	86	0	39	65535
55	47	40	100	100	20	77	19	16
55	47	54	100	100	64	29	19	27
55	47	51	100	88	63	18	19	36
55	47	58	100	100	65	23	19	21
55	47	27	100	69	66	17	19	40
55	47	56	100	100	74	18	19	25
55	47	57	100	7	97	0	19	49
55	47	53	100	0	100	0	19	65535
55	40	54	100	100	65	25	16	27
55	40	51	100	88	54	19	16	36
55	40	58	100	100	66	24	16	21
55	40	27	100	69	70	18	16	40
55	40	56	100	100	52	29	16	25
55	40	57	100	7	92	0	16	49
55	40	53	100	0	100	0	16	65535
55	54	51	100	88	75	17	27	36
55	54	58	100	100	44	28	27	21
55	54	27	100	69	65	10	27	40
55	54	56	100	100	61	27	27	25
55	54	57	100	7	98	0	27	49
55	54	53	100	0	93	1	27	65535
55	51	58	88	100	11	72	36	21
55	51	27	88	69	65	5	36	40
55	51	56	88	100	25	64	36	25
55	51	57	88	7	89	0	36	49
55	51	53	88	0	89	0	36	65535
55	58	27	100	69	73	6	21	40
55	58	56	100	100	60	23	21	25
55	58	57	100	7	99	2	21	49
55	58	53	100	0	98	0	21	65535
55	27	56	69	100	19	75	40	25
55	27	57	69	7	74	1	40	49
55	27	53	69	0	79	0	40	65535
55	56	57	100	7	99	0	25	49
55	56	53	100	0	90	1	25	65535
55	57	53	7	0	2	1	49	65535
56	40	59	96	89	57	22	19	41
56	40	54	96	90	73	17	19	28
56	40	53	96	64	71	5	19	43
56	40	51	96	100	61	25	19	33
56	40	27	96	74	63	25	19	37
56	40	55	96	100	62	26	19	29
56	40	57	96	73	76	19	19	47
56	40	47	96	89	57	21	19	36
56	40	45	96	25	79	6	19	46
56	40	58	96	69	73	13	19	37
56	40	81	96	11	93	1	19	44
56	59	54	89	90	31	56	41	28
56	59	53	89	64	67	6	41	43
56	59	51	89	100	11	68	41	33
56	59	27	89	74	28	22	41	37
56	59	55	89	100	25	68	41	29
56	59	57	89	73	24	15	41	47
56	59	47	89	89	24	61	41	36
56	59	45	89	25	70	5	41	46
56	59	58	89	69	36	21	41	37
56	59	81	89	11	80	1	41	44
56	54	53	90	64	67	14	28	43
56	54	51	90	100	49	34	28	33
56	54	27	90	74	79	19	28	37
56	54	55	90	100	55	29	28	29
56	54	57	90	73	58	20	28	47
56	54	47	90	89	67	22	28	36
56	54	45	90	25	81	8	28	46
56	54	58	90	69	66	25	28	37
56	54	81	90	11	92	0	28	44
56	53	51	64	100	11	76	43	33
56	53	27	64	74	15	53	43	37
56	53	55	64	100	12	70	43	29
56	53	57	64	73	17	49	43	47
56	53	47	64	89	9	77	43	36
56	53	45	64	25	37	12	43	46
56	53	58	64	69	16	54	43	37
56	53	81	64	11	43	1	43	44
56	51	27	100	74	63	6	33	37
56	51	55	100	100	26	60	33	29
56	51	57	100	73	63	12	33	47
56	51	47	100	89	27	28	33	36
56	51	45	100	25	73	7	33	46
56	51	58	100	69	73	4	33	37
56	51	81	100	11	90	3	33	44
56	27	55	74	100	23	62	37	29
56	27	57	74	73	25	21	37	47
56	27	47	74	89	24	56	37	36
56	27	45	74	25	58	7	37	46
56	27	58	74	69	23	20	37	37
56	27	81	74	11	71	2	37	44
56	55	57	100	73	63	16	29	47
56	55	47	100	89	68	23	29	36
56	55	45	100	25	83	7	29	46
56	55	58	100	69	71	16	29	37
56	55	81	100	11	87	1	29	44
56	57	47	73	89	23	62	47	36
56	57	45	73	25	52	16	47	46
56	57	58	73	69	28	25	47	37
56	57	81	73	11	59	2	47	44
56	47	45	89	25	73	8	36	46
56	47	58	89	69	64	20	36	37
56	47	81	89	11	84	7	36	44
56	45	58	25	69	12	54	46	37
56	45	81	25	11	34	6	46	44
56	58	81	69	11	66	5	37	44
57	46	51	69	88	23	59	37	22
57	46	40	69	84	5	33	37	34
57	46	56	69	69	17	9	37	36
57	46	53	69	87	15	63	37	23
57	46	81	69	81	10	47	37	31
57	46	47	69	71	23	15	37	41
57	46	84	69	92	5	61	37	24
57	46	83	69	65	17	10	37	41
57	46	54	69	11	45	2	37	45
57	46	30	69	91	6	53	37	28
57	51	40	88	84	65	24	22	34
57	51	56	88	69	69	9	22	36
57	51	53	88	87	57	18	22	23
57	51	81	88	81	51	21	22	31
57	51	47	88	71	57	20	22	41
57	51	84	88	92	55	28	22	24
57	51	83	88	65	62	11	22	41
57	51	54	88	11	71	1	22	45
57	51	30	88	91	59	20	22	28
57	40	56	84	69	56	18	34	36
57	40	53	84	87	25	51	34	23
57	40	81	84	81	27	36	34	31
57	40	47	84	71	68	19	34	41
57	40	84	84	92	13	65	34	24
57	40	83	84	65	63	9	34	41
57	40	54	84	11	58	5	34	45
57	40	30	84	91	7	65	34	28
57	56	53	69	87	20	67	36	23
57	56	81	69	81	19	37	36	31
57	56	47	69	71	23	20	36	41
57	56	84	69	92	10	68	36	24
57	56	83	69	65	18	9	36	41
57	56	54	69	11	32	0	36	45
57	56	30	69	91	11	66	36	28
57	53	81	87	81	60	22	23	31
57	53	47	87	71	56	12	23	41
57	53	84	87	92	19	31	23	24
57	53	83	87	65	64	13	23	41
57	53	54	87	11	69	5	23	45
57	53	30	87	91	48	28	23	28
57	81	47	81	71	49	16	31	41
57	81	84	81	92	13	56	31	24
57	81	83	81	65	50	8	31	41
57	81	54	81	11	69	2	31	45
57	81	30	81	91	24	53	31	28
57	47	84	71	92	8	57	41	24
57	47	83	71	65	21	11	41	41
57	47	54	71	11	34	1	41	45
57	47	30	71	91	14	55	41	28
57	84	83	92	65	70	4	24	41
57	84	54	92	11	71	1	24	45
57	84	30	92	91	57	12	24	28
57	83	54	65	11	20	3	41	45
57	83	30	65	91	8	70	41	28
57	54	30	11	91	0	80	45	28
58	54	59	71	100	14	67	36	29
58	54	45	71	71	45	18	36	40
58	54	47	71	92	18	36	36	34
58	54	55	71	100	23	62	36	25
58	54	40	71	98	16	51	36	31
58	59	45	100	71	66	20	29	40
58	59	47	100	92	67	25	29	34
58	59	55	100	100	35	48	29	25
58	59	40	100	98	61	17	29	31
58	45	47	71	92	15	66	40	34
58	45	55	71	100	13	67	40	25
58	45	40	71	98	19	67	40	31
58	47	55	92	100	31	54	34	25
58	47	40	92	98	19	53	34	31
58	55	40	100	98	64	18	25	31
59	58	47	99	93	59	23	25	32
59	58	56	99	86	64	27	25	37
59	58	55	99	87	65	26	25	39
59	58	54	99	80	68	18	25	46
59	58	40	99	2	84	2	25	47
59	47	56	93	86	69	23	32	37
59	47	55	93	87	64	18	32	39
59	47	54	93	80	55	27	32	46
59	47	40	93	2	77	0	32	47
59	56	55	86	87	27	45	37	39
59	56	54	86	80	53	22	37	46
59	56	40	86	2	83	0	37	47
59	55	54	87	80	64	8	39	46
59	55	40	87	2	82	0	39	47
59	54	40	80	2	35	0	46	47
60	48	33	44	56	5	18	46	42
60	48	45	44	21	43	0	46	46
60	48	35	44	59	0	63	46	39
60	48	66	44	74	3	64	46	37
60	33	45	56	21	22	16	42	46
60	33	35	56	59	14	50	42	39
60	33	66	56	74	7	58	42	37
60	45	35	21	59	6	52	46	39
60	45	66	21	74	2	85	46	37
60	35	66	59	74	4	46	39	37
63	68	64	88	90	15	15	42	45
63	68	69	88	100	28	55	42	40
63	68	77	88	97	24	34	42	45
63	68	76	88	99	18	71	42	44
63	64	69	90	100	10	58	45	40
63	64	77	90	97	17	14	45	45
63	64	76	90	99	11	69	45	44
63	69	77	100	97	70	19	40	45
63	69	76	100	99	30	27	40	44
63	77	76	97	99	19	68	45	44
64	1	63	82	100	11	47	44	44
64	1	80	82	37	48	6	44	46
64	63	80	100	37	80	6	44	46
65	73	85	100	0	100	0	31	65535
65	73	82	100	99	61	26	31	34
65	85	82	0	99	0	99	65535	34
66	16	3	98	91	57	28	32	40
66	16	15	98	81	61	16	32	40
66	16	60	98	78	75	6	32	38
66	16	117	98	54	75	6	32	45
66	16	14	98	84	61	23	32	35
66	16	18	98	72	75	12	32	38
66	16	11	98	80	65	19	32	44
66	3	15	91	81	56	29	40	40
66	3	60	91	78	29	16	40	38
66	3	117	91	54	67	12	40	45
66	3	14	91	84	32	28	40	35
66	3	18	91	72	49	18	40	38
66	3	11	91	80	52	16	40	44
66	15	60	81	78	26	48	40	38
66	15	117	81	54	38	9	40	45
66	15	14	81	84	14	57	40	35
66	15	18	81	72	34	19	40	38
66	15	11	81	80	20	16	40	44
66	60	117	78	54	59	18	38	45
66	60	14	78	84	18	23	38	35
66	60	18	78	72	49	17	38	38
66	60	11	78	80	45	18	38	44
66	117	14	54	84	8	66	45	35
66	117	18	54	72	9	49	45	38
66	117	11	54	80	7	44	45	44
66	14	18	84	72	53	20	35	38
66	14	11	84	80	55	30	35	44
66	18	11	72	80	13	24	38	44
67	10	9	96	89	42	39	31	29
67	10	72	96	68	71	8	31	44
67	10	4	96	81	51	22	31	34
67	10	8	96	90	64	11	31	35
67	9	72	89	68	61	12	29	44
67	9	4	89	81	61	17	29	34
67	9	8	89	90	55	31	29	35
67	72	4	68	81	16	52	44	34
67	72	8	68	90	15	59	44	35
67	4	8	81	90	34	23	34	35
68	72	81	89	89	10	70	41	33
68	72	78	89	85	31	61	41	25
68	72	63	89	87	68	20	41	47
68	72	79	89	97	12	70	41	32
68	72	51	89	90	10	53	41	37
68	72	77	89	100	13	75	41	17
68	72	76	89	100	26	67	41	33
68	72	69	89	100	12	74	41	33
68	72	53	89	9	80	5	41	44
68	72	75	89	99	7	61	41	23
68	81	78	89	85	22	61	33	25
68	81	63	89	87	63	22	33	47
68	81	79	89	97	19	70	33	32
68	81	51	89	90	58	25	33	37
68	81	77	89	100	20	64	33	17
68	81	76	89	100	24	67	33	33
68	81	69	89	100	18	62	33	33
68	81	53	89	9	81	0	33	44
68	81	75	89	99	26	59	33	23
68	78	63	85	87	56	19	25	47
68	78	79	85	97	52	30	25	32
68	78	51	85	90	57	20	25	37
68	78	77	85	100	24	68	25	17
68	78	76	85	100	23	39	25	33
68	78	69	85	100	59	28	25	33
68	78	53	85	9	81	0	25	44
68	78	75	85	99	15	70	25	23
68	63	79	87	97	25	62	47	32
68	63	51	87	90	21	58	47	37
68	63	77	87	100	25	63	47	17
68	63	76	87	100	18	68	47	33
68	63	69	87	100	28	54	47	33
68	63	53	87	9	67	0	47	44
68	63	75	87	99	5	74	47	23
68	79	51	97	90	68	17	32	37
68	79	77	97	100	18	68	32	17
68	79	76	97	100	12	71	32	33
68	79	69	97	100	22	46	32	33
68	79	53	97	9	85	2	32	44
68	79	75	97	99	29	58	32	23
68	51	77	90	100	27	59	37	17
68	51	76	90	100	10	73	37	33
68	51	69	90	100	13	63	37	33
68	51	53	90	9	86	1	37	44
68	51	75	90	99	12	70	37	23
68	77	76	100	100	68	27	17	33
68	77	69	100	100	60	25	17	33
68	77	53	100	9	95	2	17	44
68	77	75	100	99	56	26	17	23
68	76	69	100	100	64	28	33	33
68	76	53	100	9	90	0	33	44
68	76	75	100	99	28	63	33	23
68	69	53	100	9	93	0	33	44
68	69	75	100	99	27	67	33	23
68	53	75	9	99	1	88	44	23
69	132	63	98	100	9	69	45	40
69	132	123	98	96	27	27	45	46
69	132	78	98	82	22	54	45	35
69	132	77	98	83	23	15	45	46
69	132	68	98	95	9	63	45	29
69	132	79	98	86	36	28	45	42
69	132	80	98	96	27	39	45	42
69	132	75	98	88	24	56	45	39
69	132	76	98	99	7	76	45	31
69	63	123	100	96	61	9	40	46
69	63	78	100	82	39	33	40	35
69	63	77	100	83	53	24	40	46
69	63	68	100	95	21	66	40	29
69	63	79	100	86	65	10	40	42
69	63	80	100	96	35	20	40	42
69	63	75	100	88	46	20	40	39
69	63	76	100	99	29	62	40	31
69	123	78	96	82	33	53	46	35
69	123	77	96	83	31	7	46	46
69	123	68	96	95	12	67	46	29
69	123	79	96	86	19	35	46	42
69	123	80	96	96	14	43	46	42
69	123	75	96	88	23	55	46	39
69	123	76	96	99	18	71	46	31
69	78	77	82	83	44	34	35	46
69	78	68	82	95	18	74	35	29
69	78	79	82	86	49	34	35	42
69	78	80	82	96	50	35	35	42
69	78	75	82	88	39	34	35	39
69	78	76	82	99	23	58	35	31
69	77	68	83	95	25	62	46	29
69	77	79	83	86	28	31	46	42
69	77	80	83	96	6	62	46	42
69	77	75	83	88	22	59	46	39
69	77	76	83	99	22	57	46	31
69	68	79	95	86	84	12	29	42
69	68	80	95	96	77	8	29	42
69	68	75	95	88	61	20	29	39
69	68	76	95	99	26	63	29	31
69	79	80	86	96	8	30	42	42
69	79	75	86	88	21	57	42	39
69	79	76	86	99	8	79	42	31
69	80	75	96	88	28	52	42	39
69	80	76	96	99	21	75	42	31
69	75	76	88	99	25	58	39	31
70	78	0	71	0	0	0	35	65535
71	78	72	71	81	21	26	38	41
71	78	74	71	85	10	67	38	33
71	72	74	81	85	18	59	41	33
72	76	81	89	22	72	7	44	44
72	76	68	89	87	55	20	44	38
72	76	74	89	86	17	35	44	39
72	76	67	89	71	62	11	44	46
72	76	78	89	68	29	43	44	33
72	76	71	89	79	64	10	44	41
72	81	68	22	87	12	59	44	38
72	81	74	22	86	6	69	44	39
72	81	67	22	71	10	40	44	46
72	81	78	22	68	8	59	44	33
72	81	71	22	79	5	62	44	41
72	68	74	87	86	21	51	38	39
72	68	67	87	71	54	9	38	46
72	68	78	87	68	38	32	38	33
72	68	71	87	79	20	9	38	41
72	74	67	86	71	60	13	39	46
72	74	78	86	68	26	52	39	33
72	74	71	86	79	56	23	39	41
72	67	78	71	68	17	50	46	33
72	67	71	71	79	12	46	46	41
72	78	71	68	79	43	23	33	41
73	119	85	95	100	7	80	42	30
73	119	65	95	100	10	70	42	31
73	119	133	95	27	77	4	42	46
73	85	65	100	100	71	22	30	31
73	85	133	100	27	92	4	30	46
73	65	133	100	27	92	3	31	46
74	72	71	85	79	26	54	37	30
75	79	78	95	68	52	18	18	39
75	79	81	95	89	71	24	18	34
75	79	68	95	100	62	27	18	20
75	79	76	95	100	62	11	18	38
75	79	77	95	99	61	20	18	29
75	79	72	95	1	100	0	18	48
75	79	69	95	84	63	20	18	41
75	78	81	68	89	19	52	39	34
75	78	68	68	100	15	75	39	20
75	78	76	68	100	24	56	39	38
75	78	77	68	99	11	68	39	29
75	78	72	68	1	66	0	39	48
75	78	69	68	84	19	37	39	41
75	81	68	89	100	16	73	34	20
75	81	76	89	100	20	71	34	38
75	81	77	89	99	27	67	34	29
75	81	72	89	1	84	0	34	48
75	81	69	89	84	41	27	34	41
75	68	76	100	100	55	26	20	38
75	68	77	100	99	56	30	20	29
75	68	72	100	1	100	0	20	48
75	68	69	100	84	69	19	20	41
75	76	77	100	99	18	64	38	29
75	76	72	100	1	98	0	38	48
75	76	69	100	84	60	29	38	41
75	77	72	99	1	98	0	29	48
75	77	69	99	84	71	20	29	41
75	72	69	1	84	0	84	48	41
76	68	75	95	100	67	27	24	32
76	68	72	95	87	68	18	24	38
76	68	81	95	91	70	17	24	35
76	68	78	95	89	33	54	24	16
76	68	69	95	100	35	58	24	27
76	68	77	95	99	65	27	24	36
76	68	123	95	45	67	7	24	45
76	68	63	95	99	75	21	24	39
76	68	80	95	99	58	9	24	35
76	75	72	100	87	68	11	32	38
76	75	81	100	91	58	25	32	35
76	75	78	100	89	25	53	32	16
76	75	69	100	100	24	66	32	27
76	75	77	100	99	57	25	32	36
76	75	123	100	45	67	9	32	45
76	75	63	100	99	68	12	32	39
76	75	80	100	99	66	11	32	35
76	72	81	87	91	26	28	38	35
76	72	78	87	89	27	57	38	16
76	72	69	87	100	17	70	38	27
76	72	77	87	99	8	33	38	36
76	72	123	87	45	21	7	38	45
76	72	63	87	99	18	25	38	39
76	72	80	87	99	11	66	38	35
76	81	78	91	89	33	50	35	16
76	81	69	91	100	17	65	35	27
76	81	77	91	99	23	34	35	36
76	81	123	91	45	59	8	35	45
76	81	63	91	99	11	22	35	39
76	81	80	91	99	9	56	35	35
76	78	69	89	100	51	35	16	27
76	78	77	89	99	63	28	16	36
76	78	123	89	45	53	8	16	45
76	78	63	89	99	58	27	16	39
76	78	80	89	99	57	22	16	35
76	69	77	100	99	61	17	27	36
76	69	123	100	45	79	10	27	45
76	69	63	100	99	66	21	27	39
76	69	80	100	99	67	23	27	35
76	77	123	99	45	71	6	36	45
76	77	63	99	99	42	25	36	39
76	77	80	99	99	12	43	36	35
76	123	63	45	99	7	42	45	39
76	123	80	45	99	9	71	45	35
76	63	80	99	99	5	65	39	35
77	75	69	99	86	67	21	30	47
77	75	68	99	100	20	67	30	14
77	75	76	99	99	69	28	30	42
77	75	81	99	91	63	20	30	29
77	75	51	99	85	70	10	30	43
77	75	63	99	95	63	16	30	47
77	75	78	99	89	31	51	30	17
77	69	68	86	100	23	65	47	14
77	69	76	86	99	28	56	47	42
77	69	81	86	91	24	61	47	29
77	69	51	86	85	29	36	47	43
77	69	63	86	95	24	22	47	47
77	69	78	86	89	27	58	47	17
77	68	76	100	99	61	27	14	42
77	68	81	100	91	62	28	14	29
77	68	51	100	85	59	26	14	43
77	68	63	100	95	62	22	14	47
77	68	78	100	89	34	25	14	17
77	76	81	99	91	24	65	42	29
77	76	51	99	85	72	14	42	43
77	76	63	99	95	73	22	42	47
77	76	78	99	89	33	56	42	17
77	81	51	91	85	54	18	29	43
77	81	63	91	95	62	17	29	47
77	81	78	91	89	29	63	29	17
77	51	63	85	95	25	31	43	47
77	51	78	85	89	12	71	43	17
77	63	78	95	89	13	64	47	17
78	71	72	67	69	19	51	40	34
78	71	68	67	88	9	66	40	24
78	71	81	67	66	20	46	40	36
78	71	70	67	74	9	58	40	37
78	71	75	67	58	30	19	40	41
78	71	76	67	89	6	72	40	23
78	71	69	67	74	5	49	40	38
78	71	77	67	88	13	61	40	18
78	71	79	67	75	41	16	40	43
78	72	68	69	88	19	52	34	24
78	72	81	69	66	58	20	34	36
78	72	70	69	74	52	11	34	37
78	72	75	69	58	50	21	34	41
78	72	76	69	89	20	53	34	23
78	72	69	69	74	44	14	34	38
78	72	77	69	88	12	57	34	18
78	72	79	69	75	50	15	34	43
78	68	81	88	66	64	22	24	36
78	68	70	88	74	56	10	24	37
78	68	75	88	58	57	20	24	41
78	68	76	88	89	30	44	24	23
78	68	69	88	74	70	19	24	38
78	68	77	88	88	21	58	24	18
78	68	79	88	75	59	15	24	43
78	81	70	66	74	9	37	36	37
78	81	75	66	58	35	26	36	41
78	81	76	66	89	19	55	36	23
78	81	69	66	74	10	44	36	38
78	81	77	66	88	17	49	36	18
78	81	79	66	75	52	21	36	43
78	70	75	74	58	47	13	37	41
78	70	76	74	89	8	71	37	23
78	70	69	74	74	12	25	37	38
78	70	77	74	88	10	71	37	18
78	70	79	74	75	53	15	37	43
78	75	76	58	89	19	58	41	23
78	75	69	58	74	13	57	41	38
78	75	77	58	88	21	59	41	18
78	75	79	58	75	24	23	41	43
78	76	69	89	74	57	22	23	38
78	76	77	89	88	25	21	23	18
78	76	79	89	75	65	4	23	43
78	69	77	74	88	14	57	38	18
78	69	79	74	75	61	15	38	43
78	77	79	88	75	48	13	18	43
79	75	78	98	62	69	13	19	41
79	75	81	98	72	72	14	19	41
79	75	138	98	21	89	2	19	47
79	75	68	98	100	58	23	19	31
79	75	84	98	22	99	1	19	44
79	75	69	98	45	67	16	19	48
79	78	81	62	72	23	23	41	41
79	78	138	62	21	50	7	41	47
79	78	68	62	100	15	78	41	31
79	78	84	62	22	54	0	41	44
79	78	69	62	45	27	20	41	48
79	81	138	72	21	56	6	41	47
79	81	68	72	100	18	70	41	31
79	81	84	72	22	54	0	41	44
79	81	69	72	45	25	16	41	48
79	138	68	21	100	2	88	47	31
79	138	84	21	22	17	0	47	44
79	138	69	21	45	3	43	47	48
79	68	84	100	22	96	0	31	44
79	68	69	100	45	74	13	31	48
79	84	69	22	45	0	59	44	48
80	2	76	100	100	11	44	37	40
80	2	132	100	3	97	2	37	48
80	2	118	100	97	70	6	37	43
80	2	69	100	99	64	14	37	44
80	76	132	100	3	87	0	40	48
80	76	118	100	97	59	15	40	43
80	76	69	100	99	56	31	40	44
80	132	118	3	97	0	88	48	43
80	132	69	3	99	1	94	48	44
80	118	69	97	99	12	27	43	44
81	57	40	62	71	60	25	41	42
81	57	78	62	74	60	12	41	37
81	57	72	62	25	71	3	41	46
81	57	69	62	1	67	10	41	49
81	57	76	62	90	43	28	41	43
81	57	77	62	87	18	41	41	31
81	57	79	62	67	65	7	41	44
81	57	53	62	79	53	22	41	36
81	57	75	62	78	41	29	41	37
81	57	68	62	83	47	31	41	33
81	57	51	62	79	45	27	41	38
81	40	78	71	74	14	52	42	37
81	40	72	71	25	40	8	42	46
81	40	69	71	1	58	4	42	49
81	40	76	71	90	9	60	42	43
81	40	77	71	87	13	65	42	31
81	40	79	71	67	25	13	42	44
81	40	53	71	79	25	49	42	36
81	40	75	71	78	18	60	42	37
81	40	68	71	83	7	59	42	33
81	40	51	71	79	25	57	42	38
81	78	72	74	25	57	7	37	46
81	78	69	74	1	57	2	37	49
81	78	76	74	90	17	32	37	43
81	78	77	74	87	15	60	37	31
81	78	79	74	67	50	28	37	44
81	78	53	74	79	24	24	37	36
81	78	75	74	78	24	50	37	37
81	78	68	74	83	13	59	37	33
81	78	51	74	79	30	21	37	38
81	72	69	25	1	21	3	46	49
81	72	76	25	90	8	73	46	43
81	72	77	25	87	2	76	46	31
81	72	79	25	67	13	42	46	44
81	72	53	25	79	5	65	46	36
81	72	75	25	78	5	67	46	37
81	72	68	25	83	5	79	46	33
81	72	51	25	79	5	69	46	38
81	69	76	1	90	0	79	49	43
81	69	77	1	87	0	88	49	31
81	69	79	1	67	0	68	49	44
81	69	53	1	79	0	79	49	36
81	69	75	1	78	0	79	49	37
81	69	68	1	83	0	82	49	33
81	69	51	1	79	0	79	49	38
81	76	77	90	87	25	54	43	31
81	76	79	90	67	62	8	43	44
81	76	53	90	79	33	10	43	36
81	76	75	90	78	27	24	43	37
81	76	68	90	83	21	41	43	33
81	76	51	90	79	50	5	43	38
81	77	79	87	67	62	9	31	44
81	77	53	87	79	62	7	31	36
81	77	75	87	78	58	20	31	37
81	77	68	87	83	58	16	31	33
81	77	51	87	79	63	18	31	38
81	79	53	67	79	19	57	44	36
81	79	75	67	78	18	57	44	37
81	79	68	67	83	18	60	44	33
81	79	51	67	79	12	61	44	38
81	53	75	79	78	13	46	36	37
81	53	68	79	83	21	61	36	33
81	53	51	79	79	36	24	36	38
81	75	68	78	83	16	31	37	33
81	75	51	78	79	56	22	37	38
81	68	51	83	79	58	17	33	38
82	65	85	99	100	16	81	32	35
82	65	73	99	6	94	1	32	46
82	85	73	100	6	96	0	35	46
83	136	57	98	59	73	5	37	47
83	136	17	98	90	22	50	37	34
83	57	17	59	90	6	69	47	34
84	53	51	29	85	4	58	43	37
84	53	54	29	82	6	54	43	43
84	53	57	29	90	3	65	43	33
84	53	79	29	2	10	1	43	46
84	51	54	85	82	43	21	37	43
84	51	57	85	90	22	60	37	33
84	51	79	85	2	72	0	37	46
84	54	57	82	90	24	57	43	33
84	54	79	82	2	67	0	43	46
84	57	79	90	2	84	1	33	46
85	73	82	100	99	55	20	23	31
117	130	126	93	86	22	58	23	23
117	130	132	93	77	55	24	23	42
117	130	124	93	97	21	62	23	20
117	130	128	93	80	50	19	23	42
117	130	66	93	65	62	10	23	44
117	126	132	86	77	63	16	23	42
117	126	124	86	97	21	56	23	20
117	126	128	86	80	58	20	23	42
117	126	66	86	65	71	4	23	44
117	132	124	77	97	8	63	42	20
117	132	128	77	80	48	14	42	42
117	132	66	77	65	65	9	42	44
117	124	128	97	80	66	18	20	42
117	124	66	97	65	73	8	20	44
117	128	66	80	65	32	17	42	44
118	120	132	100	100	28	67	25	20
118	120	80	100	98	64	21	25	44
118	120	123	100	100	66	22	25	35
118	120	126	100	99	70	29	25	32
118	120	136	100	98	61	27	25	33
118	132	80	100	98	68	21	20	44
118	132	123	100	100	64	27	20	35
118	132	126	100	99	68	20	20	32
118	132	136	100	98	51	29	20	33
118	80	123	98	100	9	67	44	35
118	80	126	98	99	23	60	44	32
118	80	136	98	98	14	61	44	33
118	123	126	100	99	40	22	35	32
118	123	136	100	98	28	21	35	33
118	126	136	99	98	11	33	32	33
119	133	139	96	92	69	24	17	36
119	133	137	96	100	56	24	17	21
119	133	138	96	89	73	16	17	41
119	133	73	96	92	69	17	17	42
119	139	137	92	100	30	65	36	21
119	139	138	92	89	28	28	36	41
119	139	73	92	92	62	8	36	42
119	137	138	100	89	71	23	21	41
119	137	73	100	92	70	14	21	42
119	138	73	89	92	53	10	41	42
120	126	124	73	97	16	49	41	32
120	126	123	73	100	9	74	41	33
120	126	136	73	88	14	41	41	41
120	126	118	73	100	12	72	41	27
120	126	132	73	76	27	18	41	41
120	124	123	97	100	10	58	32	33
120	124	136	97	88	57	13	32	41
120	124	118	97	100	22	66	32	27
120	124	132	97	76	58	14	32	41
120	123	136	100	88	77	16	33	41
120	123	118	100	100	32	60	33	27
120	123	132	100	76	59	29	33	41
120	136	118	88	100	19	67	41	27
120	136	132	88	76	27	26	41	41
120	118	132	100	76	64	16	27	41
122	123	131	97	100	7	59	45	31
122	123	135	97	100	21	61	45	23
122	123	137	97	89	54	17	45	45
122	123	139	97	91	16	19	45	40
122	131	135	100	100	24	66	31	23
122	131	137	100	89	76	17	31	45
122	131	139	100	91	68	24	31	40
122	135	137	100	89	68	6	23	45
122	135	139	100	91	45	39	23	40
122	137	139	89	91	18	56	45	40
123	132	118	99	100	23	56	35	31
123	132	69	99	99	58	29	35	46
123	132	135	99	100	73	15	35	39
123	132	136	99	92	58	30	35	45
123	132	76	99	54	63	14	35	46
123	132	126	99	71	65	20	35	43
123	132	120	99	100	31	53	35	29
123	132	122	99	99	58	17	35	44
123	118	69	100	99	69	12	31	46
123	118	135	100	100	67	11	31	39
123	118	136	100	92	67	24	31	45
123	118	76	100	54	85	4	31	46
123	118	126	100	71	83	17	31	43
123	118	120	100	100	32	41	31	29
123	118	122	100	99	68	13	31	44
123	69	135	99	100	9	57	46	39
123	69	136	99	92	21	9	46	45
123	69	76	99	54	46	26	46	46
123	69	126	99	71	23	6	46	43
123	69	120	99	100	7	67	46	29
123	69	122	99	99	10	40	46	44
123	135	136	100	92	63	10	39	45
123	135	76	100	54	66	5	39	46
123	135	126	100	71	68	8	39	43
123	135	120	100	100	11	68	39	29
123	135	122	100	99	40	26	39	44
123	136	76	92	54	37	31	45	46
123	136	126	92	71	33	19	45	43
123	136	120	92	100	16	68	45	29
123	136	122	92	99	13	37	45	44
123	76	126	54	71	35	31	46	43
123	76	120	54	100	8	85	46	29
123	76	122	54	99	5	51	46	44
123	126	120	71	100	14	75	43	29
123	126	122	71	99	5	69	43	44
123	120	122	100	99	58	12	29	44
124	118	130	0	81	0	78	65535	37
124	118	120	0	87	0	86	65535	31
124	118	128	0	100	0	99	65535	23
124	118	117	0	100	0	100	65535	22
124	118	126	0	99	0	99	65535	11
124	130	120	81	87	15	66	37	31
124	130	128	81	100	20	58	37	23
124	130	117	81	100	25	69	37	22
124	130	126	81	99	22	67	37	11
124	120	128	87	100	15	66	31	23
124	120	117	87	100	10	71	31	22
124	120	126	87	99	17	82	31	11
124	128	117	100	100	27	59	23	22
124	128	126	100	99	27	64	23	11
124	117	126	100	99	29	69	22	11
126	128	124	100	100	30	61	31	10
126	128	117	100	100	29	62	31	26
126	128	130	100	100	24	64	31	24
126	128	118	100	100	21	13	31	33
126	128	123	100	79	60	9	31	47
126	128	120	100	89	62	12	31	40
126	128	132	100	85	62	12	31	44
126	124	117	100	100	62	24	10	26
126	124	130	100	100	69	21	10	24
126	124	118	100	100	66	18	10	33
126	124	123	100	79	68	8	10	47
126	124	120	100	89	68	20	10	40
126	124	132	100	85	64	9	10	44
126	117	130	100	100	54	22	26	24
126	117	118	100	100	54	16	26	33
126	117	123	100	79	64	10	26	47
126	117	120	100	89	57	17	26	40
126	117	132	100	85	61	12	26	44
126	130	118	100	100	62	26	24	33
126	130	123	100	79	59	8	24	47
126	130	120	100	89	64	19	24	40
126	130	132	100	85	58	16	24	44
126	118	123	100	79	63	21	33	47
126	118	120	100	89	56	28	33	40
126	118	132	100	85	62	21	33	44
126	123	120	79	89	14	28	47	40
126	123	132	79	85	18	16	47	44
126	120	132	89	85	26	28	40	44
128	126	130	99	100	26	66	31	13
128	126	117	99	85	57	29	31	45
128	126	124	99	99	30	63	31	22
128	130	117	100	85	73	24	13	45
128	130	124	100	99	59	28	13	22
128	117	124	85	99	22	64	45	22
130	128	126	97	100	60	25	13	25
130	128	117	97	89	71	23	13	27
130	128	124	97	80	77	13	13	37
130	126	117	100	89	29	50	25	27
130	126	124	100	80	63	14	25	37
130	117	124	89	80	58	21	27	37
131	137	139	98	100	24	62	39	17
131	137	119	98	4	95	0	39	45
131	137	122	98	100	32	57	39	34
131	137	135	98	100	16	65	39	35
131	137	138	98	90	40	30	39	43
131	137	133	98	18	94	1	39	47
131	139	119	100	4	97	1	17	45
131	139	122	100	100	63	25	17	34
131	139	135	100	100	68	22	17	35
131	139	138	100	90	59	23	17	43
131	139	133	100	18	93	1	17	47
131	119	122	4	100	0	98	45	34
131	119	135	4	100	2	83	45	35
131	119	138	4	90	0	79	45	43
131	119	133	4	18	4	13	45	47
131	122	135	100	100	51	29	34	35
131	122	138	100	90	75	16	34	43
131	122	133	100	18	92	2	34	47
131	135	138	100	90	65	26	35	43
131	135	133	100	18	93	0	35	47
131	138	133	90	18	87	3	43	47
132	80	117	2	80	1	87	47	42
132	80	136	2	100	0	93	47	37
132	80	69	2	99	1	92	47	46
132	80	120	2	99	0	96	47	38
132	80	123	2	100	1	95	47	36
132	80	135	2	84	1	75	47	45
132	80	118	2	100	0	93	47	19
132	80	126	2	88	0	86	47	41
132	117	136	80	100	11	73	42	37
132	117	69	80	99	42	21	42	46
132	117	120	80	99	13	23	42	38
132	117	123	80	100	15	76	42	36
132	117	135	80	84	62	19	42	45
132	117	118	80	100	8	72	42	19
132	117	126	80	88	32	20	42	41
132	136	69	100	99	70	18	37	46
132	136	120	100	99	68	21	37	38
132	136	123	100	100	22	70	37	36
132	136	135	100	84	62	10	37	45
132	136	118	100	100	21	70	37	19
132	136	126	100	88	73	12	37	41
132	69	120	99	99	19	57	46	38
132	69	123	99	100	21	70	46	36
132	69	135	99	84	20	12	46	45
132	69	118	99	100	16	69	46	19
132	69	126	99	88	21	13	46	41
132	120	123	99	100	22	70	38	36
132	120	135	99	84	63	8	38	45
132	120	118	99	100	26	67	38	19
132	120	126	99	88	59	15	38	41
132	123	135	100	84	71	21	36	45
132	123	118	100	100	31	61	36	19
132	123	126	100	88	60	21	36	41
132	135	118	84	100	11	67	45	19
132	135	126	84	88	25	26	45	41
132	118	126	100	88	68	16	19	41
133	119	137	99	98	69	27	16	33
133	119	73	99	32	68	7	16	44
133	119	139	99	98	57	27	16	34
133	137	73	98	32	77	2	33	44
133	137	139	98	98	63	27	33	34
133	73	139	32	98	4	65	44	34
135	138	122	94	100	20	62	42	26
135	138	139	94	65	74	16	42	45
135	138	131	94	100	20	60	42	34
135	138	132	94	74	72	13	42	46
135	138	123	94	98	38	19	42	43
135	122	139	100	65	69	17	26	45
135	122	131	100	100	69	19	26	34
135	122	132	100	74	80	12	26	46
135	122	123	100	98	64	21	26	43
135	139	131	65	100	31	60	45	34
135	139	132	65	74	18	31	45	46
135	139	123	65	98	4	77	45	43
135	131	132	100	74	68	13	34	46
135	131	123	100	98	53	15	34	43
135	132	123	74	98	25	68	46	43
136	132	83	95	100	14	15	37	37
136	132	120	95	99	56	24	37	37
136	132	118	95	100	21	62	37	31
136	132	123	95	75	66	16	37	47
136	83	120	100	99	67	18	37	37
136	83	118	100	100	17	58	37	31
136	83	123	100	75	59	7	37	47
136	120	118	99	100	37	45	37	31
136	120	123	99	75	62	20	37	47
136	118	123	100	75	56	26	31	47
137	131	133	99	99	18	60	38	35
137	131	122	99	79	68	27	38	47
137	131	139	99	100	20	62	38	26
137	131	138	99	95	70	23	38	45
137	131	119	99	99	23	55	38	20
137	133	122	99	79	66	13	35	47
137	133	139	99	100	28	67	35	26
137	133	138	99	95	74	13	35	45
137	133	119	99	99	22	62	35	20
137	122	139	79	100	23	68	47	26
137	122	138	79	95	19	20	47	45
137	122	119	79	99	13	73	47	20
137	139	138	100	95	68	17	26	45
137	139	119	100	99	18	80	26	20
137	138	119	95	99	21	59	45	20
138	137	135	78	95	12	59	43	39
138	137	139	78	98	26	56	43	33
138	137	131	78	89	16	61	43	38
138	137	119	78	94	21	59	43	36
138	137	79	78	5	52	1	43	46
138	135	139	95	98	29	59	39	33
138	135	131	95	89	26	29	39	38
138	135	119	95	94	13	37	39	36
138	135	79	95	5	90	1	39	46
138	139	131	98	89	69	24	33	38
138	139	119	98	94	58	22	33	36
138	139	79	98	5	84	1	33	46
138	131	119	89	94	21	60	38	36
138	131	79	89	5	90	0	38	46
138	119	79	94	5	90	0	36	46
139	133	135	90	75	74	8	37	47
139	133	122	90	99	68	12	37	44
139	133	138	90	99	15	35	37	37
139	133	131	90	100	21	57	37	17
139	133	119	90	98	54	23	37	36
139	133	137	90	99	19	69	37	28
139	135	122	75	99	13	60	47	44
139	135	138	75	99	17	61	47	37
139	135	131	75	100	14	73	47	17
139	135	119	75	98	8	69	47	36
139	135	137	75	99	6	69	47	28
139	122	138	99	99	20	53	44	37
139	122	131	99	100	23	58	44	17
139	122	119	99	98	11	57	44	36
139	122	137	99	99	20	67	44	28
139	138	131	99	100	19	62	37	17
139	138	119	99	98	58	23	37	36
139	138	137	99	99	23	56	37	28
139	131	119	100	98	63	21	17	36
139	131	137	100	99	60	22	17	28
139	119	137	98	99	22	70	36	28
