1	9	10	76	76	49	24	27	37
1	9	3	76	50	57	24	27	45
1	9	14	76	100	9	75	27	16
1	9	8	76	96	21	53	27	24
1	9	4	76	87	44	31	27	28
1	9	18	76	49	64	16	27	41
1	9	11	76	0	73	0	27	65535
1	10	3	76	50	32	20	37	45
1	10	14	76	100	9	66	37	16
1	10	8	76	96	19	61	37	24
1	10	4	76	87	18	53	37	28
1	10	18	76	49	41	14	37	41
1	10	11	76	0	74	0	37	65535
1	3	14	50	100	18	66	45	16
1	3	8	50	96	10	69	45	24
1	3	4	50	87	10	73	45	28
1	3	18	50	49	25	8	45	41
1	3	11	50	0	59	0	45	65535
1	14	8	100	96	65	29	16	24
1	14	4	100	87	65	14	16	28
1	14	18	100	49	79	9	16	41
1	14	11	100	0	100	0	16	65535
1	8	4	96	87	80	21	24	28
1	8	18	96	49	77	8	24	41
1	8	11	96	0	98	0	24	65535
1	4	18	87	49	67	14	28	41
1	4	11	87	0	78	0	28	65535
1	18	11	49	0	40	0	41	65535
2	80	19	83	86	60	14	33	33
3	7	20	71	73	56	23	29	34
3	7	66	71	52	60	5	29	42
3	7	15	71	80	44	32	29	34
3	7	16	71	87	20	59	29	23
3	7	1	71	62	51	15	29	41
3	7	14	71	91	11	58	29	27
3	7	18	71	70	40	16	29	31
3	7	6	71	0	55	8	29	65535
3	20	66	73	52	59	3	34	42
3	20	15	73	80	19	64	34	34
3	20	16	73	87	9	76	34	23
3	20	1	73	62	49	10	34	41
3	20	14	73	91	12	55	34	27
3	20	18	73	70	17	36	34	31
3	20	6	73	0	48	7	34	65535
3	66	15	52	80	10	51	42	34
3	66	16	52	87	10	76	42	23
3	66	1	52	62	6	18	42	41
3	66	14	52	91	8	58	42	27
3	66	18	52	70	8	47	42	31
3	66	6	52	0	52	0	42	65535
3	15	16	80	87	17	65	34	23
3	15	1	80	62	67	6	34	41
3	15	14	80	91	7	56	34	27
3	15	18	80	70	30	47	34	31
3	15	6	80	0	85	0	34	65535
3	16	1	87	62	60	11	23	41
3	16	14	87	91	53	12	23	27
3	16	18	87	70	62	17	23	31
3	16	6	87	0	58	14	23	65535
3	1	14	62	91	14	60	41	27
3	1	18	62	70	28	42	41	31
3	1	6	62	0	53	4	41	65535
3	14	18	91	70	64	18	27	31
3	14	6	91	0	78	0	27	65535
3	18	6	70	0	63	8	31	65535
4	10	8	75	75	21	39	32	34
4	10	13	75	32	61	5	32	45
4	10	11	75	61	51	12	32	46
4	10	1	75	81	16	34	32	32
4	10	67	75	81	18	50	32	36
4	10	9	75	78	20	46	32	17
4	8	13	75	32	56	6	34	45
4	8	11	75	61	44	8	34	46
4	8	1	75	81	35	36	34	32
4	8	67	75	81	31	27	34	36
4	8	9	75	78	16	62	34	17
4	13	11	32	61	8	59	45	46
4	13	1	32	81	7	73	45	32
4	13	67	32	81	4	61	45	36
4	13	9	32	78	2	63	45	17
4	11	1	61	81	8	53	46	32
4	11	67	61	81	12	62	46	36
4	11	9	61	78	19	52	46	17
4	1	67	81	81	48	11	32	36
4	1	9	81	78	27	35	32	17
4	67	9	81	78	25	57	36	17
5	37	18	41	49	4	41	32	31
5	37	33	41	4	8	0	32	45
5	37	14	41	51	3	16	32	37
5	37	35	41	13	4	0	32	43
5	18	33	49	4	50	0	31	45
5	18	14	49	51	33	19	31	37
5	18	35	49	13	42	1	31	43
5	33	14	4	51	2	51	45	37
5	33	35	4	13	0	12	45	43
5	14	35	51	13	39	5	37	43
6	20	15	88	82	59	19	23	33
6	20	7	88	73	17	56	23	35
6	20	11	88	84	0	67	23	35
6	20	16	88	71	1	73	23	41
6	20	3	88	34	10	56	23	48
6	15	7	82	73	28	25	33	35
6	15	11	82	84	28	45	33	35
6	15	16	82	71	28	33	33	41
6	15	3	82	34	51	8	33	48
6	7	11	73	84	14	39	35	35
6	7	16	73	71	24	49	35	41
6	7	3	73	34	50	4	35	48
6	11	16	84	71	9	34	35	41
6	11	3	84	34	49	5	35	48
6	16	3	71	34	53	6	41	48
7	20	18	72	16	59	9	37	43
7	20	6	72	77	7	66	37	35
7	20	3	72	74	6	64	37	33
7	20	15	72	80	1	86	37	25
7	20	16	72	63	4	64	37	44
7	18	6	16	77	19	54	43	35
7	18	3	16	74	15	60	43	33
7	18	15	16	80	11	68	43	25
7	18	16	16	63	35	16	43	44
7	6	3	77	74	21	42	35	33
7	6	15	77	80	21	67	35	25
7	6	16	77	63	49	20	35	44
7	3	15	74	80	21	67	33	25
7	3	16	74	63	59	12	33	44
7	15	16	80	63	64	18	25	44
8	4	9	75	79	27	41	30	24
8	4	67	75	84	60	21	30	38
8	4	64	75	57	59	11	30	44
8	4	1	75	100	15	78	30	25
8	4	72	75	63	54	8	30	45
8	4	10	75	67	47	19	30	32
8	4	14	75	25	57	15	30	45
8	4	66	75	0	80	0	30	65535
8	9	67	79	84	45	31	24	38
8	9	64	79	57	40	25	24	44
8	9	1	79	100	52	29	24	25
8	9	72	79	63	65	12	24	45
8	9	10	79	67	48	26	24	32
8	9	14	79	25	63	17	24	45
8	9	66	79	0	80	0	24	65535
8	67	64	84	57	78	0	38	44
8	67	1	84	100	11	53	38	25
8	67	72	84	63	48	18	38	45
8	67	10	84	67	23	23	38	32
8	67	14	84	25	81	2	38	45
8	67	66	84	0	87	0	38	65535
8	64	1	57	100	4	82	44	25
8	64	72	57	63	5	37	44	45
8	64	10	57	67	1	69	44	32
8	64	14	57	25	0	51	44	45
8	64	66	57	0	0	0	44	65535
8	1	72	100	63	71	6	25	45
8	1	10	100	67	61	23	25	32
8	1	14	100	25	83	5	25	45
8	1	66	100	0	100	0	25	65535
8	72	10	63	67	4	56	45	32
8	72	14	63	25	22	13	45	45
8	72	66	63	0	56	0	45	65535
8	10	14	67	25	67	8	32	45
8	10	66	67	0	76	0	32	65535
8	14	66	25	0	57	0	45	65535
9	4	8	79	77	44	32	13	21
9	4	64	79	68	48	17	13	42
9	4	67	79	79	48	19	13	25
9	4	10	79	87	45	25	13	15
9	4	1	79	77	54	20	13	27
9	4	11	79	62	58	28	13	43
9	8	64	77	68	52	17	21	42
9	8	67	77	79	30	44	21	25
9	8	10	77	87	20	63	21	15
9	8	1	77	77	47	27	21	27
9	8	11	77	62	59	7	21	43
9	64	67	68	79	7	54	42	25
9	64	10	68	87	4	68	42	15
9	64	1	68	77	15	54	42	27
9	64	11	68	62	15	24	42	43
9	67	10	79	87	22	63	25	15
9	67	1	79	77	58	16	25	27
9	67	11	79	62	54	11	25	43
9	10	1	87	77	57	28	15	27
9	10	11	87	62	67	7	15	43
9	1	11	77	62	48	9	27	43
10	67	1	83	75	61	12	39	42
10	67	9	83	89	27	54	39	19
10	67	8	83	77	19	27	39	33
10	67	4	83	76	27	30	39	33
10	1	9	75	89	14	60	42	19
10	1	8	75	77	15	53	42	33
10	1	4	75	76	14	56	42	33
10	9	8	89	77	60	17	19	33
10	9	4	89	76	57	23	19	33
10	8	4	77	76	35	15	33	33
11	20	14	87	53	72	6	28	44
11	20	18	87	47	72	5	28	42
11	20	4	87	68	62	13	28	40
11	20	66	87	53	76	11	28	42
11	20	9	87	68	61	11	28	41
11	20	6	87	80	16	47	28	35
11	20	13	87	90	34	34	28	31
11	20	16	87	67	79	21	28	45
11	20	15	87	69	60	29	28	43
11	14	18	53	47	36	4	44	42
11	14	4	53	68	23	36	44	40
11	14	66	53	53	14	46	44	42
11	14	9	53	68	15	39	44	41
11	14	6	53	80	23	46	44	35
11	14	13	53	90	15	74	44	31
11	14	16	53	67	15	25	44	45
11	14	15	53	69	6	35	44	43
11	18	4	47	68	13	27	42	40
11	18	66	47	53	15	36	42	42
11	18	9	47	68	15	36	42	41
11	18	6	47	80	25	51	42	35
11	18	13	47	90	12	69	42	31
11	18	16	47	67	14	29	42	45
11	18	15	47	69	12	39	42	43
11	4	66	68	53	22	34	40	42
11	4	9	68	68	28	26	40	41
11	4	6	68	80	16	51	40	35
11	4	13	68	90	27	49	40	31
11	4	16	68	67	17	13	40	45
11	4	15	68	69	17	22	40	43
11	66	9	53	68	15	14	42	41
11	66	6	53	80	13	56	42	35
11	66	13	53	90	8	70	42	31
11	66	16	53	67	32	17	42	45
11	66	15	53	69	23	29	42	43
11	9	6	68	80	24	53	41	35
11	9	13	68	90	9	69	41	31
11	9	16	68	67	40	25	41	45
11	9	15	68	69	30	27	41	43
11	6	13	80	90	14	36	35	31
11	6	16	80	67	44	37	35	45
11	6	15	80	69	51	30	35	43
11	13	16	90	67	62	14	31	45
11	13	15	90	69	63	13	31	43
11	16	15	67	69	15	36	45	43
12	19	0	35	0	0	0	17	65535
13	11	14	87	28	69	10	36	45
13	11	4	87	25	51	11	36	44
13	14	4	28	25	3	27	45	44
10	9	4	85	78	58	15	19	33
10	9	8	85	79	60	17	19	33
10	9	67	85	79	65	21	19	39
10	4	8	78	79	22	27	33	33
10	4	67	78	79	51	20	33	39
10	8	67	79	79	50	24	33	39
15	66	7	23	36	9	72	42	24
15	66	3	23	56	16	104	42	40
15	66	11	23	59	7	24	42	44
15	66	20	23	88	4	45	42	26
15	66	16	23	89	7	30	42	28
15	7	3	36	56	52	6	24	40
15	7	11	36	59	42	10	24	44
15	7	20	36	88	43	13	24	26
15	7	16	36	89	35	19	24	28
15	3	11	56	59	31	32	40	44
15	3	20	56	88	5	44	40	26
15	3	16	56	89	10	60	40	28
15	11	20	59	88	7	59	44	26
15	11	16	59	89	18	55	44	28
15	20	16	88	89	18	60	26	28
14	3	66	0	0	0	0	65535	65535
14	3	1	0	99	0	71	65535	17
14	3	11	0	0	0	0	65535	65535
14	3	18	0	0	0	0	65535	65535
14	3	5	0	53	0	33	65535	35
14	3	8	0	55	0	29	65535	41
14	3	37	0	5	0	3	65535	43
14	3	19	0	9	0	8	65535	45
14	3	35	0	73	0	43	65535	34
14	66	1	0	99	0	81	65535	17
14	66	11	0	0	0	0	65535	65535
14	66	18	0	0	0	0	65535	65535
14	66	5	0	53	0	53	65535	35
14	66	8	0	55	0	49	65535	41
14	66	37	0	5	0	2	65535	43
14	66	19	0	9	0	2	65535	45
14	66	35	0	73	0	49	65535	34
14	1	11	99	0	82	0	17	65535
14	1	18	99	0	62	0	17	65535
14	1	5	99	53	75	11	17	35
14	1	8	99	55	66	13	17	41
14	1	37	99	5	99	1	17	43
14	1	19	99	9	88	4	17	45
14	1	35	99	73	76	10	17	34
14	11	18	0	0	0	0	65535	65535
14	11	5	0	53	0	48	65535	35
14	11	8	0	55	0	17	65535	41
14	11	37	0	5	0	1	65535	43
14	11	19	0	9	0	0	65535	45
14	11	35	0	73	0	39	65535	34
14	18	5	0	53	0	17	65535	35
14	18	8	0	55	0	12	65535	41
14	18	37	0	5	0	0	65535	43
14	18	19	0	9	0	1	65535	45
14	18	35	0	73	0	11	65535	34
14	5	8	53	55	41	20	35	41
14	5	37	53	5	58	0	35	43
14	5	19	53	9	58	1	35	45
14	5	35	53	73	33	32	35	34
14	8	37	55	5	55	0	41	43
14	8	19	55	9	61	0	41	45
14	8	35	55	73	58	13	41	34
14	37	19	5	9	1	9	43	45
14	37	35	5	73	1	49	43	34
14	19	35	9	73	4	27	45	34
16	66	20	45	85	77	0	36	36
16	66	6	45	76	28	33	36	38
16	66	3	45	55	18	63	36	28
16	66	18	45	1	52	5	36	45
16	66	15	45	81	15	68	36	30
16	20	6	85	76	19	47	36	38
16	20	3	85	55	5	81	36	28
16	20	18	85	1	47	5	36	45
16	20	15	85	81	0	85	36	30
16	6	3	76	55	7	74	38	28
16	6	18	76	1	28	11	38	45
16	6	15	76	81	11	66	38	30
16	3	18	55	1	71	10	28	45
16	3	15	55	81	44	30	28	30
16	18	15	1	81	5	67	45	30
17	39	19	74	74	62	22	26	33
17	39	38	74	45	60	13	26	44
17	39	83	74	74	49	14	26	36
17	19	38	74	45	63	6	33	44
17	19	83	74	74	23	31	33	36
17	38	83	45	74	5	61	44	36
18	3	16	69	24	58	4	36	47
18	3	37	69	8	60	0	36	39
18	3	1	69	43	50	5	36	44
18	3	11	69	57	54	17	36	46
18	3	15	69	39	53	8	36	44
18	3	5	69	55	25	16	36	31
18	3	7	69	45	61	11	36	44
18	3	14	69	84	22	0	36	27
18	16	37	24	8	23	0	47	39
18	16	1	24	43	4	11	47	44
18	16	11	24	57	12	35	47	46
18	16	15	24	39	15	10	47	44
18	16	5	24	55	7	59	47	31
18	16	7	24	45	2	38	47	44
18	16	14	24	84	1	0	47	27
18	37	1	8	43	0	46	39	44
18	37	11	8	57	0	50	39	46
18	37	15	8	39	0	27	39	44
18	37	5	8	55	0	58	39	31
18	37	7	8	45	0	51	39	44
18	37	14	8	84	0	0	39	27
18	1	11	43	57	19	11	44	46
18	1	15	43	39	13	14	44	44
18	1	5	43	55	9	39	44	31
18	1	7	43	45	10	15	44	44
18	1	14	43	84	35	0	44	27
18	11	15	57	39	42	14	46	44
18	11	5	57	55	22	36	46	31
18	11	7	57	45	0	40	46	44
18	11	14	57	84	15	0	46	27
18	15	5	39	55	15	53	44	31
18	15	7	39	45	3	20	44	44
18	15	14	39	84	27	0	44	27
18	5	7	55	45	38	13	31	44
18	5	14	55	84	53	0	31	27
18	7	14	45	84	10	0	44	27
19	26	37	59	16	76	1	31	41
19	26	83	59	3	77	1	31	46
19	26	2	59	80	44	23	31	35
19	26	14	59	58	69	35	31	31
19	26	12	59	70	31	46	31	12
19	26	17	59	67	45	8	31	35
19	37	83	16	3	6	1	41	46
19	37	2	16	80	0	82	41	35
19	37	14	16	58	2	23	41	31
19	37	12	16	70	0	66	41	12
19	37	17	16	67	0	71	41	35
19	83	2	3	80	0	79	46	35
19	83	14	3	58	1	1	46	31
19	83	12	3	70	0	62	46	12
19	83	17	3	67	1	71	46	35
19	2	14	80	58	72	0	35	31
19	2	12	80	70	24	50	35	12
19	2	17	80	67	20	5	35	35
19	14	12	58	70	9	59	31	12
19	14	17	58	67	5	56	31	35
19	12	17	70	67	52	30	12	35
24	27	31	90	62	27	48	37	31
20	6	3	78	76	71	12	23	42
20	6	11	78	98	62	21	23	32
20	6	16	78	60	73	5	23	44
20	6	15	78	92	55	25	23	29
20	6	7	78	79	70	23	23	41
20	6	13	78	1	91	0	23	45
20	3	11	76	98	7	58	42	32
20	3	16	76	60	40	20	42	44
20	3	15	76	92	27	56	42	29
20	3	7	76	79	42	22	42	41
20	3	13	76	1	82	0	42	45
20	11	16	98	60	60	26	32	44
20	11	15	98	92	53	16	32	29
20	11	7	98	79	62	8	32	41
20	11	13	98	1	89	0	32	45
20	16	15	60	92	27	63	44	29
20	16	7	60	79	58	15	44	41
20	16	13	60	1	89	0	44	45
20	15	7	92	79	58	23	29	41
20	15	13	92	1	99	0	29	45
20	7	13	79	1	83	0	41	45
25	28	35	99	64	86	7	23	35
26	36	37	39	51	4	39	44	33
26	36	19	39	83	1	67	44	31
26	37	19	51	83	14	58	33	31
27	24	40	78	78	45	26	32	36
27	24	56	78	99	29	40	32	34
27	24	31	78	16	19	49	32	31
27	24	55	78	73	10	7	32	41
27	24	54	78	9	78	1	32	45
27	40	56	78	99	3	59	36	34
27	40	31	78	16	4	40	36	31
27	40	55	78	73	11	13	36	41
27	40	54	78	9	16	2	36	45
27	56	31	99	16	51	10	34	31
27	56	55	99	73	62	2	34	41
27	56	54	99	9	69	1	34	45
27	31	55	16	73	7	9	31	41
27	31	54	16	9	14	0	31	45
27	55	54	73	9	10	2	41	45
28	25	35	98	18	80	6	23	39
28	25	36	98	3	90	3	23	45
28	35	36	18	3	11	6	39	45
31	24	0	17	0	0	0	23	65535
30	38	53	66	46	54	25	38	33
30	38	57	66	0	62	0	38	65535
30	38	51	66	37	17	62	38	35
30	38	56	66	5	67	6	38	43
30	53	57	46	0	70	5	33	65535
30	53	51	46	37	55	14	33	35
30	53	56	46	5	64	0	33	43
30	57	51	0	37	5	26	65535	35
30	57	56	0	5	2	1	65535	43
30	51	56	37	5	46	5	35	43
32	34	0	90	0	0	0	19	65535
33	35	31	0	0	0	0	65535	65535
34	32	0	97	0	0	0	22	65535
36	60	5	0	38	2	40	65535	39
36	60	36	0	44	1	0	65535	37
36	60	14	0	68	0	63	65535	34
36	60	25	0	60	0	47	65535	35
36	60	37	0	25	0	0	65535	36
36	60	28	0	49	0	0	65535	40
36	5	36	38	44	7	0	39	37
36	5	14	38	68	4	39	39	34
36	5	25	38	60	4	40	39	35
36	5	37	38	25	6	0	39	36
36	5	28	38	49	5	0	39	40
36	36	14	44	68	0	42	37	34
36	36	25	44	60	0	38	37	35
36	36	37	44	25	0	0	37	36
36	36	28	44	49	0	0	37	40
36	14	25	68	60	14	15	34	35
36	14	37	68	25	50	0	34	36
36	14	28	68	49	45	0	34	40
36	25	37	60	25	40	0	35	36
36	25	28	60	49	38	0	35	40
36	37	28	25	49	0	0	36	40
36	35	37	16	29	3	77	39	25
36	35	38	16	43	18	39	39	30
36	35	28	16	6	42	1	39	40
36	37	38	29	43	65	12	25	30
36	37	28	29	6	60	1	25	40
36	38	28	43	6	20	5	30	40
21	5	19	16	3	38	5	32	43
21	5	39	16	0	32	0	32	65535
21	5	35	16	5	40	4	32	38
21	5	60	16	0	46	4	32	65535
21	19	39	3	0	2	0	43	65535
21	19	35	3	5	2	9	43	38
21	19	60	3	0	4	0	43	65535
21	39	35	0	5	0	3	65535	38
21	39	60	0	0	0	0	65535	65535
21	35	60	5	0	13	0	38	65535
37	51	39	65	65	28	33	36	37
37	51	30	65	58	35	21	36	38
37	51	37	65	0	66	0	36	65535
37	51	17	65	44	59	15	36	46
37	51	36	65	58	71	6	36	39
37	39	30	65	58	51	9	37	38
37	39	37	65	0	34	0	37	65535
37	39	17	65	44	66	10	37	46
37	39	36	65	58	58	1	37	39
37	30	37	58	0	21	0	38	65535
37	30	17	58	44	53	7	38	46
37	30	36	58	58	23	7	38	39
37	37	17	0	44	0	10	65535	46
37	37	36	0	58	0	11	65535	39
37	17	36	44	58	16	38	46	39
40	57	55	26	100	1	93	47	24
40	57	51	26	92	8	79	47	27
40	57	47	26	96	2	75	47	22
40	57	58	26	51	20	23	47	30
40	57	27	26	73	3	69	47	32
40	57	56	26	100	2	98	47	17
40	57	84	26	5	13	14	47	44
40	57	59	26	6	27	5	47	42
40	57	54	26	100	5	83	47	15
40	57	45	26	3	54	2	47	42
40	57	48	26	1	24	2	47	44
40	55	51	100	92	50	29	24	27
40	55	47	100	96	24	58	24	22
40	55	58	100	51	86	3	24	30
40	55	27	100	73	73	15	24	32
40	55	56	100	100	24	57	24	17
40	55	84	100	5	99	0	24	44
40	55	59	100	6	74	13	24	42
40	55	54	100	100	28	68	24	15
40	55	45	100	3	95	1	24	42
40	55	48	100	1	93	1	24	44
40	51	47	92	96	29	65	27	22
40	51	58	92	51	81	4	27	30
40	51	27	92	73	62	21	27	32
40	51	56	92	100	26	60	27	17
40	51	84	92	5	78	7	27	44
40	51	59	92	6	67	11	27	42
40	51	54	92	100	26	50	27	15
40	51	45	92	3	87	2	27	42
40	51	48	92	1	84	4	27	44
40	47	58	96	51	90	11	22	30
40	47	27	96	73	68	20	22	32
40	47	56	96	100	33	46	22	17
40	47	84	96	5	83	3	22	44
40	47	59	96	6	74	15	22	42
40	47	54	96	100	27	63	22	15
40	47	45	96	3	99	0	22	42
40	47	48	96	1	98	2	22	44
40	58	27	51	73	3	73	30	32
40	58	56	51	100	5	93	30	17
40	58	84	51	5	25	18	30	44
40	58	59	51	6	12	33	30	42
40	58	54	51	100	4	80	30	15
40	58	45	51	3	29	4	30	42
40	58	48	51	1	45	0	30	44
40	27	56	73	100	27	57	32	17
40	27	84	73	5	72	11	32	44
40	27	59	73	6	76	6	32	42
40	27	54	73	100	22	63	32	15
40	27	45	73	3	83	3	32	42
40	27	48	73	1	86	2	32	44
40	56	84	100	5	84	4	17	44
40	56	59	100	6	83	10	17	42
40	56	54	100	100	32	52	17	15
40	56	45	100	3	89	1	17	42
40	56	48	100	1	95	0	17	44
40	84	59	5	6	16	21	44	42
40	84	54	5	100	6	86	44	15
40	84	45	5	3	24	14	44	42
40	84	48	5	1	28	3	44	44
40	59	54	6	100	4	83	42	15
40	59	45	6	3	56	5	42	42
40	59	48	6	1	57	0	42	44
40	54	45	100	3	91	2	15	42
40	54	48	100	1	98	0	15	44
40	45	48	3	1	8	0	42	44
45	58	56	3	0	0	3	38	65535
45	58	48	3	7	1	2	38	27
45	56	48	0	7	4	2	65535	27
46	53	57	57	41	18	9	37	48
46	53	51	57	48	15	18	37	41
46	57	51	41	48	0	41	48	41
47	53	40	60	100	12	73	38	21
47	53	58	60	97	7	74	38	23
47	53	56	60	94	14	80	38	24
47	53	54	60	98	13	65	38	20
47	53	59	60	74	10	64	38	35
47	53	48	60	15	43	10	38	34
47	53	55	60	100	11	66	38	20
47	53	51	60	61	11	43	38	37
47	53	60	60	0	53	1	38	65535
47	53	57	60	2	36	1	38	49
47	40	58	100	97	70	18	21	23
47	40	56	100	94	65	23	21	24
47	40	54	100	98	41	46	21	20
47	40	59	100	74	60	20	21	35
47	40	48	100	15	91	2	21	34
47	40	55	100	100	22	65	21	20
47	40	51	100	61	71	5	21	37
47	40	60	100	0	100	0	21	65535
47	40	57	100	2	70	7	21	49
47	58	56	97	94	59	22	23	24
47	58	54	97	98	11	69	23	20
47	58	59	97	74	54	20	23	35
47	58	48	97	15	90	1	23	34
47	58	55	97	100	20	62	23	20
47	58	51	97	61	79	3	23	37
47	58	60	97	0	83	0	23	65535
47	58	57	97	2	80	0	23	49
47	56	54	94	98	31	50	24	20
47	56	59	94	74	57	10	24	35
47	56	48	94	15	92	1	24	34
47	56	55	94	100	24	58	24	20
47	56	51	94	61	72	14	24	37
47	56	60	94	0	96	0	24	65535
47	56	57	94	2	83	2	24	49
47	54	59	98	74	71	14	20	35
47	54	48	98	15	96	0	20	34
47	54	55	98	100	28	47	20	20
47	54	51	98	61	80	3	20	37
47	54	60	98	0	100	0	20	65535
47	54	57	98	2	90	1	20	49
47	59	48	74	15	58	1	35	34
47	59	55	74	100	22	62	35	20
47	59	51	74	61	57	12	35	37
47	59	60	74	0	79	0	35	65535
47	59	57	74	2	46	0	35	49
47	48	55	15	100	0	98	34	20
47	48	51	15	61	1	16	34	37
47	48	60	15	0	6	0	34	65535
47	48	57	15	2	1	2	34	49
47	55	51	100	61	78	12	20	37
47	55	60	100	0	99	0	20	65535
47	55	57	100	2	89	3	20	49
47	51	60	61	0	43	0	37	65535
47	51	57	61	2	27	1	37	49
47	60	57	0	2	0	20	65535	49
48	33	0	4	0	0	0	42	65535
51	40	84	89	76	61	17	28	37
51	40	46	89	60	77	10	28	40
51	40	38	89	65	66	9	28	35
51	40	57	89	73	43	21	28	39
51	40	81	89	40	68	9	28	39
51	40	53	89	93	42	28	28	25
51	40	30	89	85	64	12	28	35
51	40	56	89	100	17	71	28	21
51	40	54	89	92	37	31	28	30
51	40	68	89	66	65	8	28	40
51	40	47	89	87	66	13	28	39
51	40	77	89	72	62	9	28	43
51	84	46	76	60	54	4	37	40
51	84	38	76	65	49	11	37	35
51	84	57	76	73	37	34	37	39
51	84	81	76	40	51	7	37	39
51	84	53	76	93	25	61	37	25
51	84	30	76	85	17	33	37	35
51	84	56	76	100	28	56	37	21
51	84	54	76	92	15	65	37	30
51	84	68	76	66	60	18	37	40
51	84	47	76	87	60	2	37	39
51	84	77	76	72	51	9	37	43
51	46	38	60	65	21	52	40	35
51	46	57	60	73	17	52	40	39
51	46	81	60	40	19	15	40	39
51	46	53	60	93	13	67	40	25
51	46	30	60	85	9	61	40	35
51	46	56	60	100	5	79	40	21
51	46	54	60	92	8	79	40	30
51	46	68	60	66	14	31	40	40
51	46	47	60	87	24	21	40	39
51	46	77	60	72	10	29	40	43
51	38	57	65	73	17	41	35	39
51	38	81	65	40	26	31	35	39
51	38	53	65	93	5	83	35	25
51	38	30	65	85	12	48	35	35
51	38	56	65	100	8	77	35	21
51	38	54	65	92	21	51	35	30
51	38	68	65	66	34	34	35	40
51	38	47	65	87	62	5	35	39
51	38	77	65	72	41	29	35	43
51	57	81	73	40	38	7	39	39
51	57	53	73	93	18	49	39	25
51	57	30	73	85	33	41	39	35
51	57	56	73	100	21	70	39	21
51	57	54	73	92	21	52	39	30
51	57	68	73	66	30	25	39	40
51	57	47	73	87	57	12	39	39
51	57	77	73	72	48	17	39	43
51	81	53	40	93	17	66	39	25
51	81	30	40	85	14	60	39	35
51	81	56	40	100	16	73	39	21
51	81	54	40	92	3	87	39	30
51	81	68	40	66	14	35	39	40
51	81	47	40	87	25	33	39	39
51	81	77	40	72	37	1	39	43
51	53	30	93	85	59	26	25	35
51	53	56	93	100	24	60	25	21
51	53	54	93	92	27	38	25	30
51	53	68	93	66	65	18	25	40
51	53	47	93	87	86	2	25	39
51	53	77	93	72	68	14	25	43
51	30	56	85	100	20	74	35	21
51	30	54	85	92	17	67	35	30
51	30	68	85	66	56	14	35	40
51	30	47	85	87	81	2	35	39
51	30	77	85	72	45	13	35	43
51	56	54	100	92	59	27	21	30
51	56	68	100	66	63	5	21	40
51	56	47	100	87	84	5	21	39
51	56	77	100	72	71	7	21	43
51	54	68	92	66	60	17	30	40
51	54	47	92	87	57	8	30	39
51	54	77	92	72	56	22	30	43
51	68	47	66	87	51	14	40	39
51	68	77	66	72	25	16	40	43
51	47	77	87	72	25	53	39	43
53	68	81	56	58	18	38	40	38
53	68	57	56	80	18	62	40	34
53	68	30	56	88	7	59	40	34
53	68	55	56	0	56	1	40	65535
53	68	54	56	5	54	6	40	40
53	68	56	56	87	7	61	40	33
53	68	47	56	28	45	8	40	44
53	68	84	56	24	40	3	40	44
53	68	51	56	97	20	58	40	26
53	68	46	56	66	10	43	40	38
53	81	57	58	80	1	58	38	34
53	81	30	58	88	5	66	38	34
53	81	55	58	0	29	0	38	65535
53	81	54	58	5	26	5	38	40
53	81	56	58	87	18	48	38	33
53	81	47	58	28	54	1	38	44
53	81	84	58	24	31	4	38	44
53	81	51	58	97	13	56	38	26
53	81	46	58	66	8	28	38	38
53	57	30	80	88	60	28	34	34
53	57	55	80	0	82	0	34	65535
53	57	54	80	5	83	3	34	40
53	57	56	80	87	45	30	34	33
53	57	47	80	28	79	4	34	44
53	57	84	80	24	71	2	34	44
53	57	51	80	97	41	28	34	26
53	57	46	80	66	44	16	34	38
53	30	55	88	0	88	0	34	65535
53	30	54	88	5	86	1	34	40
53	30	56	88	87	34	31	34	33
53	30	47	88	28	89	1	34	44
53	30	84	88	24	71	4	34	44
53	30	51	88	97	21	52	34	26
53	30	46	88	66	57	7	34	38
53	55	54	0	5	0	10	65535	40
53	55	56	0	87	0	76	65535	33
53	55	47	0	28	0	4	65535	44
53	55	84	0	24	1	45	65535	44
53	55	51	0	97	0	92	65535	26
53	55	46	0	66	0	55	65535	38
53	54	56	5	87	2	78	40	33
53	54	47	5	28	4	1	40	44
53	54	84	5	24	8	11	40	44
53	54	51	5	97	2	82	40	26
53	54	46	5	66	3	52	40	38
53	56	47	87	28	81	0	33	44
53	56	84	87	24	66	4	33	44
53	56	51	87	97	31	54	33	26
53	56	46	87	66	65	7	33	38
53	47	84	28	24	5	20	44	44
53	47	51	28	97	0	93	44	26
53	47	46	28	66	1	63	44	38
53	84	51	24	97	8	77	44	26
53	84	46	24	66	2	61	44	38
53	51	46	97	66	57	12	26	38
54	51	40	93	100	16	67	26	12
54	51	58	93	95	18	16	26	23
54	51	45	93	3	90	2	26	34
54	51	56	93	100	18	66	26	17
54	51	47	93	100	28	63	26	19
54	51	84	93	1	70	0	26	45
54	51	55	93	99	18	62	26	25
54	40	58	100	95	54	27	12	23
54	40	45	100	3	100	0	12	34
54	40	56	100	100	64	26	12	17
54	40	47	100	100	43	28	12	19
54	40	84	100	1	89	0	12	45
54	40	55	100	99	65	26	12	25
54	58	45	95	3	96	2	23	34
54	58	56	95	100	21	64	23	17
54	58	47	95	100	16	75	23	19
54	58	84	95	1	88	1	23	45
54	58	55	95	99	30	55	23	25
54	45	56	3	100	0	96	34	17
54	45	47	3	100	0	98	34	19
54	45	84	3	1	9	0	34	45
54	45	55	3	99	0	96	34	25
54	56	47	100	100	29	46	17	19
54	56	84	100	1	99	0	17	45
54	56	55	100	99	62	23	17	25
54	47	84	100	1	95	0	19	45
54	47	55	100	99	68	30	19	25
54	84	55	1	99	0	96	45	25
55	54	47	99	100	14	72	24	17
55	54	45	99	7	94	3	24	36
55	54	58	99	100	63	25	24	22
55	54	27	99	88	76	12	24	36
55	54	57	99	55	71	15	24	47
55	54	59	99	70	77	5	24	41
55	54	56	99	94	65	21	24	31
55	54	40	99	98	23	62	24	19
55	47	45	100	7	99	2	17	36
55	47	58	100	100	54	26	17	22
55	47	27	100	88	100	0	17	36
55	47	57	100	55	68	9	17	47
55	47	59	100	70	71	4	17	41
55	47	56	100	94	58	29	17	31
55	47	40	100	98	56	21	17	19
55	45	58	7	100	1	87	36	22
55	45	27	7	88	9	71	36	36
55	45	57	7	55	7	44	36	47
55	45	59	7	70	2	53	36	41
55	45	56	7	94	6	58	36	31
55	45	40	7	98	3	91	36	19
55	58	27	100	88	71	5	22	36
55	58	57	100	55	75	6	22	47
55	58	59	100	70	56	27	22	41
55	58	56	100	94	62	14	22	31
55	58	40	100	98	19	55	22	19
55	27	57	88	55	31	12	36	47
55	27	59	88	70	19	10	36	41
55	27	56	88	94	21	27	36	31
55	27	40	88	98	13	73	36	19
55	57	59	55	70	4	45	47	41
55	57	56	55	94	9	26	47	31
55	57	40	55	98	4	78	47	19
55	59	56	70	94	16	0	41	31
55	59	40	70	98	7	64	41	19
55	56	40	94	98	0	94	31	19
56	40	47	97	56	73	10	20	34
56	40	53	97	87	77	15	20	34
56	40	27	97	95	64	21	20	34
56	40	51	97	99	52	28	20	22
56	40	58	97	3	99	1	20	40
56	40	57	97	80	74	25	20	39
56	40	54	97	100	28	47	20	22
56	40	45	97	2	97	0	20	47
56	40	84	97	67	75	15	20	42
56	40	30	97	50	79	3	20	44
56	40	55	97	22	89	3	20	42
56	47	53	56	87	41	36	34	34
56	47	27	56	95	49	27	34	34
56	47	51	56	99	14	80	34	22
56	47	58	56	3	59	1	34	40
56	47	57	56	80	33	33	34	39
56	47	54	56	100	26	56	34	22
56	47	45	56	2	80	1	34	47
56	47	84	56	67	72	11	34	42
56	47	30	56	50	60	13	34	44
56	47	55	56	22	32	4	34	42
56	53	27	87	95	23	21	34	34
56	53	51	87	99	21	61	34	22
56	53	58	87	3	83	1	34	40
56	53	57	87	80	21	50	34	39
56	53	54	87	100	16	67	34	22
56	53	45	87	2	83	0	34	47
56	53	84	87	67	44	21	34	42
56	53	30	87	50	55	17	34	44
56	53	55	87	22	71	6	34	42
56	27	51	95	99	16	59	34	22
56	27	58	95	3	100	0	34	40
56	27	57	95	80	35	57	34	39
56	27	54	95	100	17	66	34	22
56	27	45	95	2	100	0	34	47
56	27	84	95	67	72	7	34	42
56	27	30	95	50	78	7	34	44
56	27	55	95	22	67	12	34	42
56	51	58	99	3	98	1	22	40
56	51	57	99	80	68	13	22	39
56	51	54	99	100	21	63	22	22
56	51	45	99	2	100	0	22	47
56	51	84	99	67	77	8	22	42
56	51	30	99	50	70	9	22	44
56	51	55	99	22	76	8	22	42
56	58	57	3	80	0	75	40	39
56	58	54	3	100	0	100	40	22
56	58	45	3	2	0	0	40	47
56	58	84	3	67	0	53	40	42
56	58	30	3	50	2	40	40	44
56	58	55	3	22	1	54	40	42
56	57	54	80	100	16	65	39	22
56	57	45	80	2	80	1	39	47
56	57	84	80	67	56	11	39	42
56	57	30	80	50	54	23	39	44
56	57	55	80	22	39	24	39	42
56	54	45	100	2	96	0	22	47
56	54	84	100	67	80	8	22	42
56	54	30	100	50	82	5	22	44
56	54	55	100	22	71	13	22	42
56	45	84	2	67	2	46	47	42
56	45	30	2	50	1	41	47	44
56	45	55	2	22	2	64	47	42
56	84	30	67	50	33	16	42	44
56	84	55	67	22	14	55	42	42
56	30	55	50	22	33	25	44	42
57	30	55	77	8	79	0	32	42
57	30	56	77	80	18	38	32	29
57	30	40	77	42	74	0	32	40
57	30	84	77	71	19	46	32	26
57	30	54	77	11	83	0	32	44
57	30	51	77	73	27	29	32	31
57	30	81	77	21	60	4	32	39
57	30	53	77	90	14	51	32	24
57	30	47	77	2	79	0	32	45
57	55	56	8	80	6	58	42	29
57	55	40	8	42	9	7	42	40
57	55	84	8	71	6	56	42	26
57	55	54	8	11	51	2	42	44
57	55	51	8	73	2	65	42	31
57	55	81	8	21	17	7	42	39
57	55	53	8	90	10	60	42	24
57	55	47	8	2	41	0	42	45
57	56	40	80	42	50	8	29	40
57	56	84	80	71	24	40	29	26
57	56	54	80	11	73	1	29	44
57	56	51	80	73	37	21	29	31
57	56	81	80	21	61	4	29	39
57	56	53	80	90	22	61	29	24
57	56	47	80	2	74	1	29	45
57	40	84	42	71	10	46	40	26
57	40	54	42	11	30	4	40	44
57	40	51	42	73	11	44	40	31
57	40	81	42	21	18	6	40	39
57	40	53	42	90	4	69	40	24
57	40	47	42	2	57	0	40	45
57	84	54	71	11	68	2	26	44
57	84	51	71	73	44	18	26	31
57	84	81	71	21	59	6	26	39
57	84	53	71	90	23	21	26	24
57	84	47	71	2	70	1	26	45
57	54	51	11	73	0	73	44	31
57	54	81	11	21	1	24	44	39
57	54	53	11	90	1	75	44	24
57	54	47	11	2	1	0	44	45
57	51	81	73	21	42	4	31	39
57	51	53	73	90	18	53	31	24
57	51	47	73	2	67	0	31	45
57	81	53	21	90	2	69	39	24
57	81	47	21	2	16	0	39	45
57	53	47	90	2	72	1	24	45
58	54	47	96	62	57	27	26	31
58	54	55	96	100	56	31	26	28
58	54	59	96	91	66	15	26	33
58	54	45	96	3	95	0	26	46
58	47	55	62	100	21	65	31	28
58	47	59	62	91	25	54	31	33
58	47	45	62	3	87	2	31	46
58	55	59	100	91	54	24	28	33
58	55	45	100	3	97	2	28	46
58	59	45	91	3	91	0	33	46
59	55	58	57	100	13	72	41	26
59	55	47	57	45	4	70	41	34
59	55	45	57	0	15	0	41	65535
59	55	54	57	1	48	0	41	48
59	58	47	100	45	70	21	26	34
59	58	45	100	0	99	0	26	65535
59	58	54	100	1	99	1	26	48
59	47	45	45	0	43	0	34	65535
59	47	54	45	1	21	0	34	48
59	45	54	0	1	0	1	65535	48
60	31	36	35	0	13	1	46	65535
60	31	33	35	38	6	25	46	39
60	31	37	35	14	8	26	46	38
60	31	66	35	44	9	32	46	38
60	31	35	35	32	5	20	46	43
60	36	33	0	38	0	43	65535	39
60	36	37	0	14	0	30	65535	38
60	36	66	0	44	1	28	65535	38
60	36	35	0	32	0	28	65535	43
60	33	37	38	14	22	10	39	38
60	33	66	38	44	16	33	39	38
60	33	35	38	32	20	6	39	43
60	37	66	14	44	11	35	38	38
60	37	35	14	32	13	15	38	43
60	66	35	44	32	24	10	38	43
63	8	78	52	67	12	30	44	43
63	8	64	52	90	7	69	44	43
63	8	68	52	88	16	49	44	40
63	8	70	52	2	56	0	44	47
63	8	69	52	86	15	68	44	40
63	8	77	52	88	8	26	44	46
63	8	76	52	89	14	63	44	44
63	78	64	67	90	7	32	43	43
63	78	68	67	88	16	45	43	40
63	78	70	67	2	41	1	43	47
63	78	69	67	86	8	69	43	40
63	78	77	67	88	10	34	43	46
63	78	76	67	89	6	67	43	44
63	64	68	90	88	23	13	43	40
63	64	70	90	2	74	0	43	47
63	64	69	90	86	15	65	43	40
63	64	77	90	88	37	13	43	46
63	64	76	90	89	19	63	43	44
63	68	70	88	2	75	0	40	47
63	68	69	88	86	17	67	40	40
63	68	77	88	88	30	25	40	46
63	68	76	88	89	23	56	40	44
63	70	69	2	86	0	82	47	40
63	70	77	2	88	0	41	47	46
63	70	76	2	89	0	76	47	44
63	69	77	86	88	66	21	40	46
63	69	76	86	89	40	22	40	44
63	77	76	88	89	26	50	46	44
64	63	9	88	1	87	0	43	47
64	63	8	88	24	72	5	43	44
64	63	1	88	1	84	4	43	46
64	9	8	1	24	0	2	47	44
64	9	1	1	1	0	8	47	46
64	8	1	24	1	17	1	44	46
65	73	82	93	94	56	31	27	34
66	64	16	0	71	0	80	65535	35
66	64	117	0	7	0	9	65535	47
66	64	11	0	51	0	59	65535	44
66	64	15	0	62	0	54	65535	40
66	64	60	0	39	0	49	65535	41
66	64	80	0	55	0	61	65535	42
66	64	3	0	54	0	40	65535	45
66	64	14	0	65	0	54	65535	37
66	16	117	71	7	64	1	35	47
66	16	11	71	51	32	19	35	44
66	16	15	71	62	46	15	35	40
66	16	60	71	39	40	3	35	41
66	16	80	71	55	52	5	35	42
66	16	3	71	54	40	14	35	45
66	16	14	71	65	54	9	35	37
66	117	11	7	51	2	44	47	44
66	117	15	7	62	2	45	47	40
66	117	60	7	39	4	37	47	41
66	117	80	7	55	2	49	47	42
66	117	3	7	54	1	49	47	45
66	117	14	7	65	0	71	47	37
66	11	15	51	62	20	21	44	40
66	11	60	51	39	27	33	44	41
66	11	80	51	55	9	10	44	42
66	11	3	51	54	22	13	44	45
66	11	14	51	65	19	46	44	37
66	15	60	62	39	29	31	40	41
66	15	80	62	55	16	10	40	42
66	15	3	62	54	17	14	40	45
66	15	14	62	65	13	51	40	37
66	60	80	39	55	30	37	41	42
66	60	3	39	54	35	25	41	45
66	60	14	39	65	17	24	41	37
66	80	3	55	54	12	9	42	45
66	80	14	55	65	5	44	42	37
66	3	14	54	65	21	46	45	37
67	72	4	78	91	26	17	35	32
67	72	9	78	76	12	49	35	24
67	72	10	78	86	51	18	35	34
67	72	8	78	86	36	30	35	35
67	4	9	91	76	27	54	32	24
67	4	10	91	86	43	20	32	34
67	4	8	91	86	17	19	32	35
67	9	10	76	86	60	23	24	34
67	9	8	76	86	46	27	24	35
67	10	8	86	86	47	24	34	35
68	72	79	66	91	19	30	41	38
68	72	63	66	90	20	28	41	45
68	72	76	66	87	21	71	41	44
68	72	77	66	100	18	67	41	19
68	72	51	66	76	24	26	41	39
68	72	81	66	88	25	59	41	34
68	72	69	66	80	16	22	41	44
68	72	75	66	100	17	67	41	25
68	72	78	66	88	29	58	41	28
68	79	63	91	90	44	16	38	45
68	79	76	91	87	13	73	38	44
68	79	77	91	100	20	65	38	19
68	79	51	91	76	44	14	38	39
68	79	81	91	88	23	27	38	34
68	79	69	91	80	50	26	38	44
68	79	75	91	100	30	57	38	25
68	79	78	91	88	28	51	38	28
68	63	76	90	87	23	75	45	44
68	63	77	90	100	24	59	45	19
68	63	51	90	76	23	40	45	39
68	63	81	90	88	20	62	45	34
68	63	69	90	80	32	31	45	44
68	63	75	90	100	14	71	45	25
68	63	78	90	88	19	64	45	28
68	76	77	87	100	26	56	44	19
68	76	51	87	76	71	7	44	39
68	76	81	87	88	60	23	44	34
68	76	69	87	80	65	18	44	44
68	76	75	87	100	32	59	44	25
68	76	78	87	88	23	63	44	28
68	77	51	100	76	76	15	19	39
68	77	81	100	88	68	22	19	34
68	77	69	100	80	74	28	19	44
68	77	75	100	100	70	21	19	25
68	77	78	100	88	58	21	19	28
68	51	81	76	88	23	46	39	34
68	51	69	76	80	32	29	39	44
68	51	75	76	100	7	70	39	25
68	51	78	76	88	9	70	39	28
68	81	69	88	80	51	32	34	44
68	81	75	88	100	15	69	34	25
68	81	78	88	88	26	46	34	28
68	69	75	80	100	26	60	44	25
68	69	78	80	88	27	56	44	28
68	75	78	100	88	64	21	25	28
69	63	79	89	72	67	9	42	44
69	63	81	89	68	27	8	42	37
69	63	80	89	79	16	10	42	39
69	63	68	89	67	46	31	42	36
69	63	76	89	100	18	58	42	20
69	63	75	89	92	11	47	42	37
69	63	77	89	93	32	33	42	38
69	63	78	89	82	26	55	42	31
69	63	72	89	0	88	1	42	65535
69	79	81	72	68	23	42	44	37
69	79	80	72	79	15	51	44	39
69	79	68	72	67	22	43	44	36
69	79	76	72	100	12	75	44	20
69	79	75	72	92	20	57	44	37
69	79	77	72	93	11	67	44	38
69	79	78	72	82	17	57	44	31
69	79	72	72	0	76	0	44	65535
69	81	80	68	79	14	45	37	39
69	81	68	68	67	33	40	37	36
69	81	76	68	100	16	60	37	20
69	81	75	68	92	22	42	37	37
69	81	77	68	93	11	61	37	38
69	81	78	68	82	21	57	37	31
69	81	72	68	0	63	0	37	65535
69	80	68	79	67	53	14	39	36
69	80	76	79	100	19	63	39	20
69	80	75	79	92	19	40	39	37
69	80	77	79	93	9	28	39	38
69	80	78	79	82	14	67	39	31
69	80	72	79	0	66	0	39	65535
69	68	76	67	100	16	67	36	20
69	68	75	67	92	17	57	36	37
69	68	77	67	93	24	51	36	38
69	68	78	67	82	24	50	36	31
69	68	72	67	0	82	0	36	65535
69	76	75	100	92	61	17	20	37
69	76	77	100	93	74	20	20	38
69	76	78	100	82	73	7	20	31
69	76	72	100	0	99	0	20	65535
69	75	77	92	93	33	36	37	38
69	75	78	92	82	24	51	37	31
69	75	72	92	0	87	0	37	65535
69	77	78	93	82	41	40	38	31
69	77	72	93	0	94	0	38	65535
69	78	72	82	0	79	0	31	65535
70	71	73	53	73	7	24	45	41
70	71	78	53	89	16	63	45	30
70	71	72	53	80	4	54	45	34
70	71	85	53	85	10	67	45	41
70	73	78	73	89	19	60	41	30
70	73	72	73	80	24	59	41	34
70	73	85	73	85	32	51	41	41
70	78	72	89	80	57	23	30	34
70	78	85	89	85	57	24	30	41
70	72	85	80	85	26	27	34	41
71	70	78	49	81	21	48	45	34
71	70	74	49	76	5	67	45	26
71	78	74	81	76	18	50	34	26
72	70	74	78	0	73	0	33	65535
72	70	75	78	73	56	9	33	44
72	70	68	78	67	52	11	33	37
72	70	67	78	76	26	30	33	36
72	70	8	78	56	60	5	33	43
72	70	81	78	9	72	2	33	43
72	70	78	78	49	49	19	33	35
72	70	76	78	73	27	13	33	42
72	74	75	0	73	0	54	65535	44
72	74	68	0	67	0	72	65535	37
72	74	67	0	76	0	71	65535	36
72	74	8	0	56	0	50	65535	43
72	74	81	0	9	0	1	65535	43
72	74	78	0	49	0	71	65535	35
72	74	76	0	73	0	78	65535	42
72	75	68	73	67	19	45	44	37
72	75	67	73	76	10	62	44	36
72	75	8	73	56	34	13	44	43
72	75	81	73	9	56	3	44	43
72	75	78	73	49	21	51	44	35
72	75	76	73	73	22	57	44	42
72	68	67	67	76	19	56	37	36
72	68	8	67	56	52	7	37	43
72	68	81	67	9	79	0	37	43
72	68	78	67	49	16	44	37	35
72	68	76	67	73	29	35	37	42
72	67	8	76	56	48	13	36	43
72	67	81	76	9	72	3	36	43
72	67	78	76	49	44	12	36	35
72	67	76	76	73	15	23	36	42
72	8	81	56	9	17	15	43	43
72	8	78	56	49	12	56	43	35
72	8	76	56	73	4	61	43	42
72	81	78	9	49	14	54	43	35
72	81	76	9	73	4	70	43	42
72	78	76	49	73	14	44	35	42
73	133	85	74	90	5	73	44	30
73	133	70	74	78	22	33	44	43
73	133	119	74	71	18	19	44	42
73	133	65	74	96	12	70	44	29
73	133	82	74	88	39	4	44	42
73	85	70	90	78	67	17	30	43
73	85	119	90	71	77	5	30	42
73	85	65	90	96	49	25	30	29
73	85	82	90	88	84	4	30	42
73	70	119	78	71	27	19	43	42
73	70	65	78	96	5	65	43	29
73	70	82	78	88	13	24	43	42
73	119	65	71	96	8	64	42	29
73	119	82	71	88	36	7	42	42
73	65	82	96	88	73	13	29	42
74	72	71	2	69	0	58	47	26
75	72	77	62	99	21	62	43	25
75	72	81	62	87	24	62	43	34
75	72	76	62	59	31	27	43	46
75	72	68	62	100	5	68	43	21
75	72	79	62	100	2	91	43	20
75	72	69	62	91	0	88	43	38
75	77	81	99	87	59	20	25	34
75	77	76	99	59	89	4	25	46
75	77	68	99	100	38	38	25	21
75	77	79	99	100	30	61	25	20
75	77	69	99	91	59	25	25	38
75	81	76	87	59	59	11	34	46
75	81	68	87	100	20	72	34	21
75	81	79	87	100	12	74	34	20
75	81	69	87	91	31	35	34	38
75	76	68	59	100	5	82	46	21
75	76	79	59	100	1	87	46	20
75	76	69	59	91	2	86	46	38
75	68	79	100	100	24	58	21	20
75	68	69	100	91	68	22	21	38
75	79	69	100	91	65	20	20	38
76	132	81	65	97	10	64	43	31
76	132	68	65	97	12	42	43	35
76	132	63	65	95	6	49	43	41
76	132	69	65	100	6	73	43	17
76	132	72	65	77	17	58	43	34
76	132	78	65	87	16	60	43	19
76	132	75	65	11	5	75	43	43
76	132	77	65	97	9	79	43	33
76	132	80	65	92	15	19	43	35
76	81	68	97	97	66	20	31	35
76	81	63	97	95	60	21	31	41
76	81	69	97	100	22	66	31	17
76	81	72	97	77	52	21	31	34
76	81	78	97	87	30	50	31	19
76	81	75	97	11	63	5	31	43
76	81	77	97	97	26	29	31	33
76	81	80	97	92	59	19	31	35
76	68	63	97	95	38	21	35	41
76	68	69	97	100	29	52	35	17
76	68	72	97	77	32	34	35	34
76	68	78	97	87	23	55	35	19
76	68	75	97	11	66	10	35	43
76	68	77	97	97	21	47	35	33
76	68	80	97	92	26	11	35	35
76	63	69	95	100	26	59	41	17
76	63	72	95	77	25	37	41	34
76	63	78	95	87	24	59	41	19
76	63	75	95	11	41	7	41	43
76	63	77	95	97	20	52	41	33
76	63	80	95	92	16	8	41	35
76	69	72	100	77	64	8	17	34
76	69	78	100	87	57	19	17	19
76	69	75	100	11	81	7	17	43
76	69	77	100	97	59	21	17	33
76	69	80	100	92	71	12	17	35
76	72	78	77	87	19	68	34	19
76	72	75	77	11	52	9	34	43
76	72	77	77	97	18	47	34	33
76	72	80	77	92	46	16	34	35
76	78	75	87	11	65	13	19	43
76	78	77	87	97	52	28	19	33
76	78	80	87	92	65	22	19	35
76	75	77	11	97	9	48	43	33
76	75	80	11	92	17	37	43	35
76	77	80	97	92	51	12	33	35
77	63	76	91	99	29	59	45	40
77	63	75	91	100	21	70	45	27
77	63	57	91	39	61	4	45	48
77	63	40	91	1	93	0	45	48
77	63	81	91	97	11	62	45	30
77	63	51	91	80	28	32	45	40
77	63	78	91	87	25	61	45	22
77	63	69	91	88	27	48	45	37
77	63	79	91	90	19	49	45	42
77	63	53	91	8	92	0	45	44
77	63	68	91	99	26	48	45	19
77	76	75	99	100	36	59	40	27
77	76	57	99	39	84	3	40	48
77	76	40	99	1	95	0	40	48
77	76	81	99	97	31	63	40	30
77	76	51	99	80	67	10	40	40
77	76	78	99	87	31	56	40	22
77	76	69	99	88	54	30	40	37
77	76	79	99	90	70	9	40	42
77	76	53	99	8	94	0	40	44
77	76	68	99	99	24	65	40	19
77	75	57	100	39	91	2	27	48
77	75	40	100	1	98	0	27	48
77	75	81	100	97	68	25	27	30
77	75	51	100	80	77	7	27	40
77	75	78	100	87	30	50	27	22
77	75	69	100	88	38	32	27	37
77	75	79	100	90	62	16	27	42
77	75	53	100	8	100	0	27	44
77	75	68	100	99	29	55	27	19
77	57	40	39	1	41	0	48	48
77	57	81	39	97	1	93	48	30
77	57	51	39	80	7	48	48	40
77	57	78	39	87	8	76	48	22
77	57	69	39	88	5	78	48	37
77	57	79	39	90	15	38	48	42
77	57	53	39	8	19	0	48	44
77	57	68	39	99	1	97	48	19
77	40	81	1	97	0	95	48	30
77	40	51	1	80	0	80	48	40
77	40	78	1	87	0	81	48	22
77	40	69	1	88	0	79	48	37
77	40	79	1	90	0	86	48	42
77	40	53	1	8	0	0	48	44
77	40	68	1	99	0	100	48	19
77	81	51	97	80	76	9	30	40
77	81	78	97	87	24	62	30	22
77	81	69	97	88	57	22	30	37
77	81	79	97	90	50	23	30	42
77	81	53	97	8	92	0	30	44
77	81	68	97	99	15	71	30	19
77	51	78	80	87	16	66	40	22
77	51	69	80	88	6	69	40	37
77	51	79	80	90	20	19	40	42
77	51	53	80	8	80	0	40	44
77	51	68	80	99	20	72	40	19
77	78	69	87	88	75	25	22	37
77	78	79	87	90	47	34	22	42
77	78	53	87	8	91	0	22	44
77	78	68	87	99	24	25	22	19
77	69	79	88	90	53	33	37	42
77	69	53	88	8	89	0	37	44
77	69	68	88	99	26	64	37	19
77	79	53	90	8	90	0	42	44
77	79	68	90	99	23	65	42	19
77	53	68	8	99	0	99	44	19
78	77	75	84	90	57	23	23	33
78	77	71	84	78	61	11	23	35
78	77	70	84	92	57	21	23	32
78	77	69	84	85	49	26	23	36
78	77	63	84	67	57	20	23	45
78	77	79	84	65	61	23	23	39
78	77	76	84	89	26	32	23	28
78	77	72	84	63	65	17	23	36
78	77	68	84	91	56	26	23	26
78	77	81	84	60	61	13	23	37
78	75	71	90	78	54	8	33	35
78	75	70	90	92	9	50	33	32
78	75	69	90	85	41	16	33	36
78	75	63	90	67	57	9	33	45
78	75	79	90	65	56	21	33	39
78	75	76	90	89	23	61	33	28
78	75	72	90	63	63	18	33	36
78	75	68	90	91	18	47	33	26
78	75	81	90	60	55	15	33	37
78	71	70	78	92	21	53	35	32
78	71	69	78	85	21	35	35	36
78	71	63	78	67	48	18	35	45
78	71	79	78	65	48	10	35	39
78	71	76	78	89	3	66	35	28
78	71	72	78	63	18	12	35	36
78	71	68	78	91	8	65	35	26
78	71	81	78	60	70	4	35	37
78	70	69	92	85	71	9	32	36
78	70	63	92	67	62	9	32	45
78	70	79	92	65	52	8	32	39
78	70	76	92	89	15	56	32	28
78	70	72	92	63	58	22	32	36
78	70	68	92	91	11	67	32	26
78	70	81	92	60	74	11	32	37
78	69	63	85	67	38	29	36	45
78	69	79	85	65	48	32	36	39
78	69	76	85	89	14	66	36	28
78	69	72	85	63	24	23	36	36
78	69	68	85	91	15	55	36	26
78	69	81	85	60	45	22	36	37
78	63	79	67	65	11	50	45	39
78	63	76	67	89	23	57	45	28
78	63	72	67	63	23	33	45	36
78	63	68	67	91	11	41	45	26
78	63	81	67	60	11	30	45	37
78	79	76	65	89	8	65	39	28
78	79	72	65	63	24	37	39	36
78	79	68	65	91	15	60	39	26
78	79	81	65	60	47	6	39	37
78	76	72	89	63	61	17	28	36
78	76	68	89	91	50	26	28	26
78	76	81	89	60	59	15	28	37
78	72	68	63	91	18	63	36	26
78	72	81	63	60	44	24	36	37
78	68	81	91	60	60	10	26	37
79	77	81	81	74	17	58	42	36
79	77	75	81	100	11	73	42	21
79	77	69	81	77	13	45	42	44
79	77	84	81	47	25	11	42	44
79	77	68	81	71	9	53	42	39
79	77	78	81	15	31	33	42	38
79	81	75	74	100	20	67	36	21
79	81	69	74	77	52	21	36	44
79	81	84	74	47	53	7	36	44
79	81	68	74	71	56	30	36	39
79	81	78	74	15	41	31	36	38
79	75	69	100	77	63	21	21	44
79	75	84	100	47	91	3	21	44
79	75	68	100	71	67	18	21	39
79	75	78	100	15	75	13	21	38
79	69	84	77	47	40	10	44	44
79	69	68	77	71	46	23	44	39
79	69	78	77	15	41	36	44	38
79	84	68	47	71	10	20	44	39
79	84	78	47	15	28	46	44	38
79	68	78	71	15	23	41	39	38
80	66	76	65	84	25	16	41	44
80	66	2	65	89	13	61	41	35
80	66	69	65	67	13	37	41	44
80	66	75	65	21	49	6	41	46
80	66	118	65	69	13	25	41	41
80	76	2	84	89	14	61	44	35
80	76	69	84	67	21	33	44	44
80	76	75	84	21	49	0	44	46
80	76	118	84	69	34	25	44	41
80	2	69	89	67	66	13	35	44
80	2	75	89	21	79	0	35	46
80	2	118	89	69	56	18	35	41
80	69	75	67	21	83	0	44	46
80	69	118	67	69	22	13	44	41
80	75	118	21	69	0	71	46	41
81	78	51	55	36	12	42	39	43
81	78	69	55	74	14	59	39	42
81	78	53	55	41	12	34	39	40
81	78	75	55	83	8	69	39	39
81	78	57	55	39	11	8	39	45
81	78	84	55	61	7	38	39	42
81	78	76	55	73	8	59	39	40
81	78	83	55	58	10	48	39	43
81	78	54	55	18	33	7	39	47
81	78	68	55	79	6	79	39	35
81	78	79	55	81	11	61	39	38
81	78	77	55	98	3	75	39	33
81	78	72	55	0	23	1	39	65535
81	51	69	36	74	11	39	43	42
81	51	53	36	41	11	37	43	40
81	51	75	36	83	8	62	43	39
81	51	57	36	39	36	2	43	45
81	51	84	36	61	12	20	43	42
81	51	76	36	73	9	70	43	40
81	51	83	36	58	12	63	43	43
81	51	54	36	18	49	0	43	47
81	51	68	36	79	8	66	43	35
81	51	79	36	81	10	49	43	38
81	51	77	36	98	10	65	43	33
81	51	72	36	0	60	2	43	65535
81	69	53	74	41	31	18	42	40
81	69	75	74	83	19	45	42	39
81	69	57	74	39	63	3	42	45
81	69	84	74	61	54	12	42	42
81	69	76	74	73	16	68	42	40
81	69	83	74	58	15	9	42	43
81	69	54	74	18	69	3	42	47
81	69	68	74	79	18	36	42	35
81	69	79	74	81	20	47	42	38
81	69	77	74	98	17	63	42	33
81	69	72	74	0	74	1	42	65535
81	53	75	41	83	8	32	40	39
81	53	57	41	39	46	2	40	45
81	53	84	41	61	21	13	40	42
81	53	76	41	73	4	66	40	40
81	53	83	41	58	24	45	40	43
81	53	54	41	18	59	0	40	47
81	53	68	41	79	17	48	40	35
81	53	79	41	81	8	57	40	38
81	53	77	41	98	14	46	40	33
81	53	72	41	0	60	1	40	65535
81	75	57	83	39	83	1	39	45
81	75	84	83	61	65	7	39	42
81	75	76	83	73	32	53	39	40
81	75	83	83	58	22	15	39	43
81	75	54	83	18	74	0	39	47
81	75	68	83	79	38	17	39	35
81	75	79	83	81	41	21	39	38
81	75	77	83	98	20	60	39	33
81	75	72	83	0	75	1	39	65535
81	57	84	39	61	3	51	45	42
81	57	76	39	73	2	90	45	40
81	57	83	39	58	3	69	45	43
81	57	54	39	18	12	3	45	47
81	57	68	39	79	0	76	45	35
81	57	79	39	81	1	69	45	38
81	57	77	39	98	2	86	45	33
81	57	72	39	0	13	9	45	65535
81	84	76	61	73	9	73	42	40
81	84	83	61	58	18	54	42	43
81	84	54	61	18	66	0	42	47
81	84	68	61	79	8	71	42	35
81	84	79	61	81	10	51	42	38
81	84	77	61	98	6	58	42	33
81	84	72	61	0	49	9	42	65535
81	76	83	73	58	64	7	40	43
81	76	54	73	18	88	1	40	47
81	76	68	73	79	50	21	40	35
81	76	79	73	81	62	10	40	38
81	76	77	73	98	29	28	40	33
81	76	72	73	0	69	6	40	65535
81	83	54	58	18	70	7	43	47
81	83	68	58	79	19	23	43	35
81	83	79	58	81	33	16	43	38
81	83	77	58	98	13	61	43	33
81	83	72	58	0	63	5	43	65535
81	54	68	18	79	5	79	47	35
81	54	79	18	81	2	74	47	38
81	54	77	18	98	3	89	47	33
81	54	72	18	0	1	21	47	65535
81	68	79	79	81	34	23	35	38
81	68	77	79	98	19	67	35	33
81	68	72	79	0	68	2	35	65535
81	79	77	81	98	21	61	38	33
81	79	72	81	0	68	8	38	65535
81	77	72	98	0	74	3	33	65535
82	85	65	92	90	36	37	37	34
82	85	73	92	87	50	20	37	39
82	65	73	90	87	62	14	34	39
83	136	19	42	6	13	14	45	44
83	136	81	42	68	22	57	45	34
83	136	17	42	66	13	60	45	35
83	19	81	6	68	9	57	44	34
83	19	17	6	66	8	49	44	35
83	81	17	68	66	22	46	34	35
84	57	56	71	26	39	15	34	40
84	57	53	71	24	54	0	34	40
84	57	81	71	47	54	17	34	39
84	57	51	71	60	43	16	34	35
84	57	40	71	38	64	7	34	43
84	57	79	71	33	52	8	34	45
84	57	54	71	35	60	11	34	47
84	56	53	26	24	28	0	40	40
84	56	81	26	47	17	14	40	39
84	56	51	26	60	16	42	40	35
84	56	40	26	38	21	8	40	43
84	56	79	26	33	24	5	40	45
84	56	54	26	35	29	6	40	47
84	53	81	24	47	1	42	40	39
84	53	51	24	60	4	44	40	35
84	53	40	24	38	14	15	40	43
84	53	79	24	33	2	15	40	45
84	53	54	24	35	13	12	40	47
84	81	51	47	60	13	43	39	35
84	81	40	47	38	32	9	39	43
84	81	79	47	33	22	21	39	45
84	81	54	47	35	36	11	39	47
84	51	40	60	38	43	14	35	43
84	51	79	60	33	54	11	35	45
84	51	54	60	35	50	8	35	47
84	40	79	38	33	4	18	43	45
84	40	54	38	35	14	12	43	47
84	79	54	33	35	19	3	45	47
85	82	65	88	79	41	21	35	35
85	82	73	88	99	24	59	35	23
85	82	70	88	82	36	13	35	36
85	65	73	79	99	27	60	35	23
85	65	70	79	82	10	19	35	36
85	73	70	99	82	62	29	23	36
117	126	130	100	100	24	50	27	23
117	126	128	100	98	16	33	27	25
117	126	124	100	100	21	61	27	19
117	126	132	100	65	53	13	27	41
117	126	66	100	7	64	3	27	45
117	130	128	100	98	47	24	23	25
117	130	124	100	100	17	60	23	19
117	130	132	100	65	55	14	23	41
117	130	66	100	7	71	0	23	45
117	128	124	98	100	17	59	25	19
117	128	132	98	65	57	13	25	41
117	128	66	98	7	63	2	25	45
117	124	132	100	65	65	4	19	41
117	124	66	100	7	93	0	19	45
117	132	66	65	7	61	1	41	45
118	123	80	81	76	56	12	32	44
118	123	136	81	78	21	39	32	29
118	123	126	81	87	37	26	32	30
118	123	120	81	75	19	33	32	26
118	123	132	81	99	17	62	32	20
118	123	117	81	0	78	0	32	65535
118	80	136	76	78	8	68	44	29
118	80	126	76	87	5	64	44	30
118	80	120	76	75	15	51	44	26
118	80	132	76	99	6	64	44	20
118	80	117	76	0	46	0	44	65535
118	136	126	78	87	45	13	29	30
118	136	120	78	75	37	25	29	26
118	136	132	78	99	25	39	29	20
118	136	117	78	0	81	0	29	65535
118	126	120	87	75	18	48	30	26
118	126	132	87	99	18	56	30	20
118	126	117	87	0	76	0	30	65535
118	120	132	75	99	24	52	26	20
118	120	117	75	0	79	0	26	65535
118	132	117	99	0	74	0	20	65535
119	138	139	85	84	29	22	38	34
119	138	137	85	95	15	64	38	17
119	138	73	85	73	68	13	38	42
119	138	133	85	100	19	57	38	15
119	138	131	85	6	57	6	38	45
119	139	137	84	95	29	65	34	17
119	139	73	84	73	69	4	34	42
119	139	133	84	100	24	61	34	15
119	139	131	84	6	73	1	34	45
119	137	73	95	73	80	11	17	42
119	137	133	95	100	28	62	17	15
119	137	131	95	6	89	6	17	45
119	73	133	73	100	21	73	42	15
119	73	131	73	6	49	1	42	45
119	133	131	100	6	91	1	15	45
120	136	126	79	73	49	12	28	42
120	136	132	79	80	49	15	28	37
120	136	124	79	82	52	19	28	33
120	136	118	79	82	57	24	28	29
120	126	132	73	80	21	46	42	37
120	126	124	73	82	14	59	42	33
120	126	118	73	82	13	48	42	29
120	132	124	80	82	16	47	37	33
120	132	118	80	82	23	56	37	29
120	124	118	82	82	14	52	33	29
122	139	135	89	100	16	52	32	24
122	139	131	89	100	25	58	32	22
122	139	123	89	70	65	7	32	48
122	139	137	89	87	61	15	32	40
122	135	131	100	100	26	47	24	22
122	135	123	100	70	65	12	24	48
122	135	137	100	87	61	11	24	40
122	131	123	100	70	73	4	22	48
122	131	137	100	87	61	20	22	40
122	123	137	70	87	14	39	48	40
123	135	120	81	80	12	42	38	34
123	135	136	81	31	73	4	38	47
123	135	118	81	80	17	60	38	29
123	135	126	81	66	65	11	38	43
123	135	122	81	60	63	9	38	47
123	135	132	81	76	23	42	38	27
123	120	136	80	31	59	9	34	47
123	120	118	80	80	19	50	34	29
123	120	126	80	66	52	18	34	43
123	120	122	80	60	55	13	34	47
123	120	132	80	76	20	55	34	27
123	136	118	31	80	9	68	47	29
123	136	126	31	66	10	32	47	43
123	136	122	31	60	12	38	47	47
123	136	132	31	76	13	61	47	27
123	118	126	80	66	52	20	29	43
123	118	122	80	60	58	6	29	47
123	118	132	80	76	19	42	29	27
123	126	122	66	60	13	17	43	47
123	126	132	66	76	16	45	43	27
123	122	132	60	76	9	59	47	27
124	130	117	83	100	33	57	32	21
124	130	128	83	100	26	50	32	26
124	130	126	83	100	23	60	32	12
124	130	120	83	74	24	28	32	32
124	117	128	100	100	61	26	21	26
124	117	126	100	100	22	69	21	12
124	117	120	100	74	70	19	21	32
124	128	126	100	100	33	57	26	12
124	128	120	100	74	78	14	26	32
124	126	120	100	74	78	11	12	32
126	124	128	99	99	63	27	12	30
126	124	120	99	66	77	11	12	42
126	124	132	99	49	82	8	12	46
126	124	118	99	87	68	11	12	31
126	124	130	99	86	62	25	12	31
126	124	123	99	64	79	6	12	47
126	124	117	99	99	67	25	12	29
126	128	120	99	66	76	9	30	42
126	128	132	99	49	78	12	30	46
126	128	118	99	87	21	22	30	31
126	128	130	99	86	55	19	30	31
126	128	123	99	64	69	10	30	47
126	128	117	99	99	28	60	30	29
126	120	132	66	49	22	14	42	46
126	120	118	66	87	15	57	42	31
126	120	130	66	86	15	63	42	31
126	120	123	66	64	19	17	42	47
126	120	117	66	99	6	72	42	29
126	132	118	49	87	9	72	46	31
126	132	130	49	86	10	65	46	31
126	132	123	49	64	13	20	46	47
126	132	117	49	99	10	71	46	29
126	118	130	87	86	68	22	31	31
126	118	123	87	64	61	14	31	47
126	118	117	87	99	15	59	31	29
126	130	123	86	64	54	14	31	47
126	130	117	86	99	24	62	31	29
126	123	117	64	99	10	74	47	29
128	126	117	91	90	30	67	31	29
128	126	130	91	100	29	63	31	13
128	126	124	91	100	26	77	31	25
128	126	66	91	7	92	2	31	45
128	126	21	91	0	99	0	31	65535
128	117	130	90	100	30	61	29	13
128	117	124	90	100	50	20	29	25
128	117	66	90	7	95	2	29	45
128	117	21	90	0	100	0	29	65535
128	130	124	100	100	60	19	13	25
128	130	66	100	7	98	3	13	45
128	130	21	100	0	100	0	13	65535
128	124	66	100	7	91	2	25	45
128	124	21	100	0	78	0	25	65535
128	66	21	7	0	13	0	45	65535
130	128	124	100	84	68	25	13	32
130	128	117	100	100	63	34	13	27
130	128	126	100	88	58	26	13	33
130	124	117	84	100	16	67	32	27
130	124	126	84	88	27	40	32	33
130	117	126	100	88	66	25	27	33
131	122	139	99	100	24	60	26	19
131	122	138	99	77	76	13	26	45
131	122	137	99	88	56	16	26	37
131	122	135	99	87	56	27	26	36
131	139	138	100	77	68	16	19	45
131	139	137	100	88	60	21	19	37
131	139	135	100	87	67	12	19	36
131	138	137	77	88	16	53	45	37
131	138	135	77	87	14	71	45	36
131	137	135	88	87	12	29	37	36
132	76	123	42	84	7	57	46	28
132	76	136	42	78	5	52	46	39
132	76	118	42	100	9	76	46	19
132	76	120	42	86	2	59	46	33
132	76	122	42	0	45	0	46	65535
132	76	126	42	46	34	16	46	44
132	76	135	42	7	36	7	46	47
132	76	117	42	73	8	49	46	41
132	123	136	84	78	52	20	28	39
132	123	118	84	100	16	66	28	19
132	123	120	84	86	53	16	28	33
132	123	122	84	0	81	0	28	65535
132	123	126	84	46	69	8	28	44
132	123	135	84	7	64	2	28	47
132	123	117	84	73	49	24	28	41
132	136	118	78	100	18	69	39	19
132	136	120	78	86	19	36	39	33
132	136	122	78	0	81	0	39	65535
132	136	126	78	46	62	3	39	44
132	136	135	78	7	70	0	39	47
132	136	117	78	73	17	20	39	41
132	118	120	100	86	77	19	19	33
132	118	122	100	0	100	0	19	65535
132	118	126	100	46	83	14	19	44
132	118	135	100	7	84	0	19	47
132	118	117	100	73	72	10	19	41
132	120	122	86	0	74	0	33	65535
132	120	126	86	46	55	13	33	44
132	120	135	86	7	59	1	33	47
132	120	117	86	73	49	19	33	41
132	122	126	0	46	0	41	65535	44
132	122	135	0	7	0	4	65535	47
132	122	117	0	73	0	68	65535	41
132	126	135	46	7	20	1	44	47
132	126	117	46	73	12	51	44	41
132	135	117	7	73	2	55	47	41
133	119	137	96	99	71	28	14	25
133	119	73	96	52	72	8	14	41
133	119	138	96	68	78	16	14	40
133	119	139	96	67	65	13	14	40
133	137	73	99	52	77	6	25	41
133	137	138	99	68	73	9	25	40
133	137	139	99	67	56	22	25	40
133	73	138	52	68	10	53	41	40
133	73	139	52	67	10	24	41	40
133	138	139	68	67	44	32	40	40
135	123	131	76	73	9	45	42	36
135	123	122	76	78	25	49	42	27
135	123	139	76	0	77	0	42	65535
135	123	132	76	7	66	7	42	48
135	123	138	76	80	21	45	42	40
135	123	21	76	0	80	0	42	65535
135	131	122	73	78	25	65	36	27
135	131	139	73	0	82	0	36	65535
135	131	132	73	7	78	4	36	48
135	131	138	73	80	23	32	36	40
135	131	21	73	0	78	0	36	65535
135	122	139	78	0	87	0	27	65535
135	122	132	78	7	89	1	27	48
135	122	138	78	80	69	17	27	40
135	122	21	78	0	98	0	27	65535
135	139	132	0	7	0	8	65535	48
135	139	138	0	80	1	85	65535	40
135	139	21	0	0	0	0	65535	65535
135	132	138	7	80	0	75	48	40
135	132	21	7	0	9	0	48	65535
135	138	21	80	0	78	0	40	65535
136	132	83	74	54	58	9	39	45
136	132	118	74	82	26	55	39	28
136	132	120	74	85	24	53	39	23
136	83	118	54	82	9	62	45	28
136	83	120	54	85	7	62	45	23
136	118	120	82	85	20	41	28	23
137	133	131	99	78	80	8	27	37
137	133	122	99	70	66	10	27	44
137	133	139	99	100	68	21	27	28
137	133	119	99	98	30	54	27	17
137	131	122	78	70	46	19	37	44
137	131	139	78	100	15	64	37	28
137	131	119	78	98	12	72	37	17
137	122	139	70	100	21	59	44	28
137	122	119	70	98	12	77	44	17
137	139	119	100	98	28	60	28	17
138	119	139	92	100	23	64	33	25
138	119	133	92	85	36	27	33	38
138	119	131	92	73	70	28	33	41
138	119	135	92	85	38	12	33	37
138	119	122	92	60	64	9	33	46
138	139	133	100	85	69	15	25	38
138	139	131	100	73	66	22	25	41
138	139	135	100	85	62	21	25	37
138	139	122	100	60	67	19	25	46
138	133	131	85	73	58	23	38	41
138	133	135	85	85	14	23	38	37
138	133	122	85	60	53	17	38	46
138	131	135	73	85	13	65	41	37
138	131	122	73	60	40	16	41	46
138	135	122	85	60	59	11	37	46
139	119	137	77	99	17	63	33	29
139	119	122	77	98	11	55	33	35
139	119	131	77	100	11	72	33	19
139	119	138	77	100	23	65	33	30
139	119	133	77	76	49	21	33	40
139	137	122	99	98	72	17	29	35
139	137	131	99	100	23	59	29	19
139	137	138	99	100	6	57	29	30
139	137	133	99	76	62	25	29	40
139	122	131	98	100	18	70	35	19
139	122	138	98	100	17	64	35	30
139	122	133	98	76	61	10	35	40
139	131	138	100	100	60	22	19	30
139	131	133	100	76	69	19	19	40
139	138	133	100	76	72	22	30	40
