1	9	10	100	100	62	27	27	35
1	9	3	100	87	77	13	27	43
1	9	14	100	100	27	62	27	13
1	9	8	100	100	62	31	27	29
1	9	64	100	81	65	22	27	43
1	9	66	100	67	73	11	27	42
1	9	4	100	100	32	39	27	22
1	9	18	100	42	71	12	27	44
1	10	3	100	87	70	6	35	43
1	10	14	100	100	8	55	35	13
1	10	8	100	100	35	52	35	29
1	10	64	100	81	73	6	35	43
1	10	66	100	67	76	6	35	42
1	10	4	100	100	27	66	35	22
1	10	18	100	42	78	6	35	44
1	3	14	87	100	19	64	43	13
1	3	8	87	100	11	67	43	29
1	3	64	87	81	45	10	43	43
1	3	66	87	67	35	17	43	42
1	3	4	87	100	13	78	43	22
1	3	18	87	42	56	14	43	44
1	14	8	100	100	62	21	13	29
1	14	64	100	81	64	16	13	43
1	14	66	100	67	71	15	13	42
1	14	4	100	100	60	21	13	22
1	14	18	100	42	63	12	13	44
1	8	64	100	81	69	7	29	43
1	8	66	100	67	70	7	29	42
1	8	4	100	100	23	54	29	22
1	8	18	100	42	66	10	29	44
1	64	66	81	67	24	16	43	42
1	64	4	81	100	23	60	43	22
1	64	18	81	42	21	16	43	44
1	66	4	67	100	4	71	42	22
1	66	18	67	42	28	21	42	44
1	4	18	100	42	71	11	22	44
2	18	19	74	70	28	41	43	34
2	18	80	74	85	23	51	43	38
2	18	26	74	61	21	5	43	43
2	18	5	74	64	27	26	43	39
2	18	12	74	19	77	2	43	25
2	19	80	70	85	36	18	34	38
2	19	26	70	61	52	17	34	43
2	19	5	70	64	45	21	34	39
2	19	12	70	19	61	10	34	25
2	80	26	85	61	57	19	38	43
2	80	5	85	64	53	21	38	39
2	80	12	85	19	71	5	38	25
2	26	5	61	64	8	44	43	39
2	26	12	61	19	57	5	43	25
2	5	12	64	19	75	4	39	25
3	7	6	84	39	65	10	26	49
3	7	20	84	77	52	27	26	32
3	7	1	84	81	52	9	26	42
3	7	14	84	87	61	17	26	30
3	7	15	84	74	74	12	26	30
3	7	18	84	84	22	52	26	23
3	7	66	84	64	73	5	26	44
3	7	16	84	79	54	19	26	40
3	6	20	39	77	10	58	49	32
3	6	1	39	81	3	81	49	42
3	6	14	39	87	3	70	49	30
3	6	15	39	74	4	72	49	30
3	6	18	39	84	4	75	49	23
3	6	66	39	64	13	24	49	44
3	6	16	39	79	7	58	49	40
3	20	1	77	81	49	25	32	42
3	20	14	77	87	4	67	32	30
3	20	15	77	74	24	47	32	30
3	20	18	77	84	9	58	32	23
3	20	66	77	64	68	9	32	44
3	20	16	77	79	44	20	32	40
3	1	14	81	87	19	63	42	30
3	1	15	81	74	19	55	42	30
3	1	18	81	84	24	50	42	23
3	1	66	81	64	61	15	42	44
3	1	16	81	79	24	41	42	40
3	14	15	87	74	68	13	30	30
3	14	18	87	84	26	53	30	23
3	14	66	87	64	65	16	30	44
3	14	16	87	79	76	24	30	40
3	15	18	74	84	27	50	30	23
3	15	66	74	64	56	5	30	44
3	15	16	74	79	41	19	30	40
3	18	66	84	64	61	19	23	44
3	18	16	84	79	60	17	23	40
3	66	16	64	79	10	48	44	40
4	10	8	98	100	51	32	35	39
4	10	11	98	91	18	54	35	36
4	10	9	98	100	31	62	35	28
4	10	64	98	17	94	1	35	46
4	10	14	98	30	90	4	35	47
4	10	67	98	100	33	35	35	36
4	10	1	98	99	30	59	35	25
4	8	11	100	91	34	60	39	36
4	8	9	100	100	32	62	39	28
4	8	64	100	17	92	1	39	46
4	8	14	100	30	74	6	39	47
4	8	67	100	100	27	59	39	36
4	8	1	100	99	36	52	39	25
4	11	9	91	100	12	65	36	28
4	11	64	91	17	83	4	36	46
4	11	14	91	30	71	11	36	47
4	11	67	91	100	62	19	36	36
4	11	1	91	99	10	60	36	25
4	9	64	100	17	89	1	28	46
4	9	14	100	30	78	8	28	47
4	9	67	100	100	49	36	28	36
4	9	1	100	99	26	56	28	25
4	64	14	17	30	8	19	46	47
4	64	67	17	100	3	94	46	36
4	64	1	17	99	9	84	46	25
4	14	67	30	100	0	97	47	36
4	14	1	30	99	5	81	47	25
4	67	1	100	99	12	63	36	25
5	37	35	89	59	56	16	31	44
5	37	18	89	100	61	16	31	33
5	37	2	89	83	65	10	31	42
5	37	14	89	100	54	33	31	35
5	37	19	89	78	68	6	31	36
5	37	12	89	17	72	11	31	24
5	35	18	59	100	17	59	44	33
5	35	2	59	83	13	27	44	42
5	35	14	59	100	15	62	44	35
5	35	19	59	78	14	50	44	36
5	35	12	59	17	40	14	44	24
5	18	2	100	83	58	22	33	42
5	18	14	100	100	24	35	33	35
5	18	19	100	78	75	23	33	36
5	18	12	100	17	43	33	33	24
5	2	14	83	100	9	68	42	35
5	2	19	83	78	37	39	42	36
5	2	12	83	17	46	35	42	24
5	14	19	100	78	67	5	35	36
5	14	12	100	17	56	31	35	24
5	19	12	78	17	32	25	36	24
6	20	7	77	86	57	17	25	36
6	20	15	77	78	47	19	25	30
6	20	3	77	40	50	6	25	48
6	20	16	77	79	52	19	25	31
6	20	11	77	88	41	39	25	32
6	7	15	86	78	22	44	36	30
6	7	3	86	40	61	11	36	48
6	7	16	86	79	29	55	36	31
6	7	11	86	88	8	62	36	32
6	15	3	78	40	48	9	30	48
6	15	16	78	79	26	25	30	31
6	15	11	78	88	16	66	30	32
6	3	16	40	79	10	54	48	31
6	3	11	40	88	2	80	48	32
6	16	11	79	88	18	34	31	32
7	16	3	80	90	20	62	31	29
7	16	20	80	85	65	30	31	34
7	16	6	80	88	54	22	31	40
7	16	15	80	90	24	28	31	27
7	16	18	80	92	68	25	31	35
7	16	14	80	83	59	22	31	44
7	3	20	90	85	50	23	29	34
7	3	6	90	88	52	28	29	40
7	3	15	90	90	59	17	29	27
7	3	18	90	92	54	26	29	35
7	3	14	90	83	48	34	29	44
7	20	6	85	88	26	27	34	40
7	20	15	85	90	18	72	34	27
7	20	18	85	92	32	21	34	35
7	20	14	85	83	57	10	34	44
7	6	15	88	90	17	64	40	27
7	6	18	88	92	23	18	40	35
7	6	14	88	83	54	16	40	44
7	15	18	90	92	50	31	27	35
7	15	14	90	83	62	20	27	44
7	18	14	92	83	49	18	35	44
8	4	63	100	92	40	15	37	45
8	4	9	100	100	34	56	37	21
8	4	10	100	100	25	55	37	38
8	4	18	100	28	84	3	37	46
8	4	72	100	60	73	10	37	46
8	4	11	100	48	81	13	37	49
8	4	1	100	100	31	69	37	32
8	4	14	100	100	16	37	37	41
8	4	67	100	97	25	40	37	41
8	63	9	92	100	7	68	45	21
8	63	10	92	100	13	67	45	38
8	63	18	92	28	84	4	45	46
8	63	72	92	60	50	15	45	46
8	63	11	92	48	72	7	45	49
8	63	1	92	100	5	65	45	32
8	63	14	92	100	18	53	45	41
8	63	67	92	97	10	58	45	41
8	9	10	100	100	48	33	21	38
8	9	18	100	28	84	3	21	46
8	9	72	100	60	73	8	21	46
8	9	11	100	48	75	13	21	49
8	9	1	100	100	57	25	21	32
8	9	14	100	100	69	23	21	41
8	9	67	100	97	55	25	21	41
8	10	18	100	28	77	5	38	46
8	10	72	100	60	79	7	38	46
8	10	11	100	48	81	3	38	49
8	10	1	100	100	30	65	38	32
8	10	14	100	100	38	13	38	41
8	10	67	100	97	38	26	38	41
8	18	72	28	60	19	37	46	46
8	18	11	28	48	21	21	46	49
8	18	1	28	100	7	78	46	32
8	18	14	28	100	10	67	46	41
8	18	67	28	97	2	84	46	41
8	72	11	60	48	34	17	46	49
8	72	1	60	100	10	83	46	32
8	72	14	60	100	13	65	46	41
8	72	67	60	97	13	83	46	41
8	11	1	48	100	5	83	49	32
8	11	14	48	100	17	73	49	41
8	11	67	48	97	8	78	49	41
8	1	14	100	100	67	28	32	41
8	1	67	100	97	74	10	32	41
8	14	67	100	97	18	27	41	41
9	64	10	65	100	7	73	44	15
9	64	4	65	100	13	69	44	23
9	64	67	65	99	6	66	44	26
9	64	14	65	91	7	67	44	41
9	64	1	65	100	15	69	44	27
9	64	8	65	100	6	68	44	19
9	64	11	65	38	23	6	44	48
9	10	4	100	100	60	30	15	23
9	10	67	100	99	66	20	15	26
9	10	14	100	91	65	6	15	41
9	10	1	100	100	72	17	15	27
9	10	8	100	100	65	30	15	19
9	10	11	100	38	80	3	15	48
9	4	67	100	99	36	53	23	26
9	4	14	100	91	54	28	23	41
9	4	1	100	100	26	47	23	27
9	4	8	100	100	36	53	23	19
9	4	11	100	38	73	12	23	48
9	67	14	99	91	68	9	26	41
9	67	1	99	100	22	14	26	27
9	67	8	99	100	28	54	26	19
9	67	11	99	38	79	2	26	48
9	14	1	91	100	24	63	41	27
9	14	8	91	100	22	72	41	19
9	14	11	91	38	67	8	41	48
9	1	8	100	100	25	67	27	19
9	1	11	100	38	85	4	27	48
9	8	11	100	38	72	3	19	48
10	1	67	100	98	59	12	36	41
10	1	8	100	100	59	28	36	37
10	1	4	100	100	24	29	36	33
10	1	9	100	99	28	58	36	17
10	67	8	98	100	25	30	41	37
10	67	4	98	100	26	57	41	33
10	67	9	98	99	26	64	41	17
10	8	4	100	100	18	61	37	33
10	8	9	100	99	26	67	37	17
10	4	9	100	99	21	69	33	17
11	18	13	86	91	16	47	35	31
11	18	6	86	90	22	60	35	32
11	18	20	86	89	18	69	35	23
11	18	14	86	56	66	10	35	45
11	18	4	86	92	11	61	35	30
11	18	9	86	39	72	14	35	46
11	13	6	91	90	19	49	31	32
11	13	20	91	89	26	69	31	23
11	13	14	91	56	62	17	31	45
11	13	4	91	92	13	12	31	30
11	13	9	91	39	76	8	31	46
11	6	20	90	89	24	59	32	23
11	6	14	90	56	69	11	32	45
11	6	4	90	92	61	20	32	30
11	6	9	90	39	75	10	32	46
11	20	14	89	56	65	8	23	45
11	20	4	89	92	51	17	23	30
11	20	9	89	39	77	5	23	46
11	14	4	56	92	11	60	45	30
11	14	9	56	39	33	14	45	46
11	4	9	92	39	72	9	30	46
12	5	19	12	52	5	20	25	23
13	9	11	8	85	0	83	47	35
13	9	14	8	100	1	95	47	36
13	9	20	8	77	0	60	47	38
13	11	14	85	100	50	29	35	36
13	11	20	85	77	64	20	35	38
13	14	20	100	77	69	5	36	38
14	4	66	17	77	8	50	43	35
14	4	9	17	87	6	50	43	41
14	4	16	17	70	6	42	43	44
14	4	5	17	94	6	73	43	32
14	4	18	17	100	3	68	43	15
14	4	13	17	98	4	74	43	34
14	4	1	17	100	4	78	43	13
14	4	36	17	10	11	3	43	46
14	4	3	17	90	4	75	43	31
14	4	8	17	100	6	70	43	37
14	4	11	17	63	15	11	43	47
14	4	35	17	71	6	53	43	40
14	4	37	17	79	10	55	43	40
14	4	7	17	80	3	35	43	44
14	66	9	77	87	59	16	35	41
14	66	16	77	70	53	21	35	44
14	66	5	77	94	13	47	35	32
14	66	18	77	100	23	59	35	15
14	66	13	77	98	12	26	35	34
14	66	1	77	100	24	64	35	13
14	66	36	77	10	74	1	35	46
14	66	3	77	90	23	59	35	31
14	66	8	77	100	52	23	35	37
14	66	11	77	63	59	9	35	47
14	66	35	77	71	63	17	35	40
14	66	37	77	79	57	18	35	40
14	66	7	77	80	62	16	35	44
14	9	16	87	70	52	16	41	44
14	9	5	87	94	5	60	41	32
14	9	18	87	100	11	69	41	15
14	9	13	87	98	27	57	41	34
14	9	1	87	100	22	67	41	13
14	9	36	87	10	69	3	41	46
14	9	3	87	90	10	50	41	31
14	9	8	87	100	20	25	41	37
14	9	11	87	63	50	17	41	47
14	9	35	87	71	32	23	41	40
14	9	37	87	79	38	14	41	40
14	9	7	87	80	46	13	41	44
14	16	5	70	94	8	57	44	32
14	16	18	70	100	16	64	44	15
14	16	13	70	98	8	60	44	34
14	16	1	70	100	8	69	44	13
14	16	36	70	10	56	2	44	46
14	16	3	70	90	16	63	44	31
14	16	8	70	100	6	57	44	37
14	16	11	70	63	29	15	44	47
14	16	35	70	71	27	39	44	40
14	16	37	70	79	35	12	44	40
14	16	7	70	80	27	16	44	44
14	5	18	94	100	28	53	32	15
14	5	13	94	98	25	11	32	34
14	5	1	94	100	7	73	32	13
14	5	36	94	10	84	1	32	46
14	5	3	94	90	23	57	32	31
14	5	8	94	100	61	9	32	37
14	5	11	94	63	70	8	32	47
14	5	35	94	71	69	10	32	40
14	5	37	94	79	73	20	32	40
14	5	7	94	80	71	9	32	44
14	18	13	100	98	57	9	15	34
14	18	1	100	100	17	78	15	13
14	18	36	100	10	82	1	15	46
14	18	3	100	90	72	22	15	31
14	18	8	100	100	61	32	15	37
14	18	11	100	63	70	12	15	47
14	18	35	100	71	58	23	15	40
14	18	37	100	79	74	5	15	40
14	18	7	100	80	62	28	15	44
14	13	1	98	100	8	75	34	13
14	13	36	98	10	72	4	34	46
14	13	3	98	90	13	48	34	31
14	13	8	98	100	58	29	34	37
14	13	11	98	63	59	10	34	47
14	13	35	98	71	72	20	34	40
14	13	37	98	79	75	13	34	40
14	13	7	98	80	64	9	34	44
14	1	36	100	10	91	2	13	46
14	1	3	100	90	62	29	13	31
14	1	8	100	100	64	27	13	37
14	1	11	100	63	73	5	13	47
14	1	35	100	71	74	14	13	40
14	1	37	100	79	76	9	13	40
14	1	7	100	80	71	3	13	44
14	36	3	10	90	2	72	46	31
14	36	8	10	100	1	83	46	37
14	36	11	10	63	1	16	46	47
14	36	35	10	71	8	46	46	40
14	36	37	10	79	2	45	46	40
14	36	7	10	80	4	39	46	44
14	3	8	90	100	60	20	31	37
14	3	11	90	63	69	5	31	47
14	3	35	90	71	68	22	31	40
14	3	37	90	79	69	14	31	40
14	3	7	90	80	57	20	31	44
14	8	11	100	63	70	13	37	47
14	8	35	100	71	32	7	37	40
14	8	37	100	79	48	4	37	40
14	8	7	100	80	55	9	37	44
14	11	35	63	71	12	57	47	40
14	11	37	63	79	13	27	47	40
14	11	7	63	80	3	21	47	44
14	35	37	71	79	41	15	40	40
14	35	7	71	80	46	19	40	44
14	37	7	79	80	17	24	40	44
15	3	6	77	80	17	19	33	35
15	3	16	77	80	15	55	33	26
15	3	18	77	86	54	27	33	42
15	3	7	77	93	20	54	33	29
15	3	20	77	82	59	17	33	34
15	6	16	80	80	27	48	35	26
15	6	18	80	86	53	27	35	42
15	6	7	80	93	19	43	35	29
15	6	20	80	82	53	23	35	34
15	16	18	80	86	63	23	26	42
15	16	7	80	93	53	35	26	29
15	16	20	80	82	55	19	26	34
15	18	7	86	93	21	60	42	29
15	18	20	86	82	20	50	42	34
15	7	20	93	82	64	15	29	34
16	15	18	77	86	47	27	23	41
16	15	7	77	93	46	29	23	29
16	15	20	77	82	51	24	23	29
16	15	6	77	79	45	16	23	33
16	15	66	77	66	54	9	23	37
16	15	14	77	80	51	11	23	44
16	18	7	86	93	27	44	41	29
16	18	20	86	82	22	54	41	29
16	18	6	86	79	22	54	41	33
16	18	66	86	66	37	39	41	37
16	18	14	86	80	30	19	41	44
16	7	20	93	82	48	18	29	29
16	7	6	93	79	33	24	29	33
16	7	66	93	66	73	9	29	37
16	7	14	93	80	57	17	29	44
16	20	6	82	79	15	53	29	33
16	20	66	82	66	55	12	29	37
16	20	14	82	80	50	7	29	44
16	6	66	79	66	63	9	33	37
16	6	14	79	80	62	8	33	44
16	66	14	66	80	39	25	37	44
17	19	83	73	48	51	9	35	46
17	19	39	73	82	9	56	35	33
17	19	38	73	53	57	14	35	44
17	83	39	48	82	9	59	46	33
17	83	38	48	53	19	23	46	44
17	39	38	82	53	66	12	33	44
18	3	7	85	91	57	22	27	37
18	3	66	85	68	54	24	27	42
18	3	19	85	71	58	19	27	42
18	3	2	85	69	68	9	27	45
18	3	8	85	35	81	7	27	45
18	3	16	85	88	61	26	27	44
18	3	11	85	89	66	13	27	40
18	3	35	85	81	68	14	27	39
18	3	15	85	89	60	21	27	41
18	3	1	85	49	72	7	27	45
18	3	5	85	97	52	18	27	33
18	7	66	91	68	67	7	37	42
18	7	19	91	71	59	17	37	42
18	7	2	91	69	61	14	37	45
18	7	8	91	35	67	8	37	45
18	7	16	91	88	60	21	37	44
18	7	11	91	89	12	14	37	40
18	7	35	91	81	40	18	37	39
18	7	15	91	89	60	20	37	41
18	7	1	91	49	71	3	37	45
18	7	5	91	97	10	58	37	33
18	66	19	68	71	25	21	42	42
18	66	2	68	69	26	27	42	45
18	66	8	68	35	59	12	42	45
18	66	16	68	88	20	40	42	44
18	66	11	68	89	9	61	42	40
18	66	35	68	81	29	51	42	39
18	66	15	68	89	16	23	42	41
18	66	1	68	49	48	17	42	45
18	66	5	68	97	9	73	42	33
18	19	2	71	69	28	23	42	45
18	19	8	71	35	49	12	42	45
18	19	16	71	88	21	33	42	44
18	19	11	71	89	13	69	42	40
18	19	35	71	81	28	47	42	39
18	19	15	71	89	19	27	42	41
18	19	1	71	49	44	21	42	45
18	19	5	71	97	17	74	42	33
18	2	8	69	35	51	11	45	45
18	2	16	69	88	9	34	45	44
18	2	11	69	89	16	68	45	40
18	2	35	69	81	21	62	45	39
18	2	15	69	89	10	35	45	41
18	2	1	69	49	40	15	45	45
18	2	5	69	97	13	70	45	33
18	8	16	35	88	10	72	45	44
18	8	11	35	89	13	70	45	40
18	8	35	35	81	7	71	45	39
18	8	15	35	89	4	70	45	41
18	8	1	35	49	12	25	45	45
18	8	5	35	97	9	83	45	33
18	16	11	88	89	9	67	44	40
18	16	35	88	81	20	54	44	39
18	16	15	88	89	21	29	44	41
18	16	1	88	49	57	4	44	45
18	16	5	88	97	9	61	44	33
18	11	35	89	81	46	17	40	39
18	11	15	89	89	53	17	40	41
18	11	1	89	49	72	5	40	45
18	11	5	89	97	13	51	40	33
18	35	15	81	89	57	27	39	41
18	35	1	81	49	66	12	39	45
18	35	5	81	97	19	72	39	33
18	15	1	89	49	43	4	41	45
18	15	5	89	97	7	74	41	33
18	1	5	49	97	2	83	45	33
19	26	5	65	71	6	9	37	36
19	26	83	65	61	52	15	37	44
19	26	12	65	64	29	51	37	22
19	26	17	65	63	14	31	37	37
19	26	2	65	68	24	37	37	36
19	26	18	65	79	43	17	37	43
19	5	83	71	61	52	11	36	44
19	5	12	71	64	34	38	36	22
19	5	17	71	63	17	27	36	37
19	5	2	71	68	23	49	36	36
19	5	18	71	79	50	21	36	43
19	83	12	61	64	31	43	44	22
19	83	17	61	63	11	63	44	37
19	83	2	61	68	8	47	44	36
19	83	18	61	79	4	31	44	43
19	12	17	64	63	27	43	22	37
19	12	2	64	68	32	39	22	36
19	12	18	64	79	36	38	22	43
19	17	2	63	68	16	29	37	36
19	17	18	63	79	52	16	37	43
19	2	18	68	79	49	31	36	43
20	11	3	82	76	55	7	29	36
20	11	16	82	79	65	8	29	33
20	11	15	82	80	61	10	29	34
20	11	6	82	78	56	18	29	31
20	11	7	82	79	68	12	29	36
20	3	16	76	79	20	50	36	33
20	3	15	76	80	41	20	36	34
20	3	6	76	78	19	55	36	31
20	3	7	76	79	45	24	36	36
20	16	15	79	80	57	22	33	34
20	16	6	79	78	27	46	33	31
20	16	7	79	79	54	20	33	36
20	15	6	80	78	25	51	34	31
20	15	7	80	79	24	22	34	36
20	6	7	78	79	46	28	31	36
24	48	31	45	77	10	59	48	42
24	48	27	45	54	11	27	48	43
24	31	27	77	54	48	12	42	43
25	28	35	81	65	64	13	27	43
25	28	38	81	57	48	19	27	44
25	35	38	65	57	24	21	43	44
26	36	37	81	57	48	12	30	39
26	36	19	81	65	55	13	30	36
26	36	2	81	52	62	10	30	45
26	37	19	57	65	13	38	39	36
26	37	2	57	52	38	21	39	45
26	19	2	65	52	42	19	36	45
27	55	31	68	81	14	59	33	28
27	55	24	68	57	48	11	33	36
27	55	56	68	70	19	44	33	23
27	55	47	68	68	54	10	33	43
27	55	45	68	44	46	14	33	44
27	55	54	68	69	14	48	33	33
27	55	40	68	63	50	11	33	41
27	31	24	81	57	56	10	28	36
27	31	56	81	70	18	43	28	23
27	31	47	81	68	61	16	28	43
27	31	45	81	44	67	3	28	44
27	31	54	81	69	45	15	28	33
27	31	40	81	63	53	20	28	41
27	24	56	57	70	7	46	36	23
27	24	47	57	68	9	44	36	43
27	24	45	57	44	17	16	36	44
27	24	54	57	69	1	57	36	33
27	24	40	57	63	7	41	36	41
27	56	47	70	68	38	13	23	43
27	56	45	70	44	52	9	23	44
27	56	54	70	69	54	18	23	33
27	56	40	70	63	56	9	23	41
27	47	45	68	44	44	10	43	44
27	47	54	68	69	17	46	43	33
27	47	40	68	63	29	14	43	41
27	45	54	44	69	10	54	44	33
27	45	40	44	63	19	34	44	41
27	54	40	69	63	41	11	33	41
28	38	35	55	42	40	13	42	46
28	38	25	55	85	15	62	42	25
28	38	36	55	34	50	8	42	47
28	35	25	42	85	17	67	46	25
28	35	36	42	34	24	8	46	47
28	25	36	85	34	78	3	25	47
30	57	46	50	66	44	27	41	44
30	57	37	50	10	45	4	41	45
30	57	38	50	87	55	32	41	39
30	57	51	50	85	48	25	41	39
30	57	56	50	16	65	2	41	45
30	46	37	66	10	58	2	44	45
30	46	38	66	87	16	72	44	39
30	46	51	66	85	23	53	44	39
30	46	56	66	16	57	2	44	45
30	37	38	10	87	6	68	45	39
30	37	51	10	85	8	72	45	39
30	37	56	10	16	10	8	45	45
30	38	51	87	85	28	22	39	39
30	38	56	87	16	82	3	39	45
30	51	56	85	16	63	3	39	45
31	27	24	79	64	51	21	26	33
31	27	32	79	66	52	20	26	42
31	27	48	79	84	51	15	26	32
31	27	60	79	34	65	9	26	45
31	24	32	64	66	37	19	33	42
31	24	48	64	84	25	52	33	32
31	24	60	64	34	50	9	33	45
31	32	48	66	84	16	51	42	32
31	32	60	66	34	32	9	42	45
31	48	60	84	34	51	11	32	45
32	34	31	75	74	51	10	38	45
33	37	5	50	16	34	7	40	44
33	37	35	50	82	8	53	40	33
33	37	48	50	37	33	15	40	47
33	37	60	50	2	41	0	40	50
33	5	35	16	82	4	65	44	33
33	5	48	16	37	7	29	44	47
33	5	60	16	2	15	0	44	50
33	35	48	82	37	53	6	33	47
33	35	60	82	2	71	0	33	50
33	48	60	37	2	37	0	47	50
34	48	32	44	73	4	43	46	39
34	48	45	44	68	17	52	46	35
34	32	45	73	68	24	56	39	35
35	28	18	49	71	3	59	46	37
35	28	14	49	67	4	60	46	40
35	28	38	49	0	45	0	46	65535
35	28	33	49	80	5	64	46	31
35	28	37	49	60	8	49	46	34
35	28	36	49	45	16	16	46	44
35	28	60	49	44	17	30	46	44
35	28	5	49	50	13	14	46	40
35	28	25	49	65	12	37	46	40
35	18	14	71	67	37	16	37	40
35	18	38	71	0	82	0	37	65535
35	18	33	71	80	15	50	37	31
35	18	37	71	60	22	44	37	34
35	18	36	71	45	56	3	37	44
35	18	60	71	44	56	4	37	44
35	18	5	71	50	57	6	37	40
35	18	25	71	65	54	8	37	40
35	14	38	67	0	60	0	40	65535
35	14	33	67	80	7	58	40	31
35	14	37	67	60	23	38	40	34
35	14	36	67	45	43	14	40	44
35	14	60	67	44	33	6	40	44
35	14	5	67	50	42	16	40	40
35	14	25	67	65	46	6	40	40
35	38	33	0	80	0	78	65535	31
35	38	37	0	60	0	56	65535	34
35	38	36	0	45	0	48	65535	44
35	38	60	0	44	0	44	65535	44
35	38	5	0	50	0	25	65535	40
35	38	25	0	65	0	63	65535	40
35	33	37	80	60	54	17	31	34
35	33	36	80	45	70	3	31	44
35	33	60	80	44	61	6	31	44
35	33	5	80	50	64	9	31	40
35	33	25	80	65	64	6	31	40
35	37	36	60	45	33	11	34	44
35	37	60	60	44	50	11	34	44
35	37	5	60	50	37	7	34	40
35	37	25	60	65	53	14	34	40
35	36	60	45	44	14	32	44	44
35	36	5	45	50	15	14	44	40
35	36	25	45	65	12	32	44	40
35	60	5	44	50	24	18	44	40
35	60	25	44	65	19	25	44	40
35	5	25	50	65	5	34	40	40
36	38	26	100	90	66	11	29	29
36	38	35	100	45	79	9	29	45
36	38	37	100	91	34	28	29	27
36	38	14	100	8	95	1	29	47
36	38	28	100	41	78	3	29	48
36	26	35	90	45	72	10	29	45
36	26	37	90	91	24	66	29	27
36	26	14	90	8	77	1	29	47
36	26	28	90	41	68	6	29	48
36	35	37	45	91	13	45	45	27
36	35	14	45	8	38	3	45	47
36	35	28	45	41	30	15	45	48
36	37	14	91	8	55	4	27	47
36	37	28	91	41	56	8	27	48
36	14	28	8	41	6	24	47	48
37	26	11	61	0	60	0	39	65535
37	26	33	61	52	23	11	39	42
37	26	60	61	68	3	48	39	39
37	26	35	61	64	13	48	39	36
37	26	38	61	84	6	71	39	32
37	26	36	61	90	16	67	39	28
37	26	5	61	93	6	63	39	30
37	26	14	61	59	16	21	39	43
37	11	33	0	52	0	52	65535	42
37	11	60	0	68	0	73	65535	39
37	11	35	0	64	0	65	65535	36
37	11	38	0	84	0	87	65535	32
37	11	36	0	90	0	85	65535	28
37	11	5	0	93	0	90	65535	30
37	11	14	0	59	0	69	65535	43
37	33	60	52	68	6	63	42	39
37	33	35	52	64	12	59	42	36
37	33	38	52	84	3	65	42	32
37	33	36	52	90	11	72	42	28
37	33	5	52	93	15	59	42	30
37	33	14	52	59	8	24	42	43
37	60	35	68	64	23	23	39	36
37	60	38	68	84	9	64	39	32
37	60	36	68	90	11	63	39	28
37	60	5	68	93	13	54	39	30
37	60	14	68	59	55	14	39	43
37	35	38	64	84	11	62	36	32
37	35	36	64	90	17	63	36	28
37	35	5	64	93	15	59	36	30
37	35	14	64	59	57	29	36	43
37	38	36	84	90	26	51	32	28
37	38	5	84	93	16	16	32	30
37	38	14	84	59	69	3	32	43
37	36	5	90	93	53	5	28	30
37	36	14	90	59	68	14	28	43
37	5	14	93	59	67	16	30	43
38	25	30	65	81	5	64	43	39
38	25	37	65	81	5	68	43	31
38	25	39	65	80	14	70	43	37
38	25	36	65	90	12	77	43	28
38	25	17	65	52	21	18	43	45
38	25	28	65	67	15	26	43	44
38	30	37	81	81	29	50	39	31
38	30	39	81	80	20	30	39	37
38	30	36	81	90	6	80	39	28
38	30	17	81	52	51	5	39	45
38	30	28	81	67	59	7	39	44
38	37	39	81	80	71	15	31	37
38	37	36	81	90	22	59	31	28
38	37	17	81	52	69	7	31	45
38	37	28	81	67	67	6	31	44
38	39	36	80	90	14	62	37	28
38	39	17	80	52	48	11	37	45
38	39	28	80	67	62	13	37	44
38	36	17	90	52	78	6	28	45
38	36	28	90	67	59	15	28	44
38	17	28	52	67	22	33	45	44
39	38	17	84	77	32	50	37	33
40	51	54	61	72	15	43	33	19
40	51	53	61	43	44	5	33	40
40	51	57	61	50	32	20	33	45
40	51	59	61	69	41	18	33	39
40	51	56	61	69	25	37	33	19
40	51	84	61	65	43	16	33	41
40	51	45	61	49	48	13	33	44
40	51	55	61	77	15	49	33	19
40	51	58	61	69	16	40	33	23
40	51	27	61	60	48	14	33	37
40	51	47	61	74	16	54	33	27
40	51	77	61	59	41	26	33	45
40	51	48	61	48	47	11	33	46
40	54	53	72	43	52	7	19	40
40	54	57	72	50	46	9	19	45
40	54	59	72	69	39	14	19	39
40	54	56	72	69	54	12	19	19
40	54	84	72	65	50	22	19	41
40	54	45	72	49	51	9	19	44
40	54	55	72	77	40	23	19	19
40	54	58	72	69	48	20	19	23
40	54	27	72	60	40	15	19	37
40	54	47	72	74	49	15	19	27
40	54	77	72	59	56	4	19	45
40	54	48	72	48	49	8	19	46
40	53	57	43	50	12	32	40	45
40	53	59	43	69	3	43	40	39
40	53	56	43	69	2	54	40	19
40	53	84	43	65	10	22	40	41
40	53	45	43	49	25	21	40	44
40	53	55	43	77	3	56	40	19
40	53	58	43	69	5	54	40	23
40	53	27	43	60	8	31	40	37
40	53	47	43	74	12	56	40	27
40	53	77	43	59	18	18	40	45
40	53	48	43	48	16	9	40	46
40	57	59	50	69	6	24	45	39
40	57	56	50	69	5	49	45	19
40	57	84	50	65	31	17	45	41
40	57	45	50	49	37	12	45	44
40	57	55	50	77	7	56	45	19
40	57	58	50	69	9	41	45	23
40	57	27	50	60	21	16	45	37
40	57	47	50	74	16	51	45	27
40	57	77	50	59	34	15	45	45
40	57	48	50	48	40	15	45	46
40	59	56	69	69	13	53	39	19
40	59	84	69	65	37	9	39	41
40	59	45	69	49	53	5	39	44
40	59	55	69	77	18	41	39	19
40	59	58	69	69	10	54	39	23
40	59	27	69	60	22	13	39	37
40	59	47	69	74	14	37	39	27
40	59	77	69	59	48	8	39	45
40	59	48	69	48	52	7	39	46
40	56	84	69	65	50	8	19	41
40	56	45	69	49	59	11	19	44
40	56	55	69	77	25	47	19	19
40	56	58	69	69	51	15	19	23
40	56	27	69	60	49	17	19	37
40	56	47	69	74	46	17	19	27
40	56	77	69	59	48	4	19	45
40	56	48	69	48	58	0	19	46
40	84	45	65	49	27	17	41	44
40	84	55	65	77	19	49	41	19
40	84	58	65	69	11	47	41	23
40	84	27	65	60	13	37	41	37
40	84	47	65	74	8	48	41	27
40	84	77	65	59	24	19	41	45
40	84	48	65	48	28	11	41	46
40	45	55	49	77	15	47	44	19
40	45	58	49	69	12	52	44	23
40	45	27	49	60	13	36	44	37
40	45	47	49	74	14	52	44	27
40	45	77	49	59	17	28	44	45
40	45	48	49	48	12	5	44	46
40	55	58	77	69	39	21	19	23
40	55	27	77	60	37	19	19	37
40	55	47	77	74	47	16	19	27
40	55	77	77	59	47	18	19	45
40	55	48	77	48	42	11	19	46
40	58	27	69	60	51	8	23	37
40	58	47	69	74	17	46	23	27
40	58	77	69	59	52	11	23	45
40	58	48	69	48	44	10	23	46
40	27	47	60	74	9	54	37	27
40	27	77	60	59	42	24	37	45
40	27	48	60	48	41	1	37	46
40	47	77	74	59	56	19	27	45
40	47	48	74	48	38	13	27	46
40	77	48	59	48	27	17	45	46
45	56	27	35	47	11	22	44	41
45	56	40	35	43	12	25	44	45
45	56	34	35	74	5	70	44	33
45	56	48	35	78	5	77	44	25
45	56	32	35	27	15	24	44	44
45	56	54	35	69	8	51	44	37
45	56	58	35	54	12	28	44	40
45	56	55	35	47	8	30	44	46
45	56	60	35	8	28	3	44	48
45	27	40	47	43	16	11	41	45
45	27	34	47	74	6	59	41	33
45	27	48	47	78	5	76	41	25
45	27	32	47	27	13	13	41	44
45	27	54	47	69	14	44	41	37
45	27	58	47	54	5	16	41	40
45	27	55	47	47	14	16	41	46
45	27	60	47	8	32	2	41	48
45	40	34	43	74	8	60	45	33
45	40	48	43	78	13	69	45	25
45	40	32	43	27	22	11	45	44
45	40	54	43	69	16	35	45	37
45	40	58	43	54	10	15	45	40
45	40	55	43	47	10	21	45	46
45	40	60	43	8	15	7	45	48
45	34	48	74	78	17	66	33	25
45	34	32	74	27	49	15	33	44
45	34	54	74	69	20	11	33	37
45	34	58	74	54	49	14	33	40
45	34	55	74	47	55	4	33	46
45	34	60	74	8	64	8	33	48
45	48	32	78	27	84	7	25	44
45	48	54	78	69	69	16	25	37
45	48	58	78	54	67	18	25	40
45	48	55	78	47	75	12	25	46
45	48	60	78	8	78	10	25	48
45	32	54	27	69	5	61	44	37
45	32	58	27	54	8	50	44	40
45	32	55	27	47	5	31	44	46
45	32	60	27	8	13	14	44	48
45	54	58	69	54	54	19	37	40
45	54	55	69	47	41	19	37	46
45	54	60	69	8	55	5	37	48
45	58	55	54	47	30	16	40	46
45	58	60	54	8	22	6	40	48
45	55	60	47	8	19	5	46	48
46	30	53	66	89	12	67	44	30
46	30	56	66	37	39	10	44	44
46	30	51	66	73	22	50	44	36
46	30	57	66	52	39	18	44	47
46	30	81	66	0	66	0	44	65535
46	53	56	89	37	89	4	30	44
46	53	51	89	73	72	13	30	36
46	53	57	89	52	73	10	30	47
46	53	81	89	0	89	0	30	65535
46	56	51	37	73	10	53	44	36
46	56	57	37	52	8	19	44	47
46	56	81	37	0	30	0	44	65535
46	51	57	73	52	47	12	36	47
46	51	81	73	0	68	0	36	65535
46	57	81	52	0	52	0	47	65535
47	53	57	71	72	50	23	34	42
47	53	60	71	51	57	14	34	45
47	53	54	71	82	14	50	34	35
47	53	59	71	83	7	38	34	33
47	53	51	71	74	35	17	34	37
47	53	27	71	69	46	13	34	38
47	53	40	71	77	14	55	34	25
47	53	58	71	87	12	68	34	15
47	53	56	71	77	5	50	34	22
47	53	55	71	79	13	54	34	24
47	53	48	71	60	53	9	34	43
47	57	60	72	51	52	7	42	45
47	57	54	72	82	9	59	42	35
47	57	59	72	83	6	64	42	33
47	57	51	72	74	18	32	42	37
47	57	27	72	69	49	23	42	38
47	57	40	72	77	18	55	42	25
47	57	58	72	87	14	62	42	15
47	57	56	72	77	13	68	42	22
47	57	55	72	79	12	51	42	24
47	57	48	72	60	51	18	42	43
47	60	54	51	82	3	59	45	35
47	60	59	51	83	4	69	45	33
47	60	51	51	74	12	50	45	37
47	60	27	51	69	5	33	45	38
47	60	40	51	77	4	61	45	25
47	60	58	51	87	6	71	45	15
47	60	56	51	77	6	59	45	22
47	60	55	51	79	8	70	45	24
47	60	48	51	60	18	20	45	43
47	54	59	82	83	38	25	35	33
47	54	51	82	74	52	17	35	37
47	54	27	82	69	55	19	35	38
47	54	40	82	77	18	50	35	25
47	54	58	82	87	19	58	35	15
47	54	56	82	77	24	57	35	22
47	54	55	82	79	24	38	35	24
47	54	48	82	60	47	16	35	43
47	59	51	83	74	70	11	33	37
47	59	27	83	69	66	14	33	38
47	59	40	83	77	25	52	33	25
47	59	58	83	87	30	54	33	15
47	59	56	83	77	34	44	33	22
47	59	55	83	79	26	54	33	24
47	59	48	83	60	64	7	33	43
47	51	27	74	69	53	8	37	38
47	51	40	74	77	21	57	37	25
47	51	58	74	87	14	81	37	15
47	51	56	74	77	21	52	37	22
47	51	55	74	79	18	50	37	24
47	51	48	74	60	45	17	37	43
47	27	40	69	77	19	51	38	25
47	27	58	69	87	8	66	38	15
47	27	56	69	77	19	49	38	22
47	27	55	69	79	21	49	38	24
47	27	48	69	60	37	12	38	43
47	40	58	77	87	24	42	25	15
47	40	56	77	77	26	38	25	22
47	40	55	77	79	22	53	25	24
47	40	48	77	60	50	23	25	43
47	58	56	87	77	67	18	15	22
47	58	55	87	79	54	18	15	24
47	58	48	87	60	58	13	15	43
47	56	55	77	79	22	22	22	24
47	56	48	77	60	57	10	22	43
47	55	48	79	60	50	14	24	43
48	60	35	83	44	64	11	31	46
48	60	33	83	47	65	9	31	46
48	60	31	83	82	64	17	31	32
48	60	54	83	69	69	6	31	42
48	60	58	83	72	62	2	31	38
48	60	47	83	64	63	15	31	44
48	60	55	83	61	72	10	31	41
48	60	45	83	92	31	48	31	24
48	60	40	83	58	52	11	31	44
48	60	34	83	59	60	8	31	41
48	60	24	83	47	62	5	31	38
48	35	33	44	47	14	18	46	46
48	35	31	44	82	3	63	46	32
48	35	54	44	69	4	51	46	42
48	35	58	44	72	7	48	46	38
48	35	47	44	64	3	48	46	44
48	35	55	44	61	2	52	46	41
48	35	45	44	92	4	69	46	24
48	35	40	44	58	2	36	46	44
48	35	34	44	59	2	40	46	41
48	35	24	44	47	3	20	46	38
48	33	31	47	82	6	61	46	32
48	33	54	47	69	13	51	46	42
48	33	58	47	72	10	53	46	38
48	33	47	47	64	11	45	46	44
48	33	55	47	61	9	52	46	41
48	33	45	47	92	12	71	46	24
48	33	40	47	58	9	17	46	44
48	33	34	47	59	5	21	46	41
48	33	24	47	47	3	10	46	38
48	31	54	82	69	55	13	32	42
48	31	58	82	72	54	18	32	38
48	31	47	82	64	54	12	32	44
48	31	55	82	61	57	13	32	41
48	31	45	82	92	5	71	32	24
48	31	40	82	58	61	10	32	44
48	31	34	82	59	59	8	32	41
48	31	24	82	47	62	7	32	38
48	54	58	69	72	30	22	42	38
48	54	47	69	64	35	17	42	44
48	54	55	69	61	10	20	42	41
48	54	45	69	92	14	71	42	24
48	54	40	69	58	61	1	42	44
48	54	34	69	59	45	15	42	41
48	54	24	69	47	46	11	42	38
48	58	47	72	64	15	20	38	44
48	58	55	72	61	19	24	38	41
48	58	45	72	92	23	59	38	24
48	58	40	72	58	70	0	38	44
48	58	34	72	59	14	12	38	41
48	58	24	72	47	41	11	38	38
48	47	55	64	61	44	21	44	41
48	47	45	64	92	9	67	44	24
48	47	40	64	58	64	2	44	44
48	47	34	64	59	61	17	44	41
48	47	24	64	47	49	11	44	38
48	55	45	61	92	20	59	41	24
48	55	40	61	58	61	0	41	44
48	55	34	61	59	19	17	41	41
48	55	24	61	47	22	17	41	38
48	45	40	92	58	73	6	24	44
48	45	34	92	59	67	8	24	41
48	45	24	92	47	64	6	24	38
48	40	34	58	59	9	19	44	41
48	40	24	58	47	15	13	44	38
48	34	24	59	47	22	10	41	38
51	56	55	89	76	57	21	19	33
51	56	40	89	73	57	19	19	34
51	56	58	89	28	72	1	19	43
51	56	75	89	31	72	7	19	46
51	56	46	89	78	64	23	19	36
51	56	57	89	79	46	31	19	34
51	56	81	89	74	64	14	19	32
51	56	30	89	85	55	27	19	39
51	56	84	89	74	54	14	19	38
51	56	47	89	77	61	13	19	39
51	56	53	89	99	24	22	19	19
51	56	68	89	73	64	19	19	32
51	56	54	89	67	59	12	19	42
51	55	40	76	73	53	13	33	34
51	55	58	76	28	65	2	33	43
51	55	75	76	31	66	8	33	46
51	55	46	76	78	50	11	33	36
51	55	57	76	79	19	60	33	34
51	55	81	76	74	45	15	33	32
51	55	30	76	85	47	15	33	39
51	55	84	76	74	43	14	33	38
51	55	47	76	77	48	12	33	39
51	55	53	76	99	6	71	33	19
51	55	68	76	73	41	14	33	32
51	55	54	76	67	48	19	33	42
51	40	58	73	28	64	2	34	43
51	40	75	73	31	61	16	34	46
51	40	46	73	78	44	23	34	36
51	40	57	73	79	33	50	34	34
51	40	81	73	74	22	10	34	32
51	40	30	73	85	49	11	34	39
51	40	84	73	74	42	22	34	38
51	40	47	73	77	44	15	34	39
51	40	53	73	99	14	74	34	19
51	40	68	73	73	14	15	34	32
51	40	54	73	67	53	23	34	42
51	58	75	28	31	13	14	43	46
51	58	46	28	78	4	59	43	36
51	58	57	28	79	7	66	43	34
51	58	81	28	74	4	57	43	32
51	58	30	28	85	2	66	43	39
51	58	84	28	74	3	61	43	38
51	58	47	28	77	3	54	43	39
51	58	53	28	99	1	91	43	19
51	58	68	28	73	6	69	43	32
51	58	54	28	67	7	40	43	42
51	75	46	31	78	4	61	46	36
51	75	57	31	79	8	60	46	34
51	75	81	31	74	8	54	46	32
51	75	30	31	85	1	60	46	39
51	75	84	31	74	3	56	46	38
51	75	47	31	77	8	62	46	39
51	75	53	31	99	2	90	46	19
51	75	68	31	73	7	55	46	32
51	75	54	31	67	4	47	46	42
51	46	57	78	79	18	45	36	34
51	46	81	78	74	17	51	36	32
51	46	30	78	85	50	24	36	39
51	46	84	78	74	26	4	36	38
51	46	47	78	77	18	14	36	39
51	46	53	78	99	11	76	36	19
51	46	68	78	73	15	41	36	32
51	46	54	78	67	46	12	36	42
51	57	81	79	74	55	16	34	32
51	57	30	79	85	63	10	34	39
51	57	84	79	74	50	18	34	38
51	57	47	79	77	47	18	34	39
51	57	53	79	99	22	62	34	19
51	57	68	79	73	52	19	34	32
51	57	54	79	67	49	18	34	42
51	81	30	74	85	47	18	32	39
51	81	84	74	74	52	23	32	38
51	81	47	74	77	50	16	32	39
51	81	53	74	99	16	66	32	19
51	81	68	74	73	32	35	32	32
51	81	54	74	67	41	17	32	42
51	30	84	85	74	23	9	39	38
51	30	47	85	77	25	45	39	39
51	30	53	85	99	10	65	39	19
51	30	68	85	73	16	46	39	32
51	30	54	85	67	24	8	39	42
51	84	47	74	77	17	44	38	39
51	84	53	74	99	19	65	38	19
51	84	68	74	73	15	42	38	32
51	84	54	74	67	20	14	38	42
51	47	53	77	99	18	66	39	19
51	47	68	77	73	16	48	39	32
51	47	54	77	67	45	17	39	42
51	53	68	99	73	74	18	19	32
51	53	54	99	67	59	18	19	42
51	68	54	73	67	37	19	32	42
53	46	81	78	56	58	16	32	36
53	46	40	78	47	59	11	32	42
53	46	54	78	50	43	13	32	43
53	46	57	78	74	12	52	32	30
53	46	51	78	91	19	54	32	20
53	46	84	78	69	17	29	32	31
53	46	77	78	54	45	24	32	38
53	46	30	78	0	67	0	32	65535
53	46	56	78	2	51	16	32	44
53	46	47	78	71	28	16	32	37
53	81	40	56	47	30	11	36	42
53	81	54	56	50	23	31	36	43
53	81	57	56	74	8	63	36	30
53	81	51	56	91	15	67	36	20
53	81	84	56	69	16	60	36	31
53	81	77	56	54	43	19	36	38
53	81	30	56	0	75	0	36	65535
53	81	56	56	2	59	0	36	44
53	81	47	56	71	7	57	36	37
53	40	54	47	50	22	56	42	43
53	40	57	47	74	12	48	42	30
53	40	51	47	91	9	57	42	20
53	40	84	47	69	8	62	42	31
53	40	77	47	54	26	8	42	38
53	40	30	47	0	56	0	42	65535
53	40	56	47	2	45	0	42	44
53	40	47	47	71	11	47	42	37
53	54	57	50	74	22	43	43	30
53	54	51	50	91	20	61	43	20
53	54	84	50	69	16	52	43	31
53	54	77	50	54	19	20	43	38
53	54	30	50	0	64	0	43	65535
53	54	56	50	2	74	0	43	44
53	54	47	50	71	16	27	43	37
53	57	51	74	91	24	59	30	20
53	57	84	74	69	45	26	30	31
53	57	77	74	54	73	13	30	38
53	57	30	74	0	97	0	30	65535
53	57	56	74	2	95	0	30	44
53	57	47	74	71	59	14	30	37
53	51	84	91	69	74	15	20	31
53	51	77	91	54	63	17	20	38
53	51	30	91	0	100	0	20	65535
53	51	56	91	2	100	0	20	44
53	51	47	91	71	78	12	20	37
53	84	77	69	54	69	10	31	38
53	84	30	69	0	99	0	31	65535
53	84	56	69	2	100	0	31	44
53	84	47	69	71	61	11	31	37
53	77	30	54	0	83	0	38	65535
53	77	56	54	2	85	0	38	44
53	77	47	54	71	26	38	38	37
53	30	56	0	2	0	0	65535	44
53	30	47	0	71	0	78	65535	37
53	56	47	2	71	0	84	44	37
54	84	57	80	74	35	44	39	38
54	84	40	80	71	29	46	39	16
54	84	58	80	68	21	40	39	35
54	84	51	80	74	23	48	39	37
54	84	81	80	73	26	47	39	34
54	84	27	80	64	24	41	39	28
54	84	53	80	73	26	66	39	36
54	84	47	80	68	38	13	39	34
54	84	59	80	21	37	8	39	43
54	84	56	80	77	20	46	39	16
54	84	45	80	67	11	42	39	32
54	84	55	80	66	12	51	39	26
54	84	48	80	53	50	8	39	41
54	84	68	80	10	76	0	39	44
54	57	40	74	71	21	37	38	16
54	57	58	74	68	50	8	38	35
54	57	51	74	74	21	37	38	37
54	57	81	74	73	53	13	38	34
54	57	27	74	64	32	37	38	28
54	57	53	74	73	47	19	38	36
54	57	47	74	68	36	28	38	34
54	57	59	74	21	51	7	38	43
54	57	56	74	77	24	56	38	16
54	57	45	74	67	11	47	38	32
54	57	55	74	66	14	44	38	26
54	57	48	74	53	52	12	38	41
54	57	68	74	10	57	1	38	44
54	40	58	71	68	52	12	16	35
54	40	51	71	74	49	24	16	37
54	40	81	71	73	56	20	16	34
54	40	27	71	64	54	22	16	28
54	40	53	71	73	56	16	16	36
54	40	47	71	68	59	21	16	34
54	40	59	71	21	43	15	16	43
54	40	56	71	77	49	18	16	16
54	40	45	71	67	42	16	16	32
54	40	55	71	66	51	18	16	26
54	40	48	71	53	54	12	16	41
54	40	68	71	10	62	0	16	44
54	58	51	68	74	17	37	35	37
54	58	81	68	73	22	17	35	34
54	58	27	68	64	17	37	35	28
54	58	53	68	73	10	48	35	36
54	58	47	68	68	18	49	35	34
54	58	59	68	21	49	11	35	43
54	58	56	68	77	14	48	35	16
54	58	45	68	67	25	44	35	32
54	58	55	68	66	16	45	35	26
54	58	48	68	53	30	5	35	41
54	58	68	68	10	59	0	35	44
54	51	81	74	73	36	16	37	34
54	51	27	74	64	15	39	37	28
54	51	53	74	73	21	30	37	36
54	51	47	74	68	32	10	37	34
54	51	59	74	21	51	14	37	43
54	51	56	74	77	11	46	37	16
54	51	45	74	67	17	51	37	32
54	51	55	74	66	20	44	37	26
54	51	48	74	53	68	0	37	41
54	51	68	74	10	69	0	37	44
54	81	27	73	64	10	38	34	28
54	81	53	73	73	16	28	34	36
54	81	47	73	68	25	17	34	34
54	81	59	73	21	49	14	34	43
54	81	56	73	77	13	37	34	16
54	81	45	73	67	17	50	34	32
54	81	55	73	66	8	41	34	26
54	81	48	73	53	49	6	34	41
54	81	68	73	10	62	3	34	44
54	27	53	64	73	39	21	28	36
54	27	47	64	68	52	16	28	34
54	27	59	64	21	51	14	28	43
54	27	56	64	77	18	50	28	16
54	27	45	64	67	42	18	28	32
54	27	55	64	66	16	43	28	26
54	27	48	64	53	54	11	28	41
54	27	68	64	10	64	0	28	44
54	53	47	73	68	23	15	36	34
54	53	59	73	21	42	4	36	43
54	53	56	73	77	11	48	36	16
54	53	45	73	67	17	46	36	32
54	53	55	73	66	5	54	36	26
54	53	48	73	53	60	9	36	41
54	53	68	73	10	76	1	36	44
54	47	59	68	21	43	16	34	43
54	47	56	68	77	22	46	34	16
54	47	45	68	67	32	33	34	32
54	47	55	68	66	15	47	34	26
54	47	48	68	53	43	15	34	41
54	47	68	68	10	74	0	34	44
54	59	56	21	77	12	58	43	16
54	59	45	21	67	8	55	43	32
54	59	55	21	66	18	50	43	26
54	59	48	21	53	30	13	43	41
54	59	68	21	10	14	6	43	44
54	56	45	77	67	40	22	16	32
54	56	55	77	66	53	24	16	26
54	56	48	77	53	57	1	16	41
54	56	68	77	10	71	0	16	44
54	45	55	67	66	18	45	32	26
54	45	48	67	53	40	15	32	41
54	45	68	67	10	71	0	32	44
54	55	48	66	53	49	17	26	41
54	55	68	66	10	73	0	26	44
54	48	68	53	10	21	4	41	44
55	27	47	65	71	18	51	31	24
55	27	48	65	51	33	6	31	39
55	27	58	65	75	7	53	31	25
55	27	57	65	65	49	18	31	47
55	27	56	65	70	14	48	31	30
55	27	40	65	75	18	40	31	19
55	27	51	65	71	15	14	31	32
55	27	59	65	78	45	17	31	39
55	27	54	65	70	12	50	31	24
55	27	45	65	58	37	21	31	40
55	47	48	71	51	56	13	24	39
55	47	58	71	75	51	16	24	25
55	47	57	71	65	47	15	24	47
55	47	56	71	70	47	16	24	30
55	47	40	71	75	22	38	24	19
55	47	51	71	71	34	19	24	32
55	47	59	71	78	45	16	24	39
55	47	54	71	70	45	6	24	24
55	47	45	71	58	52	16	24	40
55	48	58	51	75	13	46	39	25
55	48	57	51	65	40	22	39	47
55	48	56	51	70	14	51	39	30
55	48	40	51	75	12	55	39	19
55	48	51	51	71	7	32	39	32
55	48	59	51	78	35	27	39	39
55	48	54	51	70	8	55	39	24
55	48	45	51	58	21	19	39	40
55	58	57	75	65	31	6	25	47
55	58	56	75	70	18	42	25	30
55	58	40	75	75	16	40	25	19
55	58	51	75	71	51	15	25	32
55	58	59	75	78	50	23	25	39
55	58	54	75	70	15	44	25	24
55	58	45	75	58	52	18	25	40
55	57	56	65	70	10	53	47	30
55	57	40	65	75	15	54	47	19
55	57	51	65	71	13	54	47	32
55	57	59	65	78	2	58	47	39
55	57	54	65	70	13	52	47	24
55	57	45	65	58	10	32	47	40
55	56	40	70	75	19	48	30	19
55	56	51	70	71	49	17	30	32
55	56	59	70	78	42	14	30	39
55	56	54	70	70	26	27	30	24
55	56	45	70	58	41	7	30	40
55	40	51	75	71	40	13	19	32
55	40	59	75	78	44	14	19	39
55	40	54	75	70	31	15	19	24
55	40	45	75	58	37	13	19	40
55	51	59	71	78	33	7	32	39
55	51	54	71	70	16	46	32	24
55	51	45	71	58	50	5	32	40
55	59	54	78	70	18	46	39	24
55	59	45	78	58	50	3	39	40
55	54	45	70	58	48	6	24	40
56	45	58	54	79	6	64	43	33
56	45	40	54	69	1	58	43	22
56	45	84	54	1	6	2	43	46
56	45	30	54	32	22	21	43	46
56	45	81	54	72	3	62	43	34
56	45	57	54	71	8	65	43	41
56	45	47	54	73	3	66	43	28
56	45	27	54	57	8	37	43	22
56	45	68	54	10	12	15	43	43
56	45	59	54	70	1	54	43	43
56	45	46	54	59	48	3	43	44
56	45	55	54	85	10	63	43	28
56	45	48	54	1	53	0	43	50
56	45	51	54	67	6	75	43	20
56	45	54	54	74	1	50	43	21
56	58	40	79	69	15	51	33	22
56	58	84	79	1	56	0	33	46
56	58	30	79	32	52	5	33	46
56	58	81	79	72	22	17	33	34
56	58	57	79	71	11	48	33	41
56	58	47	79	73	19	50	33	28
56	58	27	79	57	33	30	33	22
56	58	68	79	10	39	3	33	43
56	58	59	79	70	24	27	33	43
56	58	46	79	59	21	29	33	44
56	58	55	79	85	14	41	33	28
56	58	48	79	1	66	0	33	50
56	58	51	79	67	11	48	33	20
56	58	54	79	74	14	29	33	21
56	40	84	69	1	66	7	22	46
56	40	30	69	32	68	2	22	46
56	40	81	69	72	59	7	22	34
56	40	57	69	71	39	23	22	41
56	40	47	69	73	62	23	22	28
56	40	27	69	57	52	13	22	22
56	40	68	69	10	65	0	22	43
56	40	59	69	70	42	23	22	43
56	40	46	69	59	68	3	22	44
56	40	55	69	85	47	23	22	28
56	40	48	69	1	61	1	22	50
56	40	51	69	67	26	24	22	20
56	40	54	69	74	26	31	22	21
56	84	30	1	32	1	23	46	46
56	84	81	1	72	1	31	46	34
56	84	57	1	71	1	62	46	41
56	84	47	1	73	2	63	46	28
56	84	27	1	57	4	55	46	22
56	84	68	1	10	0	56	46	43
56	84	59	1	70	1	61	46	43
56	84	46	1	59	0	35	46	44
56	84	55	1	85	0	54	46	28
56	84	48	1	1	10	4	46	50
56	84	51	1	67	2	70	46	20
56	84	54	1	74	0	63	46	21
56	30	81	32	72	4	59	46	34
56	30	57	32	71	3	48	46	41
56	30	47	32	73	4	60	46	28
56	30	27	32	57	8	51	46	22
56	30	68	32	10	4	10	46	43
56	30	59	32	70	2	50	46	43
56	30	46	32	59	8	13	46	44
56	30	55	32	85	0	67	46	28
56	30	48	32	1	16	1	46	50
56	30	51	32	67	2	67	46	20
56	30	54	32	74	6	67	46	21
56	81	57	72	71	17	36	34	41
56	81	47	72	73	15	50	34	28
56	81	27	72	57	11	45	34	22
56	81	68	72	10	47	5	34	43
56	81	59	72	70	43	16	34	43
56	81	46	72	59	53	9	34	44
56	81	55	72	85	9	55	34	28
56	81	48	72	1	69	0	34	50
56	81	51	72	67	18	58	34	20
56	81	54	72	74	15	52	34	21
56	57	47	71	73	15	65	41	28
56	57	27	71	57	13	50	41	22
56	57	68	71	10	58	7	41	43
56	57	59	71	70	51	17	41	43
56	57	46	71	59	46	19	41	44
56	57	55	71	85	20	48	41	28
56	57	48	71	1	66	2	41	50
56	57	51	71	67	25	62	41	20
56	57	54	71	74	12	52	41	21
56	47	27	73	57	24	26	28	22
56	47	68	73	10	73	2	28	43
56	47	59	73	70	54	14	28	43
56	47	46	73	59	54	10	28	44
56	47	55	73	85	23	26	28	28
56	47	48	73	1	76	0	28	50
56	47	51	73	67	25	47	28	20
56	47	54	73	74	18	64	28	21
56	27	68	57	10	51	18	22	43
56	27	59	57	70	49	13	22	43
56	27	46	57	59	56	14	22	44
56	27	55	57	85	36	26	22	28
56	27	48	57	1	69	1	22	50
56	27	51	57	67	6	65	22	20
56	27	54	57	74	19	40	22	21
56	68	59	10	70	0	77	43	43
56	68	46	10	59	0	48	43	44
56	68	55	10	85	0	75	43	28
56	68	48	10	1	7	0	43	50
56	68	51	10	67	6	73	43	20
56	68	54	10	74	10	57	43	21
56	59	46	70	59	37	2	43	44
56	59	55	70	85	9	52	43	28
56	59	48	70	1	75	0	43	50
56	59	51	70	67	9	62	43	20
56	59	54	70	74	14	65	43	21
56	46	55	59	85	9	65	44	28
56	46	48	59	1	24	0	44	50
56	46	51	59	67	7	68	44	20
56	46	54	59	74	7	62	44	21
56	55	48	85	1	64	0	28	50
56	55	51	85	67	21	44	28	20
56	55	54	85	74	26	45	28	21
56	48	51	1	67	0	87	50	20
56	48	54	1	74	0	75	50	21
56	51	54	67	74	27	50	20	21
57	68	53	60	90	14	57	39	23
57	68	46	60	26	17	1	39	44
57	68	55	60	42	8	6	39	45
57	68	51	60	76	13	51	39	29
57	68	40	60	65	19	8	39	42
57	68	56	60	74	15	51	39	33
57	68	47	60	73	9	51	39	39
57	68	84	60	80	15	56	39	33
57	68	54	60	74	12	51	39	36
57	53	46	90	26	74	8	23	44
57	53	55	90	42	69	9	23	45
57	53	51	90	76	56	22	23	29
57	53	40	90	65	69	12	23	42
57	53	56	90	74	71	8	23	33
57	53	47	90	73	63	17	23	39
57	53	84	90	80	62	15	23	33
57	53	54	90	74	66	20	23	36
57	46	55	26	42	1	41	44	45
57	46	51	26	76	7	62	44	29
57	46	40	26	65	15	21	44	42
57	46	56	26	74	5	62	44	33
57	46	47	26	73	7	61	44	39
57	46	84	26	80	3	70	44	33
57	46	54	26	74	3	65	44	36
57	55	51	42	76	17	63	45	29
57	55	40	42	65	14	30	45	42
57	55	56	42	74	11	57	45	33
57	55	47	42	73	16	33	45	39
57	55	84	42	80	7	76	45	33
57	55	54	42	74	5	58	45	36
57	51	40	76	65	68	8	29	42
57	51	56	76	74	69	18	29	33
57	51	47	76	73	59	20	29	39
57	51	84	76	80	54	27	29	33
57	51	54	76	74	61	22	29	36
57	40	56	65	74	10	51	42	33
57	40	47	65	73	21	25	42	39
57	40	84	65	80	12	61	42	33
57	40	54	65	74	14	49	42	36
57	56	47	74	73	33	15	33	39
57	56	84	74	80	17	35	33	33
57	56	54	74	74	17	51	33	36
57	47	84	73	80	5	56	39	33
57	47	54	73	74	10	49	39	36
57	84	54	80	74	22	39	33	36
58	47	40	77	72	42	16	17	30
58	47	54	77	56	70	0	17	42
58	47	59	77	69	47	20	17	29
58	47	45	77	45	58	8	17	44
58	47	51	77	10	67	2	17	45
58	47	48	77	69	46	14	17	37
58	47	55	77	69	57	17	17	29
58	47	56	77	75	49	23	17	37
58	40	54	72	56	78	0	30	42
58	40	59	72	69	47	24	30	29
58	40	45	72	45	49	16	30	44
58	40	51	72	10	59	6	30	45
58	40	48	72	69	53	12	30	37
58	40	55	72	69	40	24	30	29
58	40	56	72	75	55	18	30	37
58	54	59	56	69	0	79	42	29
58	54	45	56	45	0	47	42	44
58	54	51	56	10	3	13	42	45
58	54	48	56	69	0	60	42	37
58	54	55	56	69	3	62	42	29
58	54	56	56	75	10	48	42	37
58	59	45	69	45	54	6	29	44
58	59	51	69	10	81	2	29	45
58	59	48	69	69	59	11	29	37
58	59	55	69	69	26	44	29	29
58	59	56	69	75	66	24	29	37
58	45	51	45	10	41	1	44	45
58	45	48	45	69	16	40	44	37
58	45	55	45	69	10	58	44	29
58	45	56	45	75	14	41	44	37
58	51	48	10	69	0	49	45	37
58	51	55	10	69	1	60	45	29
58	51	56	10	75	1	64	45	37
58	48	55	69	69	20	38	37	29
58	48	56	69	75	19	29	37	37
58	55	56	69	75	48	18	29	37
59	56	47	44	76	16	48	41	37
59	56	54	44	58	55	3	41	45
59	56	55	44	78	22	36	41	35
59	56	40	44	59	17	44	41	45
59	56	58	44	84	19	52	41	27
59	47	54	76	58	66	0	37	45
59	47	55	76	78	24	33	37	35
59	47	40	76	59	18	21	37	45
59	47	58	76	84	15	54	37	27
59	54	55	58	78	24	37	45	35
59	54	40	58	59	10	46	45	45
59	54	58	58	84	9	60	45	27
59	55	40	78	59	30	14	35	45
59	55	58	78	84	15	47	35	27
59	40	58	59	84	20	44	45	27
60	37	35	75	68	32	20	36	39
60	37	47	75	57	48	17	36	45
60	37	48	75	81	14	67	36	28
60	37	31	75	21	76	0	36	46
60	37	66	75	63	74	0	36	36
60	35	47	68	57	20	26	39	45
60	35	48	68	81	18	51	39	28
60	35	31	68	21	29	2	39	46
60	35	66	68	63	45	7	39	36
60	47	48	57	81	8	50	45	28
60	47	31	57	21	51	0	45	46
60	47	66	57	63	33	29	45	36
60	48	31	81	21	67	4	28	46
60	48	66	81	63	68	11	28	36
60	31	66	21	63	12	29	46	36
63	78	77	90	30	64	12	35	46
63	78	72	90	15	90	2	35	46
63	78	68	90	93	42	31	35	37
63	78	76	90	59	65	14	35	46
63	78	8	90	96	56	19	35	39
63	78	64	90	100	9	65	35	26
63	78	69	90	99	22	63	35	32
63	77	72	30	15	47	0	46	46
63	77	68	30	93	10	58	46	37
63	77	76	30	59	26	18	46	46
63	77	8	30	96	7	67	46	39
63	77	64	30	100	4	85	46	26
63	77	69	30	99	18	69	46	32
63	72	68	15	93	5	66	46	37
63	72	76	15	59	16	49	46	46
63	72	8	15	96	6	83	46	39
63	72	64	15	100	5	89	46	26
63	72	69	15	99	5	88	46	32
63	68	76	93	59	69	14	37	46
63	68	8	93	96	21	14	37	39
63	68	64	93	100	9	75	37	26
63	68	69	93	99	20	61	37	32
63	76	8	59	96	4	74	46	39
63	76	64	59	100	7	88	46	26
63	76	69	59	99	15	78	46	32
63	8	64	96	100	16	70	39	26
63	8	69	96	99	13	69	39	32
63	64	69	100	99	61	11	26	32
64	63	1	100	5	85	0	30	42
64	63	8	100	56	67	16	30	35
64	63	14	100	3	100	0	30	46
64	1	8	5	56	8	27	42	35
64	1	14	5	3	22	0	42	46
64	8	14	56	3	88	0	35	46
65	73	85	79	62	57	16	19	46
65	73	82	79	80	51	23	19	28
65	85	82	62	80	18	59	46	28
66	3	1	5	9	0	3	45	44
66	3	8	5	0	7	0	45	65535
66	1	8	9	0	5	0	44	65535
67	9	10	99	82	66	20	25	39
67	9	8	99	94	61	24	25	37
67	9	4	99	76	55	21	25	38
67	9	71	99	5	97	0	25	46
67	9	72	99	30	92	3	25	41
67	10	8	82	94	31	33	39	37
67	10	4	82	76	41	24	39	38
67	10	71	82	5	82	0	39	46
67	10	72	82	30	66	7	39	41
67	8	4	94	76	33	17	37	38
67	8	71	94	5	95	0	37	46
67	8	72	94	30	67	10	37	41
67	4	71	76	5	66	2	38	46
67	4	72	76	30	66	2	38	41
67	71	72	5	30	1	10	46	41
68	72	78	96	86	37	47	35	17
68	72	63	96	88	60	21	35	42
68	72	51	96	80	35	14	35	33
68	72	79	96	99	20	39	35	32
68	72	57	96	56	81	5	35	47
68	72	54	96	6	92	2	35	49
68	72	77	96	100	16	73	35	21
68	72	69	96	100	30	58	35	32
68	72	76	96	100	27	67	35	30
68	72	75	96	100	15	60	35	23
68	72	53	96	56	74	9	35	37
68	72	81	96	91	35	58	35	22
68	78	63	86	88	53	33	17	42
68	78	51	86	80	59	28	17	33
68	78	79	86	99	57	29	17	32
68	78	57	86	56	75	6	17	47
68	78	54	86	6	90	0	17	49
68	78	77	86	100	21	35	17	21
68	78	69	86	100	53	32	17	32
68	78	76	86	100	63	26	17	30
68	78	75	86	100	52	37	17	23
68	78	53	86	56	72	20	17	37
68	78	81	86	91	57	26	17	22
68	63	51	88	80	7	4	42	33
68	63	79	88	99	0	85	42	32
68	63	57	88	56	16	2	42	47
68	63	54	88	6	9	0	42	49
68	63	77	88	100	0	79	42	21
68	63	69	88	100	5	67	42	32
68	63	76	88	100	11	70	42	30
68	63	75	88	100	5	78	42	23
68	63	53	88	56	35	14	42	37
68	63	81	88	91	22	51	42	22
68	51	79	80	99	8	65	33	32
68	51	57	80	56	34	8	33	47
68	51	54	80	6	34	0	33	49
68	51	77	80	100	2	96	33	21
68	51	69	80	100	4	93	33	32
68	51	76	80	100	7	87	33	30
68	51	75	80	100	24	59	33	23
68	51	53	80	56	55	28	33	37
68	51	81	80	91	32	58	33	22
68	79	57	99	56	80	4	32	47
68	79	54	99	6	94	0	32	49
68	79	77	99	100	28	60	32	21
68	79	69	99	100	26	52	32	32
68	79	76	99	100	22	65	32	30
68	79	75	99	100	29	66	32	23
68	79	53	99	56	75	10	32	37
68	79	81	99	91	22	62	32	22
68	57	54	56	6	65	0	47	49
68	57	77	56	100	10	67	47	21
68	57	69	56	100	6	80	47	32
68	57	76	56	100	12	77	47	30
68	57	75	56	100	5	81	47	23
68	57	53	56	56	13	49	47	37
68	57	81	56	91	3	60	47	22
68	54	77	6	100	0	100	49	21
68	54	69	6	100	0	98	49	32
68	54	76	6	100	1	96	49	30
68	54	75	6	100	0	96	49	23
68	54	53	6	56	0	61	49	37
68	54	81	6	91	0	86	49	22
68	77	69	100	100	64	19	21	32
68	77	76	100	100	65	20	21	30
68	77	75	100	100	60	22	21	23
68	77	53	100	56	78	13	21	37
68	77	81	100	91	60	32	21	22
68	69	76	100	100	27	54	32	30
68	69	75	100	100	22	55	32	23
68	69	53	100	56	73	4	32	37
68	69	81	100	91	34	52	32	22
68	76	75	100	100	18	64	30	23
68	76	53	100	56	49	6	30	37
68	76	81	100	91	18	26	30	22
68	75	53	100	56	64	5	23	37
68	75	81	100	91	42	24	23	22
68	53	81	56	91	22	48	37	22
69	132	76	67	100	18	79	43	12
69	132	123	67	92	8	71	43	40
69	132	63	67	100	13	77	43	32
69	132	75	67	100	8	83	43	31
69	132	78	67	92	15	65	43	34
69	132	118	67	13	60	5	43	46
69	132	72	67	66	43	25	43	45
69	132	77	67	96	9	76	43	38
69	132	81	67	13	66	0	43	43
69	132	80	67	91	13	72	43	34
69	76	123	100	92	61	21	12	40
69	76	63	100	100	58	26	12	32
69	76	75	100	100	53	26	12	31
69	76	78	100	92	59	27	12	34
69	76	118	100	13	93	2	12	46
69	76	72	100	66	79	13	12	45
69	76	77	100	96	71	23	12	38
69	76	81	100	13	95	0	12	43
69	76	80	100	91	75	13	12	34
69	123	63	92	100	8	76	40	32
69	123	75	92	100	12	69	40	31
69	123	78	92	92	24	46	40	34
69	123	118	92	13	82	2	40	46
69	123	72	92	66	71	9	40	45
69	123	77	92	96	12	72	40	38
69	123	81	92	13	88	0	40	43
69	123	80	92	91	8	61	40	34
69	63	75	100	100	15	28	32	31
69	63	78	100	92	66	23	32	34
69	63	118	100	13	89	2	32	46
69	63	72	100	66	69	14	32	45
69	63	77	100	96	73	25	32	38
69	63	81	100	13	96	2	32	43
69	63	80	100	91	64	9	32	34
69	75	78	100	92	76	20	31	34
69	75	118	100	13	89	4	31	46
69	75	72	100	66	87	2	31	45
69	75	77	100	96	74	21	31	38
69	75	81	100	13	95	0	31	43
69	75	80	100	91	63	8	31	34
69	78	118	92	13	78	3	34	46
69	78	72	92	66	85	0	34	45
69	78	77	92	96	21	47	34	38
69	78	81	92	13	75	0	34	43
69	78	80	92	91	22	33	34	34
69	118	72	13	66	17	3	46	45
69	118	77	13	96	1	94	46	38
69	118	81	13	13	16	2	46	43
69	118	80	13	91	3	78	46	34
69	72	77	66	96	0	100	45	38
69	72	81	66	13	6	4	45	43
69	72	80	66	91	0	89	45	34
69	77	81	96	13	88	1	38	43
69	77	80	96	91	34	11	38	34
69	81	80	13	91	1	84	43	34
70	71	72	80	90	16	54	43	28
70	71	85	80	54	35	23	43	45
70	71	78	80	68	37	46	43	29
70	72	85	90	54	60	14	28	45
70	72	78	90	68	48	21	28	29
70	85	78	54	68	26	51	45	29
71	78	74	90	100	9	74	38	36
71	78	72	90	98	17	74	38	34
71	78	70	90	32	47	33	38	44
71	78	67	90	2	73	1	38	46
71	74	72	100	98	10	43	36	34
71	74	70	100	32	74	7	36	44
71	74	67	100	2	99	0	36	46
71	72	70	98	32	72	12	34	44
71	72	67	98	2	92	1	34	46
71	70	67	32	2	70	0	44	46
72	68	71	79	100	11	14	33	34
72	68	70	79	91	31	57	33	28
72	68	76	79	95	31	19	33	38
72	68	85	79	43	58	5	33	40
72	68	78	79	92	35	42	33	29
72	68	67	79	20	72	1	33	41
72	71	70	100	91	37	53	34	28
72	71	76	100	95	14	14	34	38
72	71	85	100	43	65	4	34	40
72	71	78	100	92	32	56	34	29
72	71	67	100	20	72	5	34	41
72	70	76	91	95	58	29	28	38
72	70	85	91	43	69	6	28	40
72	70	78	91	92	63	28	28	29
72	70	67	91	20	62	2	28	41
72	76	85	95	43	50	7	38	40
72	76	78	95	92	36	52	38	29
72	76	67	95	20	58	1	38	41
72	85	78	43	92	10	64	40	29
72	85	67	43	20	36	12	40	41
72	78	67	92	20	59	17	29	41
73	85	133	80	35	64	4	22	46
73	85	119	80	54	60	7	22	38
73	85	65	80	78	40	15	22	17
73	85	82	80	69	45	19	22	40
73	133	119	35	54	12	36	46	38
73	133	65	35	78	11	58	46	17
73	133	82	35	69	5	58	46	40
73	119	65	54	78	10	68	38	17
73	119	82	54	69	11	52	38	40
73	65	82	78	69	45	19	17	40
74	71	0	98	0	0	0	35	65535
75	81	78	86	89	60	21	29	30
75	81	72	86	1	48	8	29	47
75	81	68	86	100	16	74	29	23
75	81	51	86	18	73	3	29	46
75	81	69	86	100	23	65	29	31
75	81	77	86	99	32	34	29	29
75	81	76	86	100	18	68	29	27
75	81	79	86	99	23	59	29	25
75	78	72	89	1	84	0	30	47
75	78	68	89	100	23	63	30	23
75	78	51	89	18	83	3	30	46
75	78	69	89	100	21	69	30	31
75	78	77	89	99	28	67	30	29
75	78	76	89	100	13	68	30	27
75	78	79	89	99	26	51	30	25
75	72	68	1	100	0	100	47	23
75	72	51	1	18	0	19	47	46
75	72	69	1	100	0	100	47	31
75	72	77	1	99	0	100	47	29
75	72	76	1	100	0	98	47	27
75	72	79	1	99	0	100	47	25
75	68	51	100	18	97	0	23	46
75	68	69	100	100	66	21	23	31
75	68	77	100	99	54	31	23	29
75	68	76	100	100	30	39	23	27
75	68	79	100	99	33	40	23	25
75	51	69	18	100	2	98	46	31
75	51	77	18	99	0	98	46	29
75	51	76	18	100	0	98	46	27
75	51	79	18	99	1	96	46	25
75	69	77	100	99	32	42	31	29
75	69	76	100	100	23	65	31	27
75	69	79	100	99	21	61	31	25
75	77	76	99	100	18	69	29	27
75	77	79	99	99	44	39	29	25
75	76	79	100	99	31	58	27	25
76	123	79	98	75	60	8	39	41
76	123	72	98	97	21	41	39	35
76	123	78	98	78	34	44	39	31
76	123	75	98	98	9	65	39	28
76	123	132	98	64	66	14	39	44
76	123	69	98	100	22	67	39	10
76	123	81	98	41	85	2	39	36
76	123	63	98	56	67	13	39	46
76	123	68	98	100	13	66	39	23
76	123	77	98	97	7	57	39	33
76	79	72	75	97	8	66	41	35
76	79	78	75	78	18	70	41	31
76	79	75	75	98	12	71	41	28
76	79	132	75	64	22	15	41	44
76	79	69	75	100	6	77	41	10
76	79	81	75	41	36	24	41	36
76	79	63	75	56	16	5	41	46
76	79	68	75	100	18	66	41	23
76	79	77	75	97	15	72	41	33
76	72	78	97	78	43	42	35	31
76	72	75	97	98	19	64	35	28
76	72	132	97	64	71	8	35	44
76	72	69	97	100	16	62	35	10
76	72	81	97	41	44	18	35	36
76	72	63	97	56	66	7	35	46
76	72	68	97	100	11	77	35	23
76	72	77	97	97	19	61	35	33
76	78	75	78	98	13	61	31	28
76	78	132	78	64	49	21	31	44
76	78	69	78	100	24	71	31	10
76	78	81	78	41	67	4	31	36
76	78	63	78	56	60	13	31	46
76	78	68	78	100	21	48	31	23
76	78	77	78	97	33	29	31	33
76	75	132	98	64	73	5	28	44
76	75	69	98	100	24	63	28	10
76	75	81	98	41	85	4	28	36
76	75	63	98	56	84	0	28	46
76	75	68	98	100	68	24	28	23
76	75	77	98	97	62	29	28	33
76	132	69	64	100	9	78	44	10
76	132	81	64	41	44	5	44	36
76	132	63	64	56	33	6	44	46
76	132	68	64	100	7	83	44	23
76	132	77	64	97	9	81	44	33
76	69	81	100	41	80	11	10	36
76	69	63	100	56	67	10	10	46
76	69	68	100	100	64	23	10	23
76	69	77	100	97	49	31	10	33
76	81	63	41	56	17	26	36	46
76	81	68	41	100	11	70	36	23
76	81	77	41	97	6	84	36	33
76	63	68	56	100	18	75	46	23
76	63	77	56	97	24	52	46	33
76	68	77	100	97	65	28	23	33
77	68	69	96	100	53	31	16	36
77	68	53	96	88	58	24	16	37
77	68	40	96	20	94	1	16	47
77	68	78	96	88	70	18	16	23
77	68	81	96	67	79	16	16	36
77	68	76	96	100	72	21	16	33
77	68	75	96	100	65	23	16	27
77	68	79	96	95	60	34	16	39
77	69	53	100	88	65	7	36	37
77	69	40	100	20	97	0	36	47
77	69	78	100	88	44	50	36	23
77	69	81	100	67	66	17	36	36
77	69	76	100	100	26	64	36	33
77	69	75	100	100	21	59	36	27
77	69	79	100	95	69	12	36	39
77	53	40	88	20	7	27	37	47
77	53	78	88	88	10	76	37	23
77	53	81	88	67	1	62	37	36
77	53	76	88	100	2	100	37	33
77	53	75	88	100	1	92	37	27
77	53	79	88	95	5	86	37	39
77	40	78	20	88	0	89	47	23
77	40	81	20	67	0	57	47	36
77	40	76	20	100	0	100	47	33
77	40	75	20	100	0	98	47	27
77	40	79	20	95	2	96	47	39
77	78	81	88	67	66	15	23	36
77	78	76	88	100	37	28	23	33
77	78	75	88	100	33	44	23	27
77	78	79	88	95	58	28	23	39
77	81	76	67	100	14	75	36	33
77	81	75	67	100	19	68	36	27
77	81	79	67	95	14	64	36	39
77	76	75	100	100	32	49	33	27
77	76	79	100	95	56	26	33	39
77	75	79	100	95	56	22	27	39
78	75	69	89	90	55	27	31	34
78	75	76	89	91	23	31	31	34
78	75	77	89	91	32	52	31	27
78	75	63	89	88	55	10	31	40
78	75	68	89	89	17	61	31	19
78	75	72	89	89	29	33	31	32
78	75	71	89	90	52	11	31	42
78	75	70	89	80	24	20	31	33
78	75	79	89	82	62	12	31	44
78	75	81	89	28	80	10	31	40
78	69	76	90	91	27	57	34	34
78	69	77	90	91	22	41	34	27
78	69	63	90	88	42	23	34	40
78	69	68	90	89	18	57	34	19
78	69	72	90	89	18	55	34	32
78	69	71	90	90	62	6	34	42
78	69	70	90	80	29	20	34	33
78	69	79	90	82	58	12	34	44
78	69	81	90	28	79	1	34	40
78	76	77	91	91	23	35	34	27
78	76	63	91	88	69	26	34	40
78	76	68	91	89	25	66	34	19
78	76	72	91	89	29	27	34	32
78	76	71	91	90	52	18	34	42
78	76	70	91	80	24	33	34	33
78	76	79	91	82	55	20	34	44
78	76	81	91	28	71	4	34	40
78	77	63	91	88	48	27	27	40
78	77	68	91	89	16	71	27	19
78	77	72	91	89	58	12	27	32
78	77	71	91	90	66	11	27	42
78	77	70	91	80	58	8	27	33
78	77	79	91	82	57	23	27	44
78	77	81	91	28	80	9	27	40
78	63	68	88	89	24	49	40	19
78	63	72	88	89	20	74	40	32
78	63	71	88	90	56	11	40	42
78	63	70	88	80	22	61	40	33
78	63	79	88	82	65	7	40	44
78	63	81	88	28	77	6	40	40
78	68	72	89	89	64	17	19	32
78	68	71	89	90	73	10	19	42
78	68	70	89	80	61	8	19	33
78	68	79	89	82	36	18	19	44
78	68	81	89	28	43	14	19	40
78	72	71	89	90	47	11	32	42
78	72	70	89	80	30	19	32	33
78	72	79	89	82	65	12	32	44
78	72	81	89	28	80	3	32	40
78	71	70	90	80	27	39	42	33
78	71	79	90	82	52	8	42	44
78	71	81	90	28	66	2	42	40
78	70	79	80	82	56	6	33	44
78	70	81	80	28	67	0	33	40
78	79	81	82	28	50	4	44	40
79	77	78	87	65	49	30	40	41
79	77	84	87	87	50	13	40	41
79	77	76	87	47	43	23	40	44
79	77	75	87	100	18	62	40	26
79	77	138	87	84	26	56	40	35
79	77	68	87	92	30	50	40	33
79	78	84	65	87	24	26	41	41
79	78	76	65	47	28	23	41	44
79	78	75	65	100	20	57	41	26
79	78	138	65	84	31	43	41	35
79	78	68	65	92	30	48	41	33
79	84	76	87	47	19	21	41	44
79	84	75	87	100	8	80	41	26
79	84	138	87	84	33	50	41	35
79	84	68	87	92	11	63	41	33
79	76	75	47	100	23	64	44	26
79	76	138	47	84	21	62	44	35
79	76	68	47	92	22	59	44	33
79	75	138	100	84	71	9	26	35
79	75	68	100	92	75	21	26	33
79	138	68	84	92	58	24	35	33
80	118	69	77	84	23	66	40	34
80	118	2	77	88	7	62	40	37
80	118	64	77	56	18	23	40	37
80	118	76	77	42	61	0	40	43
80	69	2	84	88	57	9	34	37
80	69	64	84	56	74	11	34	37
80	69	76	84	42	96	0	34	43
80	2	64	88	56	57	12	37	37
80	2	76	88	42	99	0	37	43
80	64	76	56	42	84	2	37	43
81	76	54	58	43	12	25	45	45
81	76	69	58	49	27	8	45	46
81	76	56	58	21	5	18	45	41
81	76	78	58	26	26	26	45	39
81	76	68	58	87	10	63	45	23
81	76	75	58	87	13	65	45	33
81	76	53	58	40	20	24	45	37
81	76	51	58	33	2	9	45	35
81	54	69	43	49	22	5	45	46
81	54	56	43	21	5	7	45	41
81	54	78	43	26	27	4	45	39
81	54	68	43	87	13	64	45	23
81	54	75	43	87	8	49	45	33
81	54	53	43	40	21	27	45	37
81	54	51	43	33	14	30	45	35
81	69	56	49	21	14	34	46	41
81	69	78	49	26	23	4	46	39
81	69	68	49	87	5	67	46	23
81	69	75	49	87	3	50	46	33
81	69	53	49	40	21	31	46	37
81	69	51	49	33	11	50	46	35
81	56	78	21	26	24	22	41	39
81	56	68	21	87	5	73	41	23
81	56	75	21	87	1	67	41	33
81	56	53	21	40	10	17	41	37
81	56	51	21	33	4	15	41	35
81	78	68	26	87	1	59	39	23
81	78	75	26	87	12	57	39	33
81	78	53	26	40	15	27	39	37
81	78	51	26	33	6	42	39	35
81	68	75	87	87	37	22	23	33
81	68	53	87	40	34	5	23	37
81	68	51	87	33	38	19	23	35
81	75	53	87	40	26	3	33	37
81	75	51	87	33	15	8	33	35
81	53	51	40	33	17	36	37	35
82	85	73	75	78	43	18	30	35
82	85	65	75	71	25	41	30	24
82	73	65	78	71	20	46	35	24
83	19	81	61	49	21	41	43	38
83	19	17	61	0	41	0	43	65535
83	81	17	49	0	42	0	38	65535
84	54	57	78	81	18	57	44	41
84	54	51	78	22	23	30	44	39
84	54	53	78	83	23	49	44	33
84	54	40	78	73	30	18	44	44
84	54	79	78	83	16	24	44	42
84	54	56	78	0	69	0	44	65535
84	57	51	81	22	52	17	41	39
84	57	53	81	83	27	51	41	33
84	57	40	81	73	55	18	41	44
84	57	79	81	83	46	31	41	42
84	57	56	81	0	73	0	41	65535
84	51	53	22	83	13	75	39	33
84	51	40	22	73	36	26	39	44
84	51	79	22	83	38	26	39	42
84	51	56	22	0	64	0	39	65535
84	53	40	83	73	58	19	33	44
84	53	79	83	83	60	13	33	42
84	53	56	83	0	86	0	33	65535
84	40	79	73	83	21	30	44	42
84	40	56	73	0	60	0	44	65535
84	79	56	83	0	71	0	42	65535
85	70	82	55	79	7	59	44	32
85	70	73	55	77	6	56	44	18
85	70	72	55	65	11	53	44	40
85	70	65	55	6	52	1	44	42
85	82	73	79	77	21	50	32	18
85	82	72	79	65	59	16	32	40
85	82	65	79	6	74	0	32	42
85	73	72	77	65	54	11	18	40
85	73	65	77	6	77	0	18	42
85	72	65	65	6	46	0	40	42
117	130	126	65	80	18	68	34	28
117	130	132	65	53	65	18	34	44
117	130	122	65	3	78	1	34	50
117	130	118	65	77	17	16	34	39
117	130	124	65	87	19	59	34	13
117	130	128	65	83	24	51	34	18
117	126	132	80	53	57	10	28	44
117	126	122	80	3	84	0	28	50
117	126	118	80	77	44	28	28	39
117	126	124	80	87	18	56	28	13
117	126	128	80	83	21	54	28	18
117	132	122	53	3	57	0	44	50
117	132	118	53	77	14	59	44	39
117	132	124	53	87	12	71	44	13
117	132	128	53	83	10	68	44	18
117	122	118	3	77	0	88	50	39
117	122	124	3	87	0	85	50	13
117	122	128	3	83	0	82	50	18
117	118	124	77	87	8	52	39	13
117	118	128	77	83	15	61	39	18
117	124	128	87	83	58	22	13	18
118	117	120	76	88	3	72	41	27
118	117	126	76	86	20	55	41	30
118	117	132	76	100	20	68	41	17
118	117	123	76	81	9	38	41	39
118	117	80	76	69	19	17	41	40
118	120	126	88	86	26	17	27	30
118	120	132	88	100	28	59	27	17
118	120	123	88	81	63	22	27	39
118	120	80	88	69	68	7	27	40
118	126	132	86	100	18	77	30	17
118	126	123	86	81	50	10	30	39
118	126	80	86	69	62	9	30	40
118	132	123	100	81	72	21	17	39
118	132	80	100	69	65	11	17	40
118	123	80	81	69	49	9	39	40
119	139	133	72	100	13	70	28	9
119	139	137	72	79	16	39	28	20
119	139	131	72	58	44	18	28	42
119	139	73	72	53	50	9	28	41
119	139	138	72	58	54	12	28	43
119	133	137	100	79	71	18	9	20
119	133	131	100	58	74	14	9	42
119	133	73	100	53	67	11	9	41
119	133	138	100	58	75	6	9	43
119	137	131	79	58	49	13	20	42
119	137	73	79	53	69	6	20	41
119	137	138	79	58	77	3	20	43
119	131	73	58	53	11	31	42	41
119	131	138	58	58	6	31	42	43
119	73	138	53	58	15	30	41	43
120	136	124	98	72	63	13	26	37
120	136	126	98	49	73	11	26	43
120	136	123	98	100	62	32	26	35
120	136	132	98	28	77	3	26	46
120	136	118	98	91	63	25	26	31
120	124	126	72	49	40	16	37	43
120	124	123	72	100	11	60	37	35
120	124	132	72	28	50	4	37	46
120	124	118	72	91	7	64	37	31
120	126	123	49	100	16	60	43	35
120	126	132	49	28	40	6	43	46
120	126	118	49	91	7	77	43	31
120	123	132	100	28	73	5	35	46
120	123	118	100	91	26	53	35	31
120	132	118	28	91	4	72	46	31
122	123	135	72	100	21	68	46	23
122	123	131	72	100	6	62	46	18
122	123	139	72	79	17	51	46	31
122	123	137	72	79	13	46	46	39
122	135	131	100	100	30	65	23	18
122	135	139	100	79	66	18	23	31
122	135	137	100	79	71	11	23	39
122	131	139	100	79	64	29	18	31
122	131	137	100	79	76	13	18	39
122	139	137	79	79	41	17	31	39
123	120	135	83	80	60	15	31	37
123	120	69	83	84	53	33	31	40
123	120	118	83	79	56	17	31	37
123	120	122	83	58	60	11	31	46
123	120	132	83	100	21	54	31	19
123	120	136	83	73	54	17	31	40
123	120	138	83	61	60	8	31	45
123	135	69	80	84	25	11	37	40
123	135	118	80	79	23	8	37	37
123	135	122	80	58	63	17	37	46
123	135	132	80	100	19	58	37	19
123	135	136	80	73	50	17	37	40
123	135	138	80	61	64	16	37	45
123	69	118	84	79	28	19	40	37
123	69	122	84	58	57	20	40	46
123	69	132	84	100	19	66	40	19
123	69	136	84	73	30	19	40	40
123	69	138	84	61	60	10	40	45
123	118	122	79	58	59	6	37	46
123	118	132	79	100	19	65	37	19
123	118	136	79	73	21	17	37	40
123	118	138	79	61	56	17	37	45
123	122	132	58	100	9	79	46	19
123	122	136	58	73	17	64	46	40
123	122	138	58	61	17	39	46	45
123	132	136	100	73	64	16	19	40
123	132	138	100	61	63	18	19	45
123	136	138	73	61	48	16	40	45
124	132	130	47	74	9	58	46	30
124	132	117	47	88	6	74	46	19
124	132	128	47	68	6	55	46	27
124	132	126	47	97	6	64	46	12
124	132	120	47	71	9	35	46	38
124	130	117	74	88	19	61	30	19
124	130	128	74	68	24	35	30	27
124	130	126	74	97	19	57	30	12
124	130	120	74	71	48	11	30	38
124	117	128	88	68	64	24	19	27
124	117	126	88	97	22	57	19	12
124	117	120	88	71	63	11	19	38
124	128	126	68	97	14	60	27	12
124	128	120	68	71	52	10	27	38
124	126	120	97	71	55	16	12	38
126	117	124	92	94	22	68	30	13
126	117	128	92	65	71	12	30	39
126	117	130	92	86	30	27	30	24
126	117	126	92	0	95	0	30	65535
126	117	132	92	60	62	13	30	44
126	117	118	92	90	49	24	30	31
126	117	120	92	54	71	8	30	41
126	117	136	92	0	94	0	30	65535
126	124	128	94	65	71	17	13	39
126	124	130	94	86	57	21	13	24
126	124	126	94	0	93	0	13	65535
126	124	132	94	60	68	14	13	44
126	124	118	94	90	47	16	13	31
126	124	120	94	54	62	8	13	41
126	124	136	94	0	93	0	13	65535
126	128	130	65	86	16	49	39	24
126	128	126	65	0	62	0	39	65535
126	128	132	65	60	19	10	39	44
126	128	118	65	90	8	61	39	31
126	128	120	65	54	34	13	39	41
126	128	136	65	0	66	0	39	65535
126	130	126	86	0	70	0	24	65535
126	130	132	86	60	57	15	24	44
126	130	118	86	90	58	13	24	31
126	130	120	86	54	70	5	24	41
126	130	136	86	0	80	0	24	65535
126	126	132	0	60	0	54	65535	44
126	126	118	0	90	0	87	65535	31
126	126	120	0	54	0	65	65535	41
126	126	136	0	0	0	0	65535	65535
126	132	118	60	90	14	52	44	31
126	132	120	60	54	23	19	44	41
126	132	136	60	0	49	0	44	65535
126	118	120	90	54	58	23	31	41
126	118	136	90	0	83	0	31	65535
126	120	136	54	0	50	0	41	65535
128	124	126	65	60	45	16	25	39
128	124	117	65	87	19	54	25	21
128	124	130	65	74	12	68	25	14
128	126	117	60	87	10	72	39	21
128	126	130	60	74	14	71	39	14
128	117	130	87	74	20	71	21	14
130	117	124	69	66	14	55	39	29
130	117	128	69	82	23	62	39	12
130	117	126	69	81	15	46	39	27
130	124	128	66	82	20	57	29	12
130	124	126	66	81	19	44	29	27
130	128	126	82	81	67	17	12	27
131	137	135	76	89	11	59	32	28
131	137	119	76	33	60	8	32	41
131	137	139	76	100	23	67	32	14
131	137	122	76	100	18	62	32	20
131	137	138	76	74	50	21	32	41
131	137	133	76	11	72	4	32	46
131	135	119	89	33	78	4	28	41
131	135	139	89	100	35	50	28	14
131	135	122	89	100	27	64	28	20
131	135	138	89	74	56	18	28	41
131	135	133	89	11	84	3	28	46
131	119	139	33	100	6	88	41	14
131	119	122	33	100	4	78	41	20
131	119	138	33	74	11	51	41	41
131	119	133	33	11	32	2	41	46
131	139	122	100	100	56	24	14	20
131	139	138	100	74	67	15	14	41
131	139	133	100	11	89	2	14	46
131	122	138	100	74	81	8	20	41
131	122	133	100	11	93	5	20	46
131	138	133	74	11	49	4	41	46
132	69	124	45	33	36	10	43	40
132	69	138	45	26	49	6	43	48
132	69	118	45	100	12	74	43	15
132	69	120	45	43	40	12	43	41
132	69	123	45	100	15	60	43	18
132	69	76	45	61	16	10	43	44
132	69	136	45	86	13	63	43	33
132	69	135	45	49	32	7	43	43
132	69	117	45	58	19	16	43	43
132	69	126	45	51	20	9	43	40
132	124	138	33	26	24	7	40	48
132	124	118	33	100	5	78	40	15
132	124	120	33	43	25	17	40	41
132	124	123	33	100	8	80	40	18
132	124	76	33	61	19	25	40	44
132	124	136	33	86	8	72	40	33
132	124	135	33	49	13	24	40	43
132	124	117	33	58	14	20	40	43
132	124	126	33	51	13	18	40	40
132	138	118	26	100	7	83	48	15
132	138	120	26	43	11	20	48	41
132	138	123	26	100	5	72	48	18
132	138	76	26	61	5	34	48	44
132	138	136	26	86	6	79	48	33
132	138	135	26	49	7	37	48	43
132	138	117	26	58	8	43	48	43
132	138	126	26	51	11	33	48	40
132	118	120	100	43	81	5	15	41
132	118	123	100	100	50	28	15	18
132	118	76	100	61	66	5	15	44
132	118	136	100	86	66	7	15	33
132	118	135	100	49	75	10	15	43
132	118	117	100	58	76	14	15	43
132	118	126	100	51	69	14	15	40
132	120	123	43	100	14	73	41	18
132	120	76	43	61	11	39	41	44
132	120	136	43	86	8	66	41	33
132	120	135	43	49	12	24	41	43
132	120	117	43	58	14	15	41	43
132	120	126	43	51	14	24	41	40
132	123	76	100	61	70	14	18	44
132	123	136	100	86	64	29	18	33
132	123	135	100	49	76	14	18	43
132	123	117	100	58	78	6	18	43
132	123	126	100	51	68	13	18	40
132	76	136	61	86	13	56	44	33
132	76	135	61	49	12	8	44	43
132	76	117	61	58	16	16	44	43
132	76	126	61	51	20	19	44	40
132	136	135	86	49	65	16	33	43
132	136	117	86	58	64	15	33	43
132	136	126	86	51	74	10	33	40
132	135	117	49	58	18	16	43	43
132	135	126	49	51	27	21	43	40
132	117	126	58	51	22	16	43	40
133	131	137	6	61	12	52	45	32
133	131	139	6	66	11	55	45	36
133	131	73	6	38	10	26	45	43
133	131	119	6	89	0	90	45	10
133	131	138	6	58	0	13	45	44
133	137	139	61	66	37	19	32	36
133	137	73	61	38	44	7	32	43
133	137	119	61	89	16	55	32	10
133	137	138	61	58	38	20	32	44
133	139	73	66	38	59	2	36	43
133	139	119	66	89	18	66	36	10
133	139	138	66	58	42	18	36	44
133	73	119	38	89	7	77	43	10
133	73	138	38	58	5	33	43	44
133	119	138	89	58	67	14	10	44
135	138	136	25	13	18	7	49	47
135	138	139	25	85	5	77	49	31
135	138	122	25	95	2	82	49	27
135	138	131	25	93	14	66	49	29
135	138	132	25	54	9	29	49	45
135	138	123	25	90	12	78	49	39
135	136	139	13	85	2	87	47	31
135	136	122	13	95	2	83	47	27
135	136	131	13	93	0	79	47	29
135	136	132	13	54	4	35	47	45
135	136	123	13	90	5	81	47	39
135	139	122	85	95	22	62	31	27
135	139	131	85	93	25	52	31	29
135	139	132	85	54	75	8	31	45
135	139	123	85	90	63	14	31	39
135	122	131	95	93	60	19	27	29
135	122	132	95	54	73	5	27	45
135	122	123	95	90	61	24	27	39
135	131	132	93	54	75	2	29	45
135	131	123	93	90	70	14	29	39
135	132	123	54	90	13	53	45	39
136	132	135	74	21	54	5	33	45
136	132	123	74	68	58	20	33	40
136	132	120	74	99	23	63	33	21
136	135	123	21	68	9	55	45	40
136	135	120	21	99	1	74	45	21
136	123	120	68	99	18	61	40	21
137	131	122	78	72	52	16	36	43
137	131	138	78	66	48	17	36	43
137	131	119	78	81	14	56	36	22
137	131	139	78	79	11	56	36	26
137	131	133	78	63	52	5	36	33
137	122	138	72	66	13	34	43	43
137	122	119	72	81	15	54	43	22
137	122	139	72	79	17	61	43	26
137	122	133	72	63	17	38	43	33
137	138	119	66	81	13	60	43	22
137	138	139	66	79	20	49	43	26
137	138	133	66	63	23	50	43	33
137	119	139	81	79	39	16	22	26
137	119	133	81	63	46	21	22	33
137	139	133	79	63	44	18	26	33
138	139	123	87	66	69	6	22	43
138	139	131	87	62	54	21	22	37
138	139	118	87	3	80	0	22	45
138	139	119	87	53	68	9	22	37
138	139	137	87	60	53	16	22	38
138	139	133	87	66	61	12	22	39
138	139	79	87	78	53	13	22	31
138	139	135	87	16	57	4	22	45
138	139	132	87	16	69	2	22	47
138	123	131	66	62	20	53	43	37
138	123	118	66	3	68	1	43	45
138	123	119	66	53	32	16	43	37
138	123	137	66	60	12	16	43	38
138	123	133	66	66	23	29	43	39
138	123	79	66	78	6	58	43	31
138	123	135	66	16	39	6	43	45
138	123	132	66	16	47	3	43	47
138	131	118	62	3	60	1	37	45
138	131	119	62	53	31	25	37	37
138	131	137	62	60	50	7	37	38
138	131	133	62	66	59	4	37	39
138	131	79	62	78	5	55	37	31
138	131	135	62	16	56	3	37	45
138	131	132	62	16	64	2	37	47
138	118	119	3	53	0	29	45	37
138	118	137	3	60	0	59	45	38
138	118	133	3	66	2	53	45	39
138	118	79	3	78	1	77	45	31
138	118	135	3	16	2	22	45	45
138	118	132	3	16	1	14	45	47
138	119	137	53	60	14	37	37	38
138	119	133	53	66	22	24	37	39
138	119	79	53	78	6	60	37	31
138	119	135	53	16	39	7	37	45
138	119	132	53	16	47	8	37	47
138	137	133	60	66	25	23	38	39
138	137	79	60	78	9	56	38	31
138	137	135	60	16	52	4	38	45
138	137	132	60	16	55	2	38	47
138	133	79	66	78	7	60	39	31
138	133	135	66	16	42	10	39	45
138	133	132	66	16	51	7	39	47
138	79	135	78	16	67	4	31	45
138	79	132	78	16	67	3	31	47
138	135	132	16	16	20	8	45	47
139	133	119	33	50	7	44	38	25
139	133	135	33	40	9	37	38	30
139	133	122	33	77	8	61	38	34
139	133	138	33	72	11	62	38	26
139	133	137	33	52	16	62	38	22
139	133	131	33	81	16	56	38	13
139	119	135	50	40	50	20	25	30
139	119	122	50	77	52	13	25	34
139	119	138	50	72	16	46	25	26
139	119	137	50	52	16	59	25	22
139	119	131	50	81	14	71	25	13
139	135	122	40	77	35	22	30	34
139	135	138	40	72	26	49	30	26
139	135	137	40	52	22	59	30	22
139	135	131	40	81	19	63	30	13
139	122	138	77	72	10	46	34	26
139	122	137	77	52	20	44	34	22
139	122	131	77	81	21	54	34	13
139	138	137	72	52	46	24	26	22
139	138	131	72	81	8	65	26	13
139	137	131	52	81	21	55	22	13
