1	9	3	87	62	53	22	35	47
1	9	11	87	78	50	26	35	44
1	9	14	87	100	24	59	35	17
1	9	64	87	87	43	32	35	37
1	9	8	87	74	56	22	35	36
1	9	67	87	27	68	2	35	47
1	9	4	87	77	63	19	35	37
1	9	18	87	81	53	21	35	35
1	9	10	87	9	65	2	35	44
1	3	11	62	78	15	42	47	44
1	3	14	62	100	14	68	47	17
1	3	64	62	87	3	67	47	37
1	3	8	62	74	11	56	47	36
1	3	67	62	27	25	5	47	47
1	3	4	62	77	11	41	47	37
1	3	18	62	81	15	46	47	35
1	3	10	62	9	23	8	47	44
1	11	14	78	100	20	71	44	17
1	11	64	78	87	8	59	44	37
1	11	8	78	74	23	35	44	36
1	11	67	78	27	63	2	44	47
1	11	4	78	77	23	19	44	37
1	11	18	78	81	22	54	44	35
1	11	10	78	9	61	0	44	44
1	14	64	100	87	53	21	17	37
1	14	8	100	74	64	26	17	36
1	14	67	100	27	90	0	17	47
1	14	4	100	77	71	4	17	37
1	14	18	100	81	52	26	17	35
1	14	10	100	9	92	0	17	44
1	64	8	87	74	46	22	37	36
1	64	67	87	27	76	2	37	47
1	64	4	87	77	65	11	37	37
1	64	18	87	81	26	11	37	35
1	64	10	87	9	71	1	37	44
1	8	67	74	27	70	0	36	47
1	8	4	74	77	34	20	36	37
1	8	18	74	81	20	28	36	35
1	8	10	74	9	53	0	36	44
1	67	4	27	77	9	52	47	37
1	67	18	27	81	2	65	47	35
1	67	10	27	9	7	2	47	44
1	4	18	77	81	15	50	37	35
1	4	10	77	9	58	3	37	44
1	18	10	81	9	72	4	35	44
2	5	17	71	77	36	14	39	45
2	5	19	71	85	21	56	39	35
2	5	80	71	82	12	65	39	33
2	17	19	77	85	7	65	45	35
2	17	80	77	82	13	59	45	33
2	19	80	85	82	5	63	35	33
3	7	20	67	78	47	25	33	36
3	7	18	67	76	31	22	33	32
3	7	14	67	93	9	63	33	25
3	7	1	67	74	52	16	33	44
3	7	15	67	76	19	54	33	31
3	7	16	67	75	19	52	33	32
3	7	66	67	66	36	10	33	39
3	20	18	78	76	25	35	36	32
3	20	14	78	93	18	70	36	25
3	20	1	78	74	56	6	36	44
3	20	15	78	76	15	59	36	31
3	20	16	78	75	8	76	36	32
3	20	66	78	66	14	21	36	39
3	18	14	76	93	14	62	32	25
3	18	1	76	74	49	18	32	44
3	18	15	76	76	6	57	32	31
3	18	16	76	75	22	63	32	32
3	18	66	76	66	44	22	32	39
3	14	1	93	74	69	21	25	44
3	14	15	93	76	65	8	25	31
3	14	16	93	75	68	15	25	32
3	14	66	93	66	68	11	25	39
3	1	15	74	76	10	63	44	31
3	1	16	74	75	6	63	44	32
3	1	66	74	66	16	45	44	39
3	15	16	76	75	21	25	31	32
3	15	66	76	66	57	20	31	39
3	16	66	75	66	51	12	32	39
4	1	10	77	76	23	49	41	31
4	1	67	77	85	20	45	41	40
4	1	8	77	76	24	44	41	31
4	1	11	77	80	19	23	41	45
4	1	13	77	16	76	0	41	45
4	1	9	77	99	14	72	41	15
4	10	67	76	85	52	20	31	40
4	10	8	76	76	18	28	31	31
4	10	11	76	80	57	14	31	45
4	10	13	76	16	76	4	31	45
4	10	9	76	99	21	71	31	15
4	67	8	85	76	13	54	40	31
4	67	11	85	80	51	10	40	45
4	67	13	85	16	81	1	40	45
4	67	9	85	99	24	59	40	15
4	8	11	76	80	50	28	31	45
4	8	13	76	16	70	3	31	45
4	8	9	76	99	22	68	31	15
4	11	13	80	16	71	3	45	45
4	11	9	80	99	25	65	45	15
4	13	9	16	99	0	87	45	15
5	12	18	0	82	0	61	65535	30
5	12	2	0	69	0	18	65535	43
5	12	66	0	23	0	21	65535	45
5	12	19	0	57	0	70	65535	33
5	12	35	0	43	0	0	65535	42
5	12	14	0	71	0	70	65535	36
5	12	37	0	47	0	38	65535	41
5	18	2	82	69	57	9	30	43
5	18	66	82	23	60	3	30	45
5	18	19	82	57	42	1	30	33
5	18	35	82	43	67	0	30	42
5	18	14	82	71	48	22	30	36
5	18	37	82	47	55	14	30	41
5	2	66	69	23	46	2	43	45
5	2	19	69	57	17	38	43	33
5	2	35	69	43	65	0	43	42
5	2	14	69	71	11	53	43	36
5	2	37	69	47	26	47	43	41
5	66	19	23	57	2	62	45	33
5	66	35	23	43	23	0	45	42
5	66	14	23	71	8	67	45	36
5	66	37	23	47	8	32	45	41
5	19	35	57	43	30	0	33	42
5	19	14	57	71	51	17	33	36
5	19	37	57	47	49	19	33	41
5	35	14	43	71	0	73	42	36
5	35	37	43	47	0	60	42	41
5	14	37	71	47	29	38	36	41
6	11	20	94	100	28	56	39	20
6	11	7	94	89	58	16	39	38
6	11	15	94	91	40	21	39	36
6	11	16	94	99	28	66	39	28
6	20	7	100	89	54	32	20	38
6	20	15	100	91	0	88	20	36
6	20	16	100	99	0	100	20	28
6	7	15	89	91	24	44	38	36
6	7	16	89	99	30	62	38	28
6	15	16	91	99	33	62	36	28
7	16	6	83	85	39	29	37	42
7	16	20	83	79	57	27	37	45
7	16	18	83	77	61	15	37	39
7	16	15	83	90	26	51	37	25
7	16	3	83	68	22	40	37	36
7	6	20	85	79	50	25	42	45
7	6	18	85	77	68	9	42	39
7	6	15	85	90	19	49	42	25
7	6	3	85	68	27	52	42	36
7	20	18	79	77	26	41	45	39
7	20	15	79	90	3	81	45	25
7	20	3	79	68	22	49	45	36
7	18	15	77	90	5	77	39	25
7	18	3	77	68	9	51	39	36
7	15	3	90	68	69	13	25	36
8	9	4	100	82	56	24	17	31
8	9	63	100	75	69	6	17	48
8	9	14	100	84	66	19	17	33
8	9	1	100	86	56	23	17	38
8	9	10	100	82	59	20	17	29
8	9	11	100	23	91	3	17	49
8	9	64	100	80	64	11	17	44
8	9	67	100	0	100	0	17	65535
8	4	63	82	75	52	14	31	48
8	4	14	82	84	15	22	31	33
8	4	1	82	86	45	26	31	38
8	4	10	82	82	24	50	31	29
8	4	11	82	23	53	8	31	49
8	4	64	82	80	48	5	31	44
8	4	67	82	0	80	0	31	65535
8	63	14	75	84	8	58	48	33
8	63	1	75	86	5	54	48	38
8	63	10	75	82	8	60	48	29
8	63	11	75	23	49	2	48	49
8	63	64	75	80	18	30	48	44
8	63	67	75	0	73	0	48	65535
8	14	1	84	86	63	20	33	38
8	14	10	84	82	16	52	33	29
8	14	11	84	23	82	4	33	49
8	14	64	84	80	65	22	33	44
8	14	67	84	0	67	0	33	65535
8	1	10	86	82	23	58	38	29
8	1	11	86	23	73	3	38	49
8	1	64	86	80	47	20	38	44
8	1	67	86	0	79	0	38	65535
8	10	11	82	23	75	2	29	49
8	10	64	82	80	65	8	29	44
8	10	67	82	0	89	0	29	65535
8	11	64	23	80	0	61	49	44
8	11	67	23	0	21	0	49	65535
8	64	67	80	0	81	0	44	65535
9	8	11	100	83	61	21	14	40
9	8	67	100	89	64	14	14	24
9	8	10	100	100	56	27	14	16
9	8	4	100	100	24	60	14	9
9	8	14	100	25	63	8	14	46
9	8	13	100	57	72	11	14	43
9	8	1	100	90	69	22	14	34
9	11	67	83	89	10	57	40	24
9	11	10	83	100	12	71	40	16
9	11	4	83	100	19	65	40	9
9	11	14	83	25	66	3	40	46
9	11	13	83	57	55	16	40	43
9	11	1	83	90	20	55	40	34
9	67	10	89	100	26	67	24	16
9	67	4	89	100	25	60	24	9
9	67	14	89	25	74	4	24	46
9	67	13	89	57	72	4	24	43
9	67	1	89	90	61	29	24	34
9	10	4	100	100	29	61	16	9
9	10	14	100	25	84	5	16	46
9	10	13	100	57	69	11	16	43
9	10	1	100	90	57	25	16	34
9	4	14	100	25	70	10	9	46
9	4	13	100	57	72	14	9	43
9	4	1	100	90	54	25	9	34
9	14	13	25	57	20	26	46	43
9	14	1	25	90	9	65	46	34
9	13	1	57	90	9	65	43	34
10	8	67	80	87	54	13	30	34
10	8	4	80	83	48	15	30	31
10	8	1	80	3	86	4	30	46
10	8	9	80	100	18	71	30	19
10	8	13	80	66	69	9	30	44
10	67	4	87	83	46	23	34	31
10	67	1	87	3	81	4	34	46
10	67	9	87	100	24	71	34	19
10	67	13	87	66	69	8	34	44
10	4	1	83	3	71	3	31	46
10	4	9	83	100	19	71	31	19
10	4	13	83	66	56	12	31	44
10	1	9	3	100	1	92	46	19
10	1	13	3	66	4	58	46	44
10	9	13	100	66	80	15	19	44
11	9	6	70	96	11	31	37	39
11	9	14	70	48	51	26	37	46
11	9	8	70	20	55	5	37	44
11	9	13	70	99	14	72	37	27
11	9	18	70	71	57	22	37	42
11	9	4	70	82	48	20	37	39
11	9	20	70	100	7	77	37	25
11	9	1	70	75	48	19	37	41
11	6	14	96	48	66	11	39	46
11	6	8	96	20	72	2	39	44
11	6	13	96	99	17	65	39	27
11	6	18	96	71	66	9	39	42
11	6	4	96	82	65	11	39	39
11	6	20	96	100	28	61	39	25
11	6	1	96	75	63	12	39	41
11	14	8	48	20	19	7	46	44
11	14	13	48	99	6	78	46	27
11	14	18	48	71	17	23	46	42
11	14	4	48	82	7	58	46	39
11	14	20	48	100	6	76	46	25
11	14	1	48	75	9	63	46	41
11	8	13	20	99	0	85	44	27
11	8	18	20	71	14	30	44	42
11	8	4	20	82	3	61	44	39
11	8	20	20	100	3	75	44	25
11	8	1	20	75	4	60	44	41
11	13	18	99	71	71	15	27	42
11	13	4	99	82	65	19	27	39
11	13	20	99	100	10	29	27	25
11	13	1	99	75	74	10	27	41
11	18	4	71	82	12	28	42	39
11	18	20	71	100	11	68	42	25
11	18	1	71	75	23	41	42	41
11	4	20	82	100	8	74	39	25
11	4	1	82	75	22	27	39	41
11	20	1	100	75	69	9	25	41
12	19	0	50	0	0	0	17	65535
13	9	14	38	77	21	67	45	40
13	9	10	38	73	9	38	45	42
13	9	11	38	100	8	77	45	32
13	9	4	38	18	15	5	45	45
13	9	5	38	8	34	0	45	44
13	9	18	38	62	18	32	45	42
13	14	10	77	73	65	15	40	42
13	14	11	77	100	23	64	40	32
13	14	4	77	18	66	4	40	45
13	14	5	77	8	67	0	40	44
13	14	18	77	62	37	19	40	42
13	10	11	73	100	6	71	42	32
13	10	4	73	18	16	4	42	45
13	10	5	73	8	60	1	42	44
13	10	18	73	62	26	17	42	42
13	11	4	100	18	79	1	32	45
13	11	5	100	8	97	0	32	44
13	11	18	100	62	84	10	32	42
13	4	5	18	8	11	1	45	44
13	4	18	18	62	4	22	45	42
13	5	18	8	62	0	48	44	42
14	35	18	67	100	19	70	34	17
14	35	66	67	85	39	30	34	37
14	35	1	67	100	4	76	34	17
14	35	3	67	93	15	71	34	28
14	35	8	67	89	18	37	34	31
14	35	9	67	31	67	16	34	45
14	35	37	67	60	19	3	34	39
14	35	11	67	44	58	6	34	48
14	35	5	67	74	50	16	34	37
14	18	66	100	85	61	24	17	37
14	18	1	100	100	22	62	17	17
14	18	3	100	93	60	26	17	28
14	18	8	100	89	74	12	17	31
14	18	9	100	31	88	6	17	45
14	18	37	100	60	80	11	17	39
14	18	11	100	44	91	2	17	48
14	18	5	100	74	91	4	17	37
14	66	1	85	100	6	79	37	17
14	66	3	85	93	18	65	37	28
14	66	8	85	89	7	64	37	31
14	66	9	85	31	73	4	37	45
14	66	37	85	60	73	5	37	39
14	66	11	85	44	63	8	37	48
14	66	5	85	74	52	24	37	37
14	1	3	100	93	67	23	17	28
14	1	8	100	89	70	24	17	31
14	1	9	100	31	78	2	17	45
14	1	37	100	60	92	0	17	39
14	1	11	100	44	76	3	17	48
14	1	5	100	74	97	0	17	37
14	3	8	93	89	67	17	28	31
14	3	9	93	31	80	7	28	45
14	3	37	93	60	71	9	28	39
14	3	11	93	44	73	7	28	48
14	3	5	93	74	65	11	28	37
14	8	9	89	31	68	5	31	45
14	8	37	89	60	86	3	31	39
14	8	11	89	44	66	1	31	48
14	8	5	89	74	81	10	31	37
14	9	37	31	60	17	10	45	39
14	9	11	31	44	14	29	45	48
14	9	5	31	74	8	62	45	37
14	37	11	60	44	26	20	39	48
14	37	5	60	74	6	24	39	37
14	11	5	44	74	19	29	48	37
15	66	6	75	94	11	70	41	40
15	66	16	75	100	20	75	41	23
15	66	20	75	100	11	75	41	30
15	66	11	75	41	47	13	41	48
15	66	3	75	91	15	58	41	34
15	66	7	75	91	7	60	41	26
15	6	16	94	100	23	64	40	23
15	6	20	94	100	32	58	40	30
15	6	11	94	41	60	7	40	48
15	6	3	94	91	21	53	40	34
15	6	7	94	91	26	62	40	26
15	16	20	100	100	63	32	23	30
15	16	11	100	41	77	8	23	48
15	16	3	100	91	68	21	23	34
15	16	7	100	91	64	23	23	26
15	20	11	100	41	36	28	30	48
15	20	3	100	91	0	88	30	34
15	20	7	100	91	20	61	30	26
15	11	3	41	91	13	69	48	34
15	11	7	41	91	6	69	48	26
15	3	7	91	91	22	51	34	26
16	20	6	99	100	1	98	29	31
16	20	15	99	100	15	89	29	22
16	20	3	99	88	0	90	29	34
16	20	14	99	2	0	1	29	48
16	20	7	99	78	1	80	29	36
16	20	66	99	68	64	9	29	38
16	20	18	99	72	75	9	29	42
16	6	15	100	100	26	49	31	22
16	6	3	100	88	71	10	31	34
16	6	14	100	2	98	0	31	48
16	6	7	100	78	73	14	31	36
16	6	66	100	68	73	8	31	38
16	6	18	100	72	79	8	31	42
16	15	3	100	88	66	22	22	34
16	15	14	100	2	93	0	22	48
16	15	7	100	78	65	24	22	36
16	15	66	100	68	59	18	22	38
16	15	18	100	72	76	11	22	42
16	3	14	88	2	86	0	34	48
16	3	7	88	78	53	23	34	36
16	3	66	88	68	50	18	34	38
16	3	18	88	72	54	18	34	42
16	14	7	2	78	0	80	48	36
16	14	66	2	68	0	73	48	38
16	14	18	2	72	0	66	48	42
16	7	66	78	68	23	12	36	38
16	7	18	78	72	54	11	36	42
16	66	18	68	72	45	25	38	42
17	83	39	64	88	14	74	43	35
17	83	38	64	58	36	23	43	39
17	83	2	64	65	21	18	43	45
17	39	38	88	58	65	20	35	39
17	39	2	88	65	56	8	35	45
17	38	2	58	65	35	26	39	45
18	16	14	59	100	19	67	44	19
18	16	11	59	69	22	25	44	46
18	16	1	59	74	20	62	44	37
18	16	3	59	66	20	55	44	37
18	16	5	59	86	17	63	44	29
18	16	13	59	64	21	12	44	42
18	16	66	59	55	32	10	44	44
18	16	37	59	59	20	12	44	39
18	16	35	59	54	18	36	44	42
18	16	7	59	73	22	30	44	41
18	14	11	100	69	66	17	19	46
18	14	1	100	74	65	26	19	37
18	14	3	100	66	69	14	19	37
18	14	5	100	86	57	31	19	29
18	14	13	100	64	57	19	19	42
18	14	66	100	55	77	15	19	44
18	14	37	100	59	78	20	19	39
18	14	35	100	54	73	14	19	42
18	14	7	100	73	79	11	19	41
18	11	1	69	74	22	47	46	37
18	11	3	69	66	20	52	46	37
18	11	5	69	86	15	69	46	29
18	11	13	69	64	27	20	46	42
18	11	66	69	55	27	10	46	44
18	11	37	69	59	18	21	46	39
18	11	35	69	54	35	23	46	42
18	11	7	69	73	13	32	46	41
18	1	3	74	66	27	44	37	37
18	1	5	74	86	17	66	37	29
18	1	13	74	64	51	8	37	42
18	1	66	74	55	59	8	37	44
18	1	37	74	59	49	12	37	39
18	1	35	74	54	68	11	37	42
18	1	7	74	73	56	16	37	41
18	3	5	66	86	20	57	37	29
18	3	13	66	64	54	18	37	42
18	3	66	66	55	54	24	37	44
18	3	37	66	59	70	14	37	39
18	3	35	66	54	63	8	37	42
18	3	7	66	73	60	19	37	41
18	5	13	86	64	49	25	29	42
18	5	66	86	55	62	13	29	44
18	5	37	86	59	69	12	29	39
18	5	35	86	54	65	2	29	42
18	5	7	86	73	68	13	29	41
18	13	66	64	55	16	9	42	44
18	13	37	64	59	32	21	42	39
18	13	35	64	54	50	15	42	42
18	13	7	64	73	19	43	42	41
18	66	37	55	59	30	18	44	39
18	66	35	55	54	38	18	44	42
18	66	7	55	73	4	37	44	41
18	37	35	59	54	9	17	39	42
18	37	7	59	73	10	37	39	41
18	35	7	54	73	15	44	42	41
19	5	2	52	82	34	42	31	36
19	5	26	52	20	32	17	31	38
19	5	83	52	42	45	14	31	44
19	5	12	52	65	42	30	31	15
19	5	37	52	2	53	5	31	45
19	2	26	82	20	75	6	36	38
19	2	83	82	42	69	5	36	44
19	2	12	82	65	47	29	36	15
19	2	37	82	2	76	0	36	45
19	26	83	20	42	42	13	38	44
19	26	12	20	65	38	37	38	15
19	26	37	20	2	31	2	38	45
19	83	12	42	65	35	45	44	15
19	83	37	42	2	65	2	44	45
19	12	37	65	2	43	5	15	45
20	11	16	100	100	66	19	31	31
20	11	3	100	80	74	6	31	42
20	11	15	100	98	69	14	31	31
20	11	6	100	100	29	57	31	25
20	11	7	100	79	76	6	31	47
20	16	3	100	80	63	22	31	42
20	16	15	100	98	50	29	31	31
20	16	6	100	100	21	70	31	25
20	16	7	100	79	59	24	31	47
20	3	15	80	98	18	65	42	31
20	3	6	80	100	5	72	42	25
20	3	7	80	79	59	21	42	47
20	15	6	98	100	18	67	31	25
20	15	7	98	79	60	32	31	47
20	6	7	100	79	72	10	25	47
24	27	31	99	98	24	42	33	35
25	28	35	100	17	85	1	19	38
26	36	37	70	84	21	57	36	29
26	36	19	70	78	56	15	36	38
26	36	35	70	46	57	16	36	45
26	36	38	70	2	78	0	36	46
26	37	19	84	78	54	21	29	38
26	37	35	84	46	70	7	29	45
26	37	38	84	2	54	0	29	46
26	19	35	78	46	49	7	38	45
26	19	38	78	2	69	0	38	46
26	35	38	46	2	25	0	45	46
27	31	24	96	100	57	32	30	27
27	31	40	96	99	67	14	30	33
27	31	30	96	90	73	7	30	43
27	31	47	96	71	82	7	30	45
27	31	56	96	97	65	10	30	33
27	31	51	96	47	77	4	30	45
27	31	38	96	61	87	5	30	44
27	31	54	96	71	77	6	30	45
27	31	55	96	94	57	14	30	38
27	24	40	100	99	12	54	27	33
27	24	30	100	90	69	8	27	43
27	24	47	100	71	64	6	27	45
27	24	56	100	97	9	30	27	33
27	24	51	100	47	76	4	27	45
27	24	38	100	61	70	9	27	44
27	24	54	100	71	77	13	27	45
27	24	55	100	94	18	23	27	38
27	40	30	99	90	68	10	33	43
27	40	47	99	71	63	14	33	45
27	40	56	99	97	61	21	33	33
27	40	51	99	47	71	14	33	45
27	40	38	99	61	89	1	33	44
27	40	54	99	71	66	26	33	45
27	40	55	99	94	62	26	33	38
27	30	47	90	71	29	11	43	45
27	30	56	90	97	15	72	43	33
27	30	51	90	47	44	17	43	45
27	30	38	90	61	75	4	43	44
27	30	54	90	71	29	27	43	45
27	30	55	90	94	16	63	43	38
27	47	56	71	97	20	71	45	33
27	47	51	71	47	48	10	45	45
27	47	38	71	61	46	5	45	44
27	47	54	71	71	12	16	45	45
27	47	55	71	94	16	64	45	38
27	56	51	97	47	78	13	33	45
27	56	38	97	61	84	3	33	44
27	56	54	97	71	72	13	33	45
27	56	55	97	94	43	27	33	38
27	51	38	47	61	30	20	45	44
27	51	54	47	71	15	52	45	45
27	51	55	47	94	11	66	45	38
27	38	54	61	71	13	59	44	45
27	38	55	61	94	9	80	44	38
27	54	55	71	94	14	71	45	38
28	37	38	22	72	2	68	44	34
28	37	25	22	99	1	89	44	18
28	38	25	72	99	9	72	34	18
30	38	46	81	78	47	20	37	43
30	38	27	81	88	53	21	37	40
30	38	57	81	2	44	1	37	49
30	38	53	81	80	25	61	37	34
30	38	51	81	78	42	19	37	38
30	46	27	78	88	13	24	43	40
30	46	57	78	2	23	43	43	49
30	46	53	78	80	11	51	43	34
30	46	51	78	78	19	43	43	38
30	27	57	88	2	82	1	40	49
30	27	53	88	80	16	51	40	34
30	27	51	88	78	21	55	40	38
30	57	53	2	80	0	77	49	34
30	57	51	2	78	0	79	49	38
30	53	51	80	78	50	22	34	38
31	60	27	0	99	0	100	65535	27
31	60	32	0	50	0	39	65535	44
31	60	24	0	98	0	98	65535	26
31	60	48	0	81	0	68	65535	43
31	27	32	99	50	74	7	27	44
31	27	24	99	98	60	26	27	26
31	27	48	99	81	85	8	27	43
31	32	24	50	98	6	88	44	26
31	32	48	50	81	20	39	44	43
31	24	48	98	81	70	16	26	43
32	33	34	71	100	7	82	43	17
32	33	48	71	56	17	29	43	46
32	33	45	71	4	34	1	43	47
32	33	31	71	46	21	22	43	45
32	34	48	100	56	75	6	17	46
32	34	45	100	4	79	2	17	47
32	34	31	100	46	81	4	17	45
32	48	45	56	4	36	14	46	47
32	48	31	56	46	45	9	46	45
32	45	31	4	46	11	25	47	45
33	35	32	18	69	11	29	44	43
33	35	60	18	22	0	0	44	45
33	35	48	18	24	2	2	44	47
33	35	45	18	0	6	0	44	65535
33	35	5	18	3	19	2	44	44
33	32	60	69	22	41	0	43	45
33	32	48	69	24	30	1	43	47
33	32	45	69	0	42	0	43	65535
33	32	5	69	3	37	2	43	44
33	60	48	22	24	3	0	45	47
33	60	45	22	0	7	0	45	65535
33	60	5	22	3	4	0	45	44
33	48	45	24	0	12	0	47	65535
33	48	5	24	3	3	5	47	44
33	45	5	0	3	0	19	65535	44
34	32	45	100	86	66	18	19	41
35	25	38	68	24	64	1	38	44
35	25	60	68	41	52	6	38	45
35	25	26	68	51	46	11	38	43
35	25	37	68	44	20	7	38	36
35	25	33	68	46	63	1	38	43
35	25	18	68	63	57	6	38	38
35	25	14	68	67	12	52	38	34
35	25	36	68	50	17	16	38	36
35	38	60	24	41	11	48	44	45
35	38	26	24	51	12	13	44	43
35	38	37	24	44	13	40	44	36
35	38	33	24	46	2	13	44	43
35	38	18	24	63	13	40	44	38
35	38	14	24	67	2	60	44	34
35	38	36	24	50	5	52	44	36
35	60	26	41	51	35	9	45	43
35	60	37	41	44	7	12	45	36
35	60	33	41	46	13	6	45	43
35	60	18	41	63	18	10	45	38
35	60	14	41	67	7	53	45	34
35	60	36	41	50	24	36	45	36
35	26	37	51	44	14	36	43	36
35	26	33	51	46	10	14	43	43
35	26	18	51	63	8	33	43	38
35	26	14	51	67	0	34	43	34
35	26	36	51	50	6	13	43	36
35	37	33	44	46	44	11	36	43
35	37	18	44	63	33	17	36	38
35	37	14	44	67	14	44	36	34
35	37	36	44	50	18	26	36	36
35	33	18	46	63	18	34	43	38
35	33	14	46	67	8	35	43	34
35	33	36	46	50	2	15	43	36
35	18	14	63	67	8	31	38	34
35	18	36	63	50	13	35	38	36
35	14	36	67	50	49	6	34	36
36	37	38	85	94	54	32	29	33
36	37	35	85	68	53	16	29	37
36	37	60	85	1	81	0	29	49
36	37	39	85	14	65	10	29	46
36	37	26	85	75	50	31	29	35
36	38	35	94	68	64	14	33	37
36	38	60	94	1	92	0	33	49
36	38	39	94	14	71	9	33	46
36	38	26	94	75	55	22	33	35
36	35	60	68	1	59	0	37	49
36	35	39	68	14	53	8	37	46
36	35	26	68	75	26	38	37	35
36	60	39	1	14	0	28	49	46
36	60	26	1	75	0	81	49	35
36	39	26	14	75	5	70	46	35
37	14	19	67	15	57	1	42	45
37	14	36	67	81	9	60	42	31
37	14	26	67	93	11	62	42	30
37	14	18	67	30	29	11	42	40
37	14	5	67	68	5	23	42	32
37	14	39	67	56	14	16	42	42
37	14	38	67	71	8	48	42	35
37	19	36	15	81	2	76	45	31
37	19	26	15	93	4	76	45	30
37	19	18	15	30	3	23	45	40
37	19	5	15	68	3	39	45	32
37	19	39	15	56	3	61	45	42
37	19	38	15	71	0	72	45	35
37	36	26	81	93	32	27	31	30
37	36	18	81	30	83	2	31	40
37	36	5	81	68	60	14	31	32
37	36	39	81	56	73	14	31	42
37	36	38	81	71	61	24	31	35
37	26	18	93	30	73	3	30	40
37	26	5	93	68	50	10	30	32
37	26	39	93	56	56	15	30	42
37	26	38	93	71	46	28	30	35
37	18	5	30	68	13	54	40	32
37	18	39	30	56	6	49	40	42
37	18	38	30	71	3	64	40	35
37	5	39	68	56	41	7	32	42
37	5	38	68	71	36	15	32	35
37	39	38	56	71	12	52	42	35
38	51	39	93	99	11	69	34	32
38	51	37	93	74	35	11	34	34
38	51	36	93	87	12	20	34	33
38	51	30	93	83	63	16	34	37
38	51	17	93	74	61	14	34	42
38	51	53	93	19	61	5	34	44
38	51	27	93	62	55	18	34	43
38	51	28	93	99	19	22	34	36
38	39	37	99	74	66	12	32	34
38	39	36	99	87	64	23	32	33
38	39	30	99	83	67	11	32	37
38	39	17	99	74	71	26	32	42
38	39	53	99	19	89	2	32	44
38	39	27	99	62	75	5	32	43
38	39	28	99	99	60	12	32	36
38	37	36	74	87	14	53	34	33
38	37	30	74	83	44	24	34	37
38	37	17	74	74	55	31	34	42
38	37	53	74	19	65	5	34	44
38	37	27	74	62	50	18	34	43
38	37	28	74	99	19	42	34	36
38	36	30	87	83	44	22	33	37
38	36	17	87	74	62	11	33	42
38	36	53	87	19	80	2	33	44
38	36	27	87	62	48	4	33	43
38	36	28	87	99	22	18	33	36
38	30	17	83	74	36	12	37	42
38	30	53	83	19	75	4	37	44
38	30	27	83	62	58	18	37	43
38	30	28	83	99	16	64	37	36
38	17	53	74	19	73	7	42	44
38	17	27	74	62	56	11	42	43
38	17	28	74	99	13	72	42	36
38	53	27	19	62	5	38	44	43
38	53	28	19	99	1	91	44	36
38	27	28	62	99	7	68	43	36
39	37	38	65	100	14	59	39	31
39	37	17	65	88	6	62	39	36
39	37	36	65	32	45	6	39	46
39	38	17	100	88	68	27	31	36
39	38	36	100	32	79	7	31	46
39	17	36	88	32	72	4	36	46
40	53	54	64	100	16	70	37	18
40	53	55	64	99	5	72	37	18
40	53	48	64	6	64	1	37	47
40	53	57	64	83	20	58	37	42
40	53	58	64	90	14	62	37	30
40	53	84	64	0	69	0	37	65535
40	53	68	64	1	64	5	37	44
40	53	59	64	65	17	38	37	37
40	53	51	64	86	10	56	37	34
40	53	27	64	98	6	69	37	30
40	53	47	64	100	7	71	37	24
40	53	56	64	100	14	59	37	19
40	53	45	64	6	65	6	37	47
40	53	81	64	56	30	13	37	38
40	54	55	100	99	61	29	18	18
40	54	48	100	6	100	0	18	47
40	54	57	100	83	69	16	18	42
40	54	58	100	90	57	25	18	30
40	54	84	100	0	100	0	18	65535
40	54	68	100	1	100	0	18	44
40	54	59	100	65	83	6	18	37
40	54	51	100	86	63	28	18	34
40	54	27	100	98	58	28	18	30
40	54	47	100	100	60	34	18	24
40	54	56	100	100	57	25	18	19
40	54	45	100	6	84	2	18	47
40	54	81	100	56	71	11	18	38
40	55	48	99	6	100	0	18	47
40	55	57	99	83	60	22	18	42
40	55	58	99	90	68	18	18	30
40	55	84	99	0	100	0	18	65535
40	55	68	99	1	96	0	18	44
40	55	59	99	65	65	14	18	37
40	55	51	99	86	46	32	18	34
40	55	27	99	98	48	34	18	30
40	55	47	99	100	69	28	18	24
40	55	56	99	100	59	19	18	19
40	55	45	99	6	94	5	18	47
40	55	81	99	56	76	14	18	38
40	48	57	6	83	0	84	47	42
40	48	58	6	90	0	79	47	30
40	48	84	6	0	0	0	47	65535
40	48	68	6	1	0	2	47	44
40	48	59	6	65	0	40	47	37
40	48	51	6	86	0	82	47	34
40	48	27	6	98	0	97	47	30
40	48	47	6	100	0	100	47	24
40	48	56	6	100	0	100	47	19
40	48	45	6	6	0	0	47	47
40	48	81	6	56	0	46	47	38
40	57	58	83	90	35	43	42	30
40	57	84	83	0	85	0	42	65535
40	57	68	83	1	77	0	42	44
40	57	59	83	65	49	15	42	37
40	57	51	83	86	30	21	42	34
40	57	27	83	98	15	39	42	30
40	57	47	83	100	7	67	42	24
40	57	56	83	100	14	67	42	19
40	57	45	83	6	87	0	42	47
40	57	81	83	56	56	12	42	38
40	58	84	90	0	66	0	30	65535
40	58	68	90	1	69	2	30	44
40	58	59	90	65	49	6	30	37
40	58	51	90	86	44	34	30	34
40	58	27	90	98	44	40	30	30
40	58	47	90	100	24	70	30	24
40	58	56	90	100	25	58	30	19
40	58	45	90	6	81	0	30	47
40	58	81	90	56	57	20	30	38
40	84	68	0	1	0	2	65535	44
40	84	59	0	65	0	58	65535	37
40	84	51	0	86	0	79	65535	34
40	84	27	0	98	0	91	65535	30
40	84	47	0	100	0	100	65535	24
40	84	56	0	100	0	100	65535	19
40	84	45	0	6	0	0	65535	47
40	84	81	0	56	0	46	65535	38
40	68	59	1	65	0	38	44	37
40	68	51	1	86	0	74	44	34
40	68	27	1	98	0	97	44	30
40	68	47	1	100	0	95	44	24
40	68	56	1	100	0	99	44	19
40	68	45	1	6	0	5	44	47
40	68	81	1	56	0	54	44	38
40	59	51	65	86	17	55	37	34
40	59	27	65	98	6	67	37	30
40	59	47	65	100	20	62	37	24
40	59	56	65	100	15	63	37	19
40	59	45	65	6	70	3	37	47
40	59	81	65	56	43	11	37	38
40	51	27	86	98	19	46	34	30
40	51	47	86	100	18	67	34	24
40	51	56	86	100	27	67	34	19
40	51	45	86	6	71	2	34	47
40	51	81	86	56	47	13	34	38
40	27	47	98	100	33	54	30	24
40	27	56	98	100	24	68	30	19
40	27	45	98	6	97	0	30	47
40	27	81	98	56	71	10	30	38
40	47	56	100	100	28	30	24	19
40	47	45	100	6	99	0	24	47
40	47	81	100	56	69	11	24	38
40	56	45	100	6	100	0	19	47
40	56	81	100	56	67	11	19	38
40	45	81	6	56	0	64	47	38
45	55	32	81	11	71	3	37	45
45	55	34	81	88	45	19	37	37
45	55	31	81	26	76	0	37	46
45	55	48	81	96	20	60	37	29
45	55	47	81	70	27	38	37	36
45	55	56	81	71	42	12	37	37
45	55	58	81	49	69	8	37	41
45	55	54	81	79	20	46	37	36
45	32	34	11	88	1	79	45	37
45	32	31	11	26	3	2	45	46
45	32	48	11	96	3	90	45	29
45	32	47	11	70	9	47	45	36
45	32	56	11	71	4	66	45	37
45	32	58	11	49	17	14	45	41
45	32	54	11	79	3	73	45	36
45	34	31	88	26	68	0	37	46
45	34	48	88	96	14	61	37	29
45	34	47	88	70	27	36	37	36
45	34	56	88	71	19	17	37	37
45	34	58	88	49	26	9	37	41
45	34	54	88	79	13	61	37	36
45	31	48	26	96	5	74	46	29
45	31	47	26	70	1	55	46	36
45	31	56	26	71	2	66	46	37
45	31	58	26	49	2	50	46	41
45	31	54	26	79	0	76	46	36
45	48	47	96	70	67	19	29	36
45	48	56	96	71	63	15	29	37
45	48	58	96	49	72	13	29	41
45	48	54	96	79	60	17	29	36
45	47	56	70	71	33	22	36	37
45	47	58	70	49	44	22	36	41
45	47	54	70	79	19	48	36	36
45	56	58	71	49	36	13	37	41
45	56	54	71	79	23	67	37	36
45	58	54	49	79	20	52	41	36
46	51	30	71	76	17	22	43	43
46	51	84	71	16	48	2	43	44
46	51	53	71	85	15	51	43	37
46	51	57	71	80	21	47	43	43
46	30	84	76	16	57	0	43	44
46	30	53	76	85	19	45	43	37
46	30	57	76	80	14	58	43	43
46	84	53	16	85	7	72	44	37
46	84	57	16	80	4	80	44	43
46	53	57	85	80	25	45	37	43
47	27	48	65	79	9	48	39	35
47	27	54	65	100	16	68	39	21
47	27	45	65	68	22	44	39	37
47	27	58	65	100	7	63	39	16
47	27	59	65	16	21	2	39	45
47	27	51	65	42	33	16	39	44
47	27	55	65	100	21	62	39	19
47	27	40	65	100	18	64	39	22
47	27	56	65	93	10	68	39	25
47	48	54	79	100	16	75	35	21
47	48	45	79	68	48	22	35	37
47	48	58	79	100	15	61	35	16
47	48	59	79	16	69	6	35	45
47	48	51	79	42	57	8	35	44
47	48	55	79	100	23	58	35	19
47	48	40	79	100	21	69	35	22
47	48	56	79	93	11	66	35	25
47	54	45	100	68	63	15	21	37
47	54	58	100	100	26	30	21	16
47	54	59	100	16	78	8	21	45
47	54	51	100	42	71	8	21	44
47	54	55	100	100	30	41	21	19
47	54	40	100	100	70	22	21	22
47	54	56	100	93	69	20	21	25
47	45	58	68	100	8	70	37	16
47	45	59	68	16	46	15	37	45
47	45	51	68	42	46	6	37	44
47	45	55	68	100	18	64	37	19
47	45	40	68	100	12	69	37	22
47	45	56	68	93	20	60	37	25
47	58	59	100	16	70	11	16	45
47	58	51	100	42	69	17	16	44
47	58	55	100	100	32	40	16	19
47	58	40	100	100	62	24	16	22
47	58	56	100	93	64	23	16	25
47	59	51	16	42	8	17	45	44
47	59	55	16	100	16	72	45	19
47	59	40	16	100	10	76	45	22
47	59	56	16	93	8	68	45	25
47	51	55	42	100	10	75	44	19
47	51	40	42	100	14	79	44	22
47	51	56	42	93	8	69	44	25
47	55	40	100	100	62	29	19	22
47	55	56	100	93	65	23	19	25
47	40	56	100	93	62	19	22	25
48	60	45	76	93	15	65	36	25
48	60	54	76	54	60	13	36	46
48	60	40	76	47	59	9	36	45
48	60	31	76	61	55	15	36	43
48	60	33	76	16	65	4	36	46
48	60	47	76	86	13	59	36	31
48	60	32	76	6	60	12	36	45
48	45	54	93	54	63	10	25	46
48	45	40	93	47	69	13	25	45
48	45	31	93	61	70	7	25	43
48	45	33	93	16	91	2	25	46
48	45	47	93	86	57	24	25	31
48	45	32	93	6	98	0	25	45
48	54	40	54	47	18	5	46	45
48	54	31	54	61	11	55	46	43
48	54	33	54	16	36	3	46	46
48	54	47	54	86	8	53	46	31
48	54	32	54	6	41	1	46	45
48	40	31	47	61	3	80	45	43
48	40	33	47	16	0	12	45	46
48	40	47	47	86	1	84	45	31
48	40	32	47	6	0	0	45	45
48	31	33	61	16	66	0	43	46
48	31	47	61	86	12	65	43	31
48	31	32	61	6	76	0	43	45
48	33	47	16	86	0	85	46	31
48	33	32	16	6	0	0	46	45
48	47	32	86	6	84	0	31	45
51	78	55	63	79	16	50	43	41
51	78	84	63	71	14	49	43	41
51	78	38	63	90	10	62	43	34
51	78	54	63	94	8	73	43	34
51	78	46	63	75	12	19	43	43
51	78	68	63	92	20	61	43	33
51	78	53	63	96	3	75	43	19
51	78	57	63	89	10	66	43	40
51	78	27	63	44	5	17	43	43
51	78	77	63	80	8	44	43	45
51	78	30	63	78	10	54	43	37
51	78	58	63	53	25	25	43	42
51	78	56	63	100	5	72	43	21
51	78	47	63	56	27	13	43	46
51	78	40	63	80	6	68	43	35
51	55	84	79	71	26	20	41	41
51	55	38	79	90	9	56	41	34
51	55	54	79	94	20	60	41	34
51	55	46	79	75	33	18	41	43
51	55	68	79	92	10	70	41	33
51	55	53	79	96	16	68	41	19
51	55	57	79	89	22	69	41	40
51	55	27	79	44	65	17	41	43
51	55	77	79	80	50	17	41	45
51	55	30	79	78	17	43	41	37
51	55	58	79	53	49	12	41	42
51	55	56	79	100	19	67	41	21
51	55	47	79	56	40	13	41	46
51	55	40	79	80	23	53	41	35
51	84	38	71	90	8	77	41	34
51	84	54	71	94	8	67	41	34
51	84	46	71	75	24	27	41	43
51	84	68	71	92	7	66	41	33
51	84	53	71	96	20	55	41	19
51	84	57	71	89	14	54	41	40
51	84	27	71	44	47	11	41	43
51	84	77	71	80	27	30	41	45
51	84	30	71	78	8	49	41	37
51	84	58	71	53	58	9	41	42
51	84	56	71	100	13	74	41	21
51	84	47	71	56	28	14	41	46
51	84	40	71	80	19	52	41	35
51	38	54	90	94	13	63	34	34
51	38	46	90	75	62	7	34	43
51	38	68	90	92	15	11	34	33
51	38	53	90	96	27	58	34	19
51	38	57	90	89	23	50	34	40
51	38	27	90	44	63	5	34	43
51	38	77	90	80	68	13	34	45
51	38	30	90	78	52	22	34	37
51	38	58	90	53	74	10	34	42
51	38	56	90	100	6	79	34	21
51	38	47	90	56	64	10	34	46
51	38	40	90	80	21	13	34	35
51	54	46	94	75	66	13	34	43
51	54	68	94	92	65	11	34	33
51	54	53	94	96	19	73	34	19
51	54	57	94	89	49	22	34	40
51	54	27	94	44	78	11	34	43
51	54	77	94	80	68	8	34	45
51	54	30	94	78	62	8	34	37
51	54	58	94	53	83	7	34	42
51	54	56	94	100	20	72	34	21
51	54	47	94	56	72	14	34	46
51	54	40	94	80	73	12	34	35
51	46	68	75	92	9	65	43	33
51	46	53	75	96	23	58	43	19
51	46	57	75	89	14	65	43	40
51	46	27	75	44	27	22	43	43
51	46	77	75	80	19	19	43	45
51	46	30	75	78	13	59	43	37
51	46	58	75	53	36	11	43	42
51	46	56	75	100	11	75	43	21
51	46	47	75	56	14	39	43	46
51	46	40	75	80	14	60	43	35
51	68	53	92	96	21	67	33	19
51	68	57	92	89	17	60	33	40
51	68	27	92	44	65	4	33	43
51	68	77	92	80	57	23	33	45
51	68	30	92	78	66	9	33	37
51	68	58	92	53	80	8	33	42
51	68	56	92	100	9	74	33	21
51	68	47	92	56	67	7	33	46
51	68	40	92	80	35	15	33	35
51	53	57	96	89	49	23	19	40
51	53	27	96	44	75	10	19	43
51	53	77	96	80	61	28	19	45
51	53	30	96	78	60	18	19	37
51	53	58	96	53	71	8	19	42
51	53	56	96	100	63	17	19	21
51	53	47	96	56	73	8	19	46
51	53	40	96	80	72	21	19	35
51	57	27	89	44	67	4	40	43
51	57	77	89	80	48	22	40	45
51	57	30	89	78	54	16	40	37
51	57	58	89	53	63	17	40	42
51	57	56	89	100	10	67	40	21
51	57	47	89	56	63	6	40	46
51	57	40	89	80	52	25	40	35
51	27	77	44	80	3	17	43	45
51	27	30	44	78	16	58	43	37
51	27	58	44	53	21	25	43	42
51	27	56	44	100	15	73	43	21
51	27	47	44	56	25	25	43	46
51	27	40	44	80	18	57	43	35
51	77	30	80	78	15	54	45	37
51	77	58	80	53	32	22	45	42
51	77	56	80	100	10	75	45	21
51	77	47	80	56	63	2	45	46
51	77	40	80	80	12	59	45	35
51	30	58	78	53	62	14	37	42
51	30	56	78	100	26	63	37	21
51	30	47	78	56	59	4	37	46
51	30	40	78	80	16	57	37	35
51	58	56	53	100	12	73	42	21
51	58	47	53	56	25	12	42	46
51	58	40	53	80	11	74	42	35
51	56	47	100	56	70	20	21	46
51	56	40	100	80	67	19	21	35
51	47	40	56	80	14	63	46	35
53	46	68	77	80	14	18	39	38
53	46	30	77	78	24	38	39	34
53	46	77	77	69	48	23	39	45
53	46	57	77	99	30	56	39	25
53	46	38	77	14	69	2	39	45
53	46	51	77	100	21	68	39	21
53	46	84	77	32	77	1	39	40
53	46	54	77	78	17	49	39	40
53	46	40	77	70	17	12	39	38
53	46	81	77	77	10	9	39	36
53	68	30	80	78	18	48	38	34
53	68	77	80	69	32	21	38	45
53	68	57	80	99	4	79	38	25
53	68	38	80	14	67	4	38	45
53	68	51	80	100	12	68	38	21
53	68	84	80	32	90	1	38	40
53	68	54	80	78	17	44	38	40
53	68	40	80	70	36	18	38	38
53	68	81	80	77	36	30	38	36
53	30	77	78	69	57	13	34	45
53	30	57	78	99	16	81	34	25
53	30	38	78	14	74	4	34	45
53	30	51	78	100	14	69	34	21
53	30	84	78	32	74	0	34	40
53	30	54	78	78	36	19	34	40
53	30	40	78	70	40	8	34	38
53	30	81	78	77	45	8	34	36
53	77	57	69	99	15	65	45	25
53	77	38	69	14	72	0	45	45
53	77	51	69	100	11	75	45	21
53	77	84	69	32	77	0	45	40
53	77	54	69	78	23	52	45	40
53	77	40	69	70	7	66	45	38
53	77	81	69	77	0	73	45	36
53	57	38	99	14	89	3	25	45
53	57	51	99	100	71	19	25	21
53	57	84	99	32	98	0	25	40
53	57	54	99	78	51	20	25	40
53	57	40	99	70	64	23	25	38
53	57	81	99	77	76	15	25	36
53	38	51	14	100	6	81	45	21
53	38	84	14	32	17	18	45	40
53	38	54	14	78	6	65	45	40
53	38	40	14	70	4	64	45	38
53	38	81	14	77	4	67	45	36
53	51	84	100	32	99	0	21	40
53	51	54	100	78	76	22	21	40
53	51	40	100	70	67	15	21	38
53	51	81	100	77	79	13	21	36
53	84	54	32	78	0	78	40	40
53	84	40	32	70	0	81	40	38
53	84	81	32	77	0	82	40	36
53	54	40	78	70	46	14	40	38
53	54	81	78	77	45	28	40	36
53	40	81	70	77	24	24	38	36
54	55	57	95	89	67	14	25	41
54	55	47	95	100	23	65	25	20
54	55	51	95	100	56	25	25	31
54	55	45	95	86	68	23	25	35
54	55	53	95	70	63	6	25	35
54	55	48	95	50	68	14	25	46
54	55	27	95	65	61	19	25	38
54	55	58	95	100	36	47	25	21
54	55	40	95	100	28	49	25	16
54	55	81	95	62	76	16	25	36
54	55	56	95	99	27	60	25	9
54	57	47	89	100	13	61	41	20
54	57	51	89	100	30	51	41	31
54	57	45	89	86	16	48	41	35
54	57	53	89	70	51	18	41	35
54	57	48	89	50	74	15	41	46
54	57	27	89	65	65	19	41	38
54	57	58	89	100	10	67	41	21
54	57	40	89	100	21	62	41	16
54	57	81	89	62	59	19	41	36
54	57	56	89	99	8	61	41	9
54	47	51	100	100	53	28	20	31
54	47	45	100	86	53	32	20	35
54	47	53	100	70	56	3	20	35
54	47	48	100	50	93	3	20	46
54	47	27	100	65	53	17	20	38
54	47	58	100	100	63	21	20	21
54	47	40	100	100	34	55	20	16
54	47	81	100	62	66	17	20	36
54	47	56	100	99	33	53	20	9
54	51	45	100	86	44	13	31	35
54	51	53	100	70	64	23	31	35
54	51	48	100	50	99	0	31	46
54	51	27	100	65	57	19	31	38
54	51	58	100	100	17	66	31	21
54	51	40	100	100	25	58	31	16
54	51	81	100	62	66	8	31	36
54	51	56	100	99	20	67	31	9
54	45	53	86	70	57	19	35	35
54	45	48	86	50	89	0	35	46
54	45	27	86	65	66	17	35	38
54	45	58	86	100	19	56	35	21
54	45	40	86	100	28	57	35	16
54	45	81	86	62	60	17	35	36
54	45	56	86	99	35	49	35	9
54	53	48	70	50	82	0	35	46
54	53	27	70	65	57	14	35	38
54	53	58	70	100	11	64	35	21
54	53	40	70	100	21	63	35	16
54	53	81	70	62	26	27	35	36
54	53	56	70	99	13	65	35	9
54	48	27	50	65	0	79	46	38
54	48	58	50	100	0	100	46	21
54	48	40	50	100	0	100	46	16
54	48	81	50	62	0	64	46	36
54	48	56	50	99	0	100	46	9
54	27	58	65	100	17	73	38	21
54	27	40	65	100	20	56	38	16
54	27	81	65	62	16	44	38	36
54	27	56	65	99	14	69	38	9
54	58	40	100	100	29	52	21	16
54	58	81	100	62	72	9	21	36
54	58	56	100	99	19	70	21	9
54	40	81	100	62	64	21	16	36
54	40	56	100	99	29	46	16	9
54	81	56	62	99	13	79	36	9
55	56	40	67	100	18	72	39	17
55	56	54	67	100	15	67	39	26
55	56	27	67	97	15	66	39	35
55	56	57	67	56	34	16	39	48
55	56	47	67	100	15	67	39	19
55	56	81	67	37	39	7	39	42
55	56	51	67	68	20	22	39	42
55	56	48	67	8	66	0	39	47
55	56	59	67	70	21	48	39	40
55	56	45	67	79	13	66	39	38
55	56	58	67	99	17	69	39	22
55	40	54	100	100	50	29	17	26
55	40	27	100	97	70	21	17	35
55	40	57	100	56	84	7	17	48
55	40	47	100	100	26	38	17	19
55	40	81	100	37	78	16	17	42
55	40	51	100	68	61	16	17	42
55	40	48	100	8	100	0	17	47
55	40	59	100	70	71	20	17	40
55	40	45	100	79	66	13	17	38
55	40	58	100	99	66	25	17	22
55	54	27	100	97	63	24	26	35
55	54	57	100	56	81	9	26	48
55	54	47	100	100	24	61	26	19
55	54	81	100	37	76	10	26	42
55	54	51	100	68	55	20	26	42
55	54	48	100	8	100	0	26	47
55	54	59	100	70	61	21	26	40
55	54	45	100	79	57	20	26	38
55	54	58	100	99	61	27	26	22
55	27	57	97	56	83	4	35	48
55	27	47	97	100	29	56	35	19
55	27	81	97	37	72	10	35	42
55	27	51	97	68	62	19	35	42
55	27	48	97	8	95	0	35	47
55	27	59	97	70	57	12	35	40
55	27	45	97	79	22	22	35	38
55	27	58	97	99	13	68	35	22
55	57	47	56	100	7	78	48	19
55	57	81	56	37	20	27	48	42
55	57	51	56	68	9	35	48	42
55	57	48	56	8	47	0	48	47
55	57	59	56	70	15	36	48	40
55	57	45	56	79	6	60	48	38
55	57	58	56	99	7	76	48	22
55	47	81	100	37	80	7	19	42
55	47	51	100	68	64	18	19	42
55	47	48	100	8	100	0	19	47
55	47	59	100	70	67	10	19	40
55	47	45	100	79	50	23	19	38
55	47	58	100	99	59	30	19	22
55	81	51	37	68	9	51	42	42
55	81	48	37	8	52	2	42	47
55	81	59	37	70	9	59	42	40
55	81	45	37	79	6	62	42	38
55	81	58	37	99	6	77	42	22
55	51	48	68	8	70	3	42	47
55	51	59	68	70	18	54	42	40
55	51	45	68	79	16	59	42	38
55	51	58	68	99	23	55	42	22
55	48	59	8	70	0	71	47	40
55	48	45	8	79	0	79	47	38
55	48	58	8	99	0	98	47	22
55	59	45	70	79	23	39	40	38
55	59	58	70	99	19	61	40	22
55	45	58	79	99	23	59	38	22
56	58	45	61	85	24	37	37	40
56	58	47	61	97	22	52	37	30
56	58	27	61	100	13	44	37	33
56	58	59	61	60	46	12	37	43
56	58	40	61	100	22	53	37	22
56	58	81	61	45	62	2	37	42
56	58	84	61	84	23	23	37	39
56	58	55	61	56	41	23	37	42
56	58	30	61	26	57	21	37	46
56	58	54	61	100	20	75	37	17
56	58	51	61	99	24	61	37	22
56	45	47	85	97	19	66	40	30
56	45	27	85	100	26	39	40	33
56	45	59	85	60	52	12	40	43
56	45	40	85	100	14	66	40	22
56	45	81	85	45	58	7	40	42
56	45	84	85	84	27	15	40	39
56	45	55	85	56	70	10	40	42
56	45	30	85	26	60	14	40	46
56	45	54	85	100	22	68	40	17
56	45	51	85	99	12	66	40	22
56	47	27	97	100	61	34	30	33
56	47	59	97	60	72	15	30	43
56	47	40	97	100	20	66	30	22
56	47	81	97	45	79	10	30	42
56	47	84	97	84	69	17	30	39
56	47	55	97	56	75	3	30	42
56	47	30	97	26	80	4	30	46
56	47	54	97	100	19	68	30	17
56	47	51	97	99	20	66	30	22
56	27	59	100	60	81	8	33	43
56	27	40	100	100	4	97	33	22
56	27	81	100	45	71	10	33	42
56	27	84	100	84	70	6	33	39
56	27	55	100	56	99	0	33	42
56	27	30	100	26	75	9	33	46
56	27	54	100	100	23	71	33	17
56	27	51	100	99	20	68	33	22
56	59	40	60	100	21	65	43	22
56	59	81	60	45	34	17	43	42
56	59	84	60	84	21	47	43	39
56	59	55	60	56	55	13	43	42
56	59	30	60	26	66	7	43	46
56	59	54	60	100	12	70	43	17
56	59	51	60	99	10	70	43	22
56	40	81	100	45	72	18	22	42
56	40	84	100	84	68	15	22	39
56	40	55	100	56	76	10	22	42
56	40	30	100	26	86	5	22	46
56	40	54	100	100	31	50	22	17
56	40	51	100	99	36	31	22	22
56	81	84	45	84	11	56	42	39
56	81	55	45	56	46	7	42	42
56	81	30	45	26	26	7	42	46
56	81	54	45	100	12	74	42	17
56	81	51	45	99	10	82	42	22
56	84	55	84	56	72	2	39	42
56	84	30	84	26	61	6	39	46
56	84	54	84	100	11	69	39	17
56	84	51	84	99	23	71	39	22
56	55	30	56	26	2	23	42	46
56	55	54	56	100	0	96	42	17
56	55	51	56	99	0	95	42	22
56	30	54	26	100	2	90	46	17
56	30	51	26	99	9	71	46	22
56	54	51	100	99	56	25	17	22
57	46	40	53	84	20	33	35	35
57	46	81	53	94	7	65	35	24
57	46	53	53	100	7	86	35	16
57	46	51	53	85	8	56	35	32
57	46	84	53	69	39	20	35	40
57	46	30	53	15	37	11	35	42
57	46	54	53	68	56	3	35	38
57	46	55	53	38	51	4	35	39
57	40	81	84	94	18	60	35	24
57	40	53	84	100	8	78	35	16
57	40	51	84	85	18	60	35	32
57	40	84	84	69	25	19	35	40
57	40	30	84	15	49	12	35	42
57	40	54	84	68	23	37	35	38
57	40	55	84	38	41	12	35	39
57	81	53	94	100	27	69	24	16
57	81	51	94	85	48	27	24	32
57	81	84	94	69	60	18	24	40
57	81	30	94	15	73	1	24	42
57	81	54	94	68	63	11	24	38
57	81	55	94	38	73	7	24	39
57	53	51	100	85	69	19	16	32
57	53	84	100	69	70	12	16	40
57	53	30	100	15	83	6	16	42
57	53	54	100	68	79	14	16	38
57	53	55	100	38	82	6	16	39
57	51	84	85	69	49	18	32	40
57	51	30	85	15	66	7	32	42
57	51	54	85	68	50	15	32	38
57	51	55	85	38	72	1	32	39
57	84	30	69	15	16	4	40	42
57	84	54	69	68	16	55	40	38
57	84	55	69	38	52	0	40	39
57	30	54	15	68	10	1	42	38
57	30	55	15	38	7	37	42	39
57	54	55	68	38	49	8	38	39
58	40	47	98	97	24	72	25	21
58	40	55	98	75	70	17	25	34
58	40	59	98	81	71	19	25	31
58	40	54	98	100	59	22	25	30
58	40	56	98	8	75	19	25	41
58	40	51	98	19	76	7	25	41
58	47	55	97	75	71	18	21	34
58	47	59	97	81	65	18	21	31
58	47	54	97	100	67	21	21	30
58	47	56	97	8	61	15	21	41
58	47	51	97	19	65	9	21	41
58	55	59	75	81	67	20	34	31
58	55	54	75	100	42	29	34	30
58	55	56	75	8	76	13	34	41
58	55	51	75	19	53	14	34	41
58	59	54	81	100	39	29	31	30
58	59	56	81	8	71	4	31	41
58	59	51	81	19	67	7	31	41
58	54	56	100	8	69	3	30	41
58	54	51	100	19	87	3	30	41
58	56	51	8	19	27	13	41	41
59	56	47	12	14	0	6	41	35
59	56	55	12	54	1	54	41	35
59	56	45	12	2	1	0	41	45
59	56	58	12	88	2	38	41	29
59	56	54	12	1	0	0	41	47
59	47	55	14	54	4	8	35	35
59	47	45	14	2	6	0	35	45
59	47	58	14	88	2	62	35	29
59	47	54	14	1	17	0	35	47
59	55	45	54	2	15	0	35	45
59	55	58	54	88	9	38	35	29
59	55	54	54	1	39	0	35	47
59	45	58	2	88	0	48	45	29
59	45	54	2	1	0	0	45	47
59	58	54	88	1	64	0	29	47
60	36	35	0	0	0	0	65535	65535
63	77	78	41	68	33	19	47	43
63	77	76	41	0	92	0	47	65535
63	77	64	41	86	9	69	47	35
63	77	8	41	74	30	17	47	41
63	77	72	41	9	91	0	47	47
63	77	69	41	58	43	10	47	47
63	77	68	41	92	26	34	47	40
63	78	76	68	0	54	0	43	65535
63	78	64	68	86	5	67	43	35
63	78	8	68	74	9	18	43	41
63	78	72	68	9	39	5	43	47
63	78	69	68	58	19	29	43	47
63	78	68	68	92	33	16	43	40
63	76	64	0	86	1	83	65535	35
63	76	8	0	74	1	78	65535	41
63	76	72	0	9	0	10	65535	47
63	76	69	0	58	0	60	65535	47
63	76	68	0	92	0	93	65535	40
63	64	8	86	74	68	18	35	41
63	64	72	86	9	94	0	35	47
63	64	69	86	58	72	7	35	47
63	64	68	86	92	62	17	35	40
63	8	72	74	9	61	5	41	47
63	8	69	74	58	24	15	41	47
63	8	68	74	92	44	14	41	40
63	72	69	9	58	0	70	47	47
63	72	68	9	92	0	8	47	40
63	69	68	58	92	71	0	47	40
64	1	66	64	55	53	7	38	43
64	1	63	64	85	8	53	38	38
64	1	80	64	0	61	0	38	65535
64	66	63	55	85	5	72	43	38
64	66	80	55	0	43	0	43	65535
64	63	80	85	0	85	0	38	65535
65	85	73	89	91	24	69	39	28
65	85	82	89	97	30	56	39	28
65	73	82	91	97	26	63	28	28
66	3	64	75	60	55	13	41	41
66	3	14	75	74	22	36	41	36
66	3	16	75	81	22	26	41	38
66	3	60	75	3	68	0	41	40
66	3	80	75	55	51	13	41	44
66	3	15	75	71	37	20	41	41
66	3	18	75	56	53	17	41	41
66	3	5	75	25	49	4	41	42
66	3	11	75	8	62	0	41	47
66	64	14	60	74	20	50	41	36
66	64	16	60	81	8	52	41	38
66	64	60	60	3	64	5	41	40
66	64	80	60	55	23	20	41	44
66	64	15	60	71	16	19	41	41
66	64	18	60	56	11	17	41	41
66	64	5	60	25	48	7	41	42
66	64	11	60	8	38	4	41	47
66	14	16	74	81	39	26	36	38
66	14	60	74	3	68	1	36	40
66	14	80	74	55	55	8	36	44
66	14	15	74	71	45	12	36	41
66	14	18	74	56	37	19	36	41
66	14	5	74	25	64	8	36	42
66	14	11	74	8	51	4	36	47
66	16	60	81	3	69	3	38	40
66	16	80	81	55	53	6	38	44
66	16	15	81	71	59	16	38	41
66	16	18	81	56	50	17	38	41
66	16	5	81	25	61	1	38	42
66	16	11	81	8	58	3	38	47
66	60	80	3	55	5	60	40	44
66	60	15	3	71	4	62	40	41
66	60	18	3	56	3	65	40	41
66	60	5	3	25	4	13	40	42
66	60	11	3	8	3	7	40	47
66	80	15	55	71	8	16	44	41
66	80	18	55	56	9	6	44	41
66	80	5	55	25	15	8	44	42
66	80	11	55	8	23	3	44	47
66	15	18	71	56	9	8	41	41
66	15	5	71	25	30	6	41	42
66	15	11	71	8	27	2	41	47
66	18	5	56	25	21	3	41	42
66	18	11	56	8	31	3	41	47
66	5	11	25	8	12	4	42	47
67	9	10	73	78	43	20	21	36
67	9	72	73	78	43	30	21	33
67	9	4	73	79	46	25	21	31
67	9	74	73	1	66	0	21	48
67	9	8	73	81	45	26	21	38
67	9	70	73	2	70	0	21	47
67	10	72	78	78	14	48	36	33
67	10	4	78	79	20	55	36	31
67	10	74	78	1	81	0	36	48
67	10	8	78	81	28	24	36	38
67	10	70	78	2	71	0	36	47
67	72	4	78	79	41	12	33	31
67	72	74	78	1	77	1	33	48
67	72	8	78	81	50	17	33	38
67	72	70	78	2	77	0	33	47
67	4	74	79	1	81	0	31	48
67	4	8	79	81	49	17	31	38
67	4	70	79	2	75	1	31	47
67	74	8	1	81	0	79	48	38
67	74	70	1	2	1	3	48	47
67	8	70	81	2	74	1	38	47
68	53	81	74	97	24	57	39	35
68	53	51	74	97	25	54	39	35
68	53	76	74	99	6	71	39	33
68	53	57	74	0	75	3	39	65535
68	53	77	74	99	21	56	39	15
68	53	79	74	100	9	71	39	34
68	53	72	74	83	12	61	39	36
68	53	78	74	78	21	64	39	19
68	53	63	74	93	34	26	39	45
68	53	69	74	100	8	74	39	33
68	53	75	74	99	2	85	39	19
68	53	56	74	0	27	2	39	65535
68	81	51	97	97	33	25	35	35
68	81	76	97	99	23	63	35	33
68	81	57	97	0	83	1	35	65535
68	81	77	97	99	21	56	35	15
68	81	79	97	100	38	30	35	34
68	81	72	97	83	24	46	35	36
68	81	78	97	78	26	53	35	19
68	81	63	97	93	33	25	35	45
68	81	69	97	100	28	49	35	33
68	81	75	97	99	25	70	35	19
68	81	56	97	0	62	0	35	65535
68	51	76	97	99	4	88	35	33
68	51	57	97	0	72	4	35	65535
68	51	77	97	99	22	77	35	15
68	51	79	97	100	14	70	35	34
68	51	72	97	83	21	61	35	36
68	51	78	97	78	7	84	35	19
68	51	63	97	93	5	45	35	45
68	51	69	97	100	0	86	35	33
68	51	75	97	99	8	71	35	19
68	51	56	97	0	71	5	35	65535
68	76	57	99	0	85	0	33	65535
68	76	77	99	99	25	60	33	15
68	76	79	99	100	59	23	33	34
68	76	72	99	83	63	16	33	36
68	76	78	99	78	34	66	33	19
68	76	63	99	93	62	21	33	45
68	76	69	99	100	61	29	33	33
68	76	75	99	99	18	68	33	19
68	76	56	99	0	96	0	33	65535
68	57	77	0	99	5	90	65535	15
68	57	79	0	100	4	81	65535	34
68	57	72	0	83	2	87	65535	36
68	57	78	0	78	0	90	65535	19
68	57	63	0	93	0	95	65535	45
68	57	69	0	100	0	99	65535	33
68	57	75	0	99	0	100	65535	19
68	57	56	0	0	2	0	65535	65535
68	77	79	99	100	74	18	15	34
68	77	72	99	83	71	22	15	36
68	77	78	99	78	65	20	15	19
68	77	63	99	93	75	16	15	45
68	77	69	99	100	76	25	15	33
68	77	75	99	99	53	33	15	19
68	77	56	99	0	98	0	15	65535
68	79	72	100	83	33	41	34	36
68	79	78	100	78	35	55	34	19
68	79	63	100	93	56	18	34	45
68	79	69	100	100	24	51	34	33
68	79	75	100	99	25	67	34	19
68	79	56	100	0	90	1	34	65535
68	72	78	83	78	25	57	36	19
68	72	63	83	93	59	31	36	45
68	72	69	83	100	15	56	36	33
68	72	75	83	99	18	55	36	19
68	72	56	83	0	80	0	36	65535
68	78	63	78	93	61	24	19	45
68	78	69	78	100	56	33	19	33
68	78	75	78	99	18	68	19	19
68	78	56	78	0	86	0	19	65535
68	63	69	93	100	25	54	45	33
68	63	75	93	99	0	94	45	19
68	63	56	93	0	68	0	45	65535
68	69	75	100	99	23	63	33	19
68	69	56	100	0	99	0	33	65535
68	75	56	99	0	99	0	19	65535
69	132	75	41	90	7	63	43	33
69	132	76	41	100	11	80	43	15
69	132	77	41	77	35	20	43	42
69	132	80	41	65	25	29	43	43
69	132	68	41	84	8	67	43	29
69	132	81	41	80	12	33	43	34
69	132	78	41	86	18	60	43	30
69	132	136	41	0	56	0	43	65535
69	132	63	41	22	47	9	43	48
69	132	79	41	2	57	0	43	46
69	75	76	90	100	30	60	33	15
69	75	77	90	77	79	6	33	42
69	75	80	90	65	69	10	33	43
69	75	68	90	84	27	35	33	29
69	75	81	90	80	62	19	33	34
69	75	78	90	86	27	67	33	30
69	75	136	90	0	83	2	33	65535
69	75	63	90	22	74	13	33	48
69	75	79	90	2	85	3	33	46
69	76	77	100	77	100	0	15	42
69	76	80	100	65	53	19	15	43
69	76	68	100	84	70	20	15	29
69	76	81	100	80	62	22	15	34
69	76	78	100	86	54	24	15	30
69	76	136	100	0	100	0	15	65535
69	76	63	100	22	82	1	15	48
69	76	79	100	2	73	10	15	46
69	77	80	77	65	5	60	42	43
69	77	68	77	84	10	70	42	29
69	77	81	77	80	5	65	42	34
69	77	78	77	86	2	75	42	30
69	77	136	77	0	30	1	42	65535
69	77	63	77	22	38	2	42	48
69	77	79	77	2	45	0	42	46
69	80	68	65	84	8	70	43	29
69	80	81	65	80	15	43	43	34
69	80	78	65	86	14	55	43	30
69	80	136	65	0	71	0	43	65535
69	80	63	65	22	65	4	43	48
69	80	79	65	2	63	1	43	46
69	68	81	84	80	66	20	29	34
69	68	78	84	86	34	43	29	30
69	68	136	84	0	100	0	29	65535
69	68	63	84	22	74	5	29	48
69	68	79	84	2	97	0	29	46
69	81	78	80	86	29	61	34	30
69	81	136	80	0	76	1	34	65535
69	81	63	80	22	70	1	34	48
69	81	79	80	2	65	8	34	46
69	78	136	86	0	81	0	30	65535
69	78	63	86	22	74	2	30	48
69	78	79	86	2	80	0	30	46
69	136	63	0	22	0	7	65535	48
69	136	79	0	2	0	0	65535	46
69	63	79	22	2	5	1	48	46
70	73	72	82	89	15	64	40	28
70	73	78	82	78	24	62	40	32
70	73	85	82	93	24	72	40	37
70	73	71	82	81	53	7	40	44
70	73	76	82	0	81	0	40	65535
70	73	67	82	5	75	0	40	48
70	72	78	89	78	51	24	28	32
70	72	85	89	93	53	30	28	37
70	72	71	89	81	36	28	28	44
70	72	76	89	0	88	0	28	65535
70	72	67	89	5	76	1	28	48
70	78	85	78	93	16	30	32	37
70	78	71	78	81	55	24	32	44
70	78	76	78	0	85	0	32	65535
70	78	67	78	5	72	1	32	48
70	85	71	93	81	66	15	37	44
70	85	76	93	0	94	0	37	65535
70	85	67	93	5	91	1	37	48
70	71	76	81	0	83	0	44	65535
70	71	67	81	5	71	1	44	48
70	76	67	0	5	0	4	65535	48
71	70	78	80	81	35	45	44	36
71	70	72	80	88	27	61	44	37
71	70	74	80	65	35	16	44	45
71	78	72	81	88	23	24	36	37
71	78	74	81	65	49	10	36	45
71	72	74	88	65	72	2	37	45
72	75	77	66	34	54	12	43	44
72	75	81	66	44	35	15	43	42
72	75	78	66	73	25	50	43	31
72	75	71	66	88	15	59	43	37
72	75	69	66	0	84	0	43	65535
72	75	70	66	89	12	57	43	28
72	75	85	66	73	21	14	43	45
72	75	9	66	66	53	13	43	44
72	75	67	66	87	17	53	43	38
72	75	76	66	62	27	22	43	45
72	75	68	66	85	22	53	43	33
72	75	63	66	14	57	8	43	48
72	75	66	66	40	76	0	43	44
72	77	81	34	44	22	24	44	42
72	77	78	34	73	24	45	44	31
72	77	71	34	88	9	64	44	37
72	77	69	34	0	75	0	44	65535
72	77	70	34	89	0	63	44	28
72	77	85	34	73	12	33	44	45
72	77	9	34	66	41	12	44	44
72	77	67	34	87	19	69	44	38
72	77	76	34	62	38	20	44	45
72	77	68	34	85	20	62	44	33
72	77	63	34	14	55	15	44	48
72	77	66	34	40	83	0	44	44
72	81	78	44	73	21	52	42	31
72	81	71	44	88	6	74	42	37
72	81	69	44	0	62	0	42	65535
72	81	70	44	89	2	64	42	28
72	81	85	44	73	12	46	42	45
72	81	9	44	66	5	47	42	44
72	81	67	44	87	3	75	42	38
72	81	76	44	62	2	33	42	45
72	81	68	44	85	4	72	42	33
72	81	63	44	14	19	24	42	48
72	81	66	44	40	65	1	42	44
72	78	71	73	88	42	29	31	37
72	78	69	73	0	73	0	31	65535
72	78	70	73	89	21	50	31	28
72	78	85	73	73	53	9	31	45
72	78	9	73	66	49	12	31	44
72	78	67	73	87	20	19	31	38
72	78	76	73	62	51	14	31	45
72	78	68	73	85	54	24	31	33
72	78	63	73	14	51	16	31	48
72	78	66	73	40	71	0	31	44
72	71	69	88	0	82	0	37	65535
72	71	70	88	89	2	74	37	28
72	71	85	88	73	62	7	37	45
72	71	9	88	66	64	6	37	44
72	71	67	88	87	26	53	37	38
72	71	76	88	62	60	2	37	45
72	71	68	88	85	11	45	37	33
72	71	63	88	14	58	5	37	48
72	71	66	88	40	79	0	37	44
72	69	70	0	89	0	81	65535	28
72	69	85	0	73	0	70	65535	45
72	69	9	0	66	0	57	65535	44
72	69	67	0	87	0	76	65535	38
72	69	76	0	62	0	34	65535	45
72	69	68	0	85	0	77	65535	33
72	69	63	0	14	0	48	65535	48
72	69	66	0	40	0	0	65535	44
72	70	85	89	73	61	17	28	45
72	70	9	89	66	62	4	28	44
72	70	67	89	87	63	15	28	38
72	70	76	89	62	64	2	28	45
72	70	68	89	85	58	10	28	33
72	70	63	89	14	60	6	28	48
72	70	66	89	40	80	0	28	44
72	85	9	73	66	21	12	45	44
72	85	67	73	87	10	54	45	38
72	85	76	73	62	19	24	45	45
72	85	68	73	85	6	58	45	33
72	85	63	73	14	34	11	45	48
72	85	66	73	40	55	0	45	44
72	9	67	66	87	19	44	44	38
72	9	76	66	62	22	25	44	45
72	9	68	66	85	10	57	44	33
72	9	63	66	14	15	12	44	48
72	9	66	66	40	42	0	44	44
72	67	76	87	62	66	11	38	45
72	67	68	87	85	51	20	38	33
72	67	63	87	14	63	8	38	48
72	67	66	87	40	72	0	38	44
72	76	68	62	85	11	58	45	33
72	76	63	62	14	38	10	45	48
72	76	66	62	40	54	0	45	44
72	68	63	85	14	56	8	33	48
72	68	66	85	40	81	0	33	44
72	63	66	14	40	50	0	48	44
73	70	82	64	91	10	69	44	35
73	70	65	64	97	7	71	44	26
73	70	133	64	39	36	16	44	45
73	70	85	64	95	25	59	44	26
73	82	65	91	97	26	61	35	26
73	82	133	91	39	81	6	35	45
73	82	85	91	95	25	55	35	26
73	65	133	97	39	76	7	26	45
73	65	85	97	95	22	57	26	26
73	133	85	39	95	2	79	45	26
74	67	0	9	0	0	0	47	65535
75	79	68	96	100	19	70	23	15
75	79	72	96	66	83	7	23	40
75	79	77	96	100	24	49	23	23
75	79	78	96	59	69	15	23	38
75	79	69	96	86	58	22	23	33
75	79	76	96	92	57	22	23	33
75	79	80	96	75	80	6	23	44
75	68	72	100	66	70	20	15	40
75	68	77	100	100	53	29	15	23
75	68	78	100	59	98	0	15	38
75	68	69	100	86	75	14	15	33
75	68	76	100	92	59	25	15	33
75	68	80	100	75	73	7	15	44
75	72	77	66	100	13	74	40	23
75	72	78	66	59	56	6	40	38
75	72	69	66	86	18	70	40	33
75	72	76	66	92	23	72	40	33
75	72	80	66	75	36	17	40	44
75	77	78	100	59	77	12	23	38
75	77	69	100	86	61	27	23	33
75	77	76	100	92	65	28	23	33
75	77	80	100	75	73	6	23	44
75	78	69	59	86	17	61	38	33
75	78	76	59	92	14	70	38	33
75	78	80	59	75	53	26	38	44
75	69	76	86	92	22	60	33	33
75	69	80	86	75	63	21	33	44
75	76	80	92	75	69	19	33	44
76	132	77	13	100	2	75	44	35
76	132	68	13	98	6	84	44	28
76	132	78	13	86	7	71	44	25
76	132	75	13	97	2	70	44	29
76	132	79	13	90	5	81	44	35
76	132	80	13	92	9	46	44	36
76	132	81	13	95	5	75	44	26
76	132	63	13	26	8	12	44	45
76	132	69	13	100	11	59	44	11
76	132	72	13	21	9	15	44	43
76	77	68	100	98	32	48	35	28
76	77	78	100	86	34	45	35	25
76	77	75	100	97	29	54	35	29
76	77	79	100	90	58	17	35	35
76	77	80	100	92	67	6	35	36
76	77	81	100	95	34	32	35	26
76	77	63	100	26	60	7	35	45
76	77	69	100	100	32	56	35	11
76	77	72	100	21	83	1	35	43
76	68	78	98	86	26	30	28	25
76	68	75	98	97	32	34	28	29
76	68	79	98	90	58	23	28	35
76	68	80	98	92	58	10	28	36
76	68	81	98	95	24	61	28	26
76	68	63	98	26	61	15	28	45
76	68	69	98	100	19	68	28	11
76	68	72	98	21	75	0	28	43
76	78	75	86	97	34	42	25	29
76	78	79	86	90	52	30	25	35
76	78	80	86	92	54	29	25	36
76	78	81	86	95	25	44	25	26
76	78	63	86	26	55	14	25	45
76	78	69	86	100	16	80	25	11
76	78	72	86	21	61	1	25	43
76	75	79	97	90	58	18	29	35
76	75	80	97	92	57	25	29	36
76	75	81	97	95	27	32	29	26
76	75	63	97	26	74	6	29	45
76	75	69	97	100	26	62	29	11
76	75	72	97	21	80	3	29	43
76	79	80	90	92	21	10	35	36
76	79	81	90	95	22	72	35	26
76	79	63	90	26	66	4	35	45
76	79	69	90	100	27	67	35	11
76	79	72	90	21	82	0	35	43
76	80	81	92	95	11	66	36	26
76	80	63	92	26	66	8	36	45
76	80	69	92	100	19	62	36	11
76	80	72	92	21	80	1	36	43
76	81	63	95	26	76	5	26	45
76	81	69	95	100	27	56	26	11
76	81	72	95	21	76	1	26	43
76	63	69	26	100	13	69	45	11
76	63	72	26	21	20	6	45	43
76	69	72	100	21	83	2	11	43
77	75	81	95	86	54	38	24	31
77	75	76	95	100	61	24	24	33
77	75	51	95	45	71	12	24	45
77	75	69	95	78	66	15	24	42
77	75	68	95	100	23	62	24	13
77	75	78	95	86	59	24	24	22
77	75	72	95	50	59	32	24	45
77	75	53	95	76	82	13	24	41
77	75	63	95	69	67	17	24	47
77	81	76	86	100	25	62	31	33
77	81	51	86	45	64	16	31	45
77	81	69	86	78	60	20	31	42
77	81	68	86	100	29	62	31	13
77	81	78	86	86	36	42	31	22
77	81	72	86	50	67	14	31	45
77	81	53	86	76	76	12	31	41
77	81	63	86	69	73	8	31	47
77	76	51	100	45	68	7	33	45
77	76	69	100	78	73	18	33	42
77	76	68	100	100	27	57	33	13
77	76	78	100	86	28	55	33	22
77	76	72	100	50	93	3	33	45
77	76	53	100	76	82	10	33	41
77	76	63	100	69	58	22	33	47
77	51	69	45	78	29	32	45	42
77	51	68	45	100	8	79	45	13
77	51	78	45	86	21	61	45	22
77	51	72	45	50	9	58	45	45
77	51	53	45	76	10	54	45	41
77	51	63	45	69	16	58	45	47
77	69	68	78	100	16	78	42	13
77	69	78	78	86	20	57	42	22
77	69	72	78	50	80	0	42	45
77	69	53	78	76	54	25	42	41
77	69	63	78	69	24	32	42	47
77	68	78	100	86	65	21	13	22
77	68	72	100	50	100	0	13	45
77	68	53	100	76	74	21	13	41
77	68	63	100	69	64	23	13	47
77	78	72	86	50	74	0	22	45
77	78	53	86	76	67	14	22	41
77	78	63	86	69	42	30	22	47
77	72	53	50	76	2	32	45	41
77	72	63	50	69	0	85	45	47
77	53	63	76	69	5	45	41	47
78	81	69	60	85	11	63	39	32
78	81	63	60	74	28	27	39	45
78	81	72	60	67	9	40	39	33
78	81	79	60	60	45	17	39	41
78	81	75	60	65	19	53	39	42
78	81	68	60	87	19	45	39	17
78	81	77	60	78	13	56	39	32
78	81	76	60	80	18	52	39	32
78	81	71	60	68	34	12	39	38
78	81	70	60	72	9	55	39	35
78	69	63	85	74	65	7	32	45
78	69	72	85	67	55	6	32	33
78	69	79	85	60	73	15	32	41
78	69	75	85	65	52	19	32	42
78	69	68	85	87	27	58	32	17
78	69	77	85	78	58	23	32	32
78	69	76	85	80	23	46	32	32
78	69	71	85	68	57	9	32	38
78	69	70	85	72	60	8	32	35
78	63	72	74	67	19	46	45	33
78	63	79	74	60	26	14	45	41
78	63	75	74	65	22	20	45	42
78	63	68	74	87	15	62	45	17
78	63	77	74	78	16	57	45	32
78	63	76	74	80	19	47	45	32
78	63	71	74	68	7	48	45	38
78	63	70	74	72	5	49	45	35
78	72	79	67	60	46	14	33	41
78	72	75	67	65	42	23	33	42
78	72	68	67	87	16	66	33	17
78	72	77	67	78	21	62	33	32
78	72	76	67	80	11	62	33	32
78	72	71	67	68	43	24	33	38
78	72	70	67	72	33	27	33	35
78	79	75	60	65	21	20	41	42
78	79	68	60	87	19	52	41	17
78	79	77	60	78	8	70	41	32
78	79	76	60	80	11	72	41	32
78	79	71	60	68	7	52	41	38
78	79	70	60	72	8	62	41	35
78	75	68	65	87	11	66	42	17
78	75	77	65	78	12	71	42	32
78	75	76	65	80	18	66	42	32
78	75	71	65	68	9	32	42	38
78	75	70	65	72	5	57	42	35
78	68	77	87	78	44	32	17	32
78	68	76	87	80	62	26	17	32
78	68	71	87	68	66	11	17	38
78	68	70	87	72	64	7	17	35
78	77	76	78	80	34	27	32	32
78	77	71	78	68	71	7	32	38
78	77	70	78	72	63	9	32	35
78	76	71	80	68	53	8	32	38
78	76	70	80	72	55	11	32	35
78	71	70	68	72	15	59	38	35
79	139	77	30	91	2	61	45	42
79	139	138	30	75	2	57	45	42
79	139	78	30	72	4	64	45	40
79	139	75	30	99	2	91	45	26
79	139	76	30	94	5	71	45	43
79	139	81	30	68	11	57	45	40
79	139	68	30	77	1	72	45	40
79	77	138	91	75	19	55	42	42
79	77	78	91	72	8	36	42	40
79	77	75	91	99	13	74	42	26
79	77	76	91	94	12	48	42	43
79	77	81	91	68	0	70	42	40
79	77	68	91	77	2	74	42	40
79	138	78	75	72	60	19	42	40
79	138	75	75	99	6	69	42	26
79	138	76	75	94	12	50	42	43
79	138	81	75	68	42	17	42	40
79	138	68	75	77	39	17	42	40
79	78	75	72	99	13	75	40	26
79	78	76	72	94	4	73	40	43
79	78	81	72	68	3	59	40	40
79	78	68	72	77	2	67	40	40
79	75	76	99	94	62	27	26	43
79	75	81	99	68	60	14	26	40
79	75	68	99	77	53	31	26	40
79	76	81	94	68	49	26	43	40
79	76	68	94	77	45	21	43	40
79	81	68	68	77	14	50	40	40
79	78	77	48	27	66	0	43	46
79	78	68	48	3	25	24	43	42
79	78	139	48	44	49	10	43	45
79	78	81	48	74	19	48	43	39
79	78	76	48	72	11	61	43	43
79	78	138	48	145	25	47	43	42
79	78	75	48	99	13	78	43	27
79	77	68	27	3	0	80	46	42
79	77	139	27	44	0	21	46	45
79	77	81	27	74	0	69	46	39
79	77	76	27	72	0	82	46	43
79	77	138	27	145	0	69	46	42
79	77	75	27	99	0	100	46	27
79	68	139	3	44	60	5	42	45
79	68	81	3	74	34	17	42	39
80	76	132	82	53	49	7	44	44
80	76	2	82	80	44	4	44	41
80	76	66	82	0	65	0	44	65535
80	76	64	82	44	48	4	44	45
80	76	69	82	61	54	11	44	44
80	76	75	82	70	55	13	44	44
80	132	2	53	80	27	27	44	41
80	132	66	53	0	53	3	44	65535
80	132	64	53	44	28	25	44	45
80	132	69	53	61	14	21	44	44
80	132	75	53	70	7	32	44	44
80	2	66	80	0	31	0	41	65535
80	2	64	80	44	3	21	41	45
80	2	69	80	61	5	13	41	44
80	2	75	80	70	1	44	41	44
80	66	64	0	44	3	32	65535	45
80	66	69	0	61	10	0	65535	44
80	66	75	0	70	8	48	65535	44
80	64	69	44	61	36	0	45	44
80	64	75	44	70	13	48	45	44
80	69	75	61	70	11	39	44	44
79	68	76	3	72	34	44	42	43
79	68	138	3	145	27	43	42	42
79	68	75	3	99	25	60	42	27
79	139	81	44	74	22	52	45	39
79	139	76	44	72	4	79	45	43
79	139	138	44	145	11	57	45	42
79	139	75	44	99	5	87	45	27
79	81	76	74	72	22	47	39	43
79	81	138	74	145	21	43	39	42
79	81	75	74	99	17	84	39	27
79	76	138	72	145	59	15	43	42
79	76	75	72	99	20	64	43	27
79	138	75	145	99	6	64	42	27
82	85	65	96	97	24	51	34	25
82	85	73	96	98	51	29	34	33
82	65	73	97	98	56	23	25	33
81	69	56	68	18	25	21	39	40
81	69	75	68	73	3	78	39	35
81	69	83	68	53	25	1	39	43
81	69	76	68	100	2	94	39	33
81	69	68	68	83	1	80	39	34
81	69	57	68	82	11	78	39	33
81	69	55	68	5	13	16	39	47
81	69	84	68	11	7	4	39	44
81	69	40	68	26	29	23	39	42
81	69	79	68	74	52	16	39	42
81	69	72	68	44	52	15	39	45
81	69	53	68	66	49	15	39	37
81	69	78	68	58	22	20	39	38
81	69	51	68	0	75	3	39	65535
81	69	54	68	34	70	4	39	41
81	56	75	18	73	1	76	40	35
81	56	83	18	53	7	45	40	43
81	56	76	18	100	4	89	40	33
81	56	68	18	83	2	70	40	34
81	56	57	18	82	7	64	40	33
81	56	55	18	5	42	2	40	47
81	56	84	18	11	34	9	40	44
81	56	40	18	26	0	28	40	42
81	56	79	18	74	0	72	40	42
81	56	72	18	44	47	15	40	45
81	56	53	18	66	16	48	40	37
81	56	78	18	58	17	25	40	38
81	56	51	18	0	50	0	40	65535
81	56	54	18	34	41	15	40	41
81	75	83	73	53	73	11	35	43
81	75	76	73	100	18	70	35	33
81	75	68	73	83	55	27	35	34
81	75	57	73	82	21	56	35	33
81	75	55	73	5	85	0	35	47
81	75	84	73	11	82	1	35	44
81	75	40	73	26	68	12	35	42
81	75	79	73	74	58	15	35	42
81	75	72	73	44	66	8	35	45
81	75	53	73	66	58	17	35	37
81	75	78	73	58	76	8	35	38
81	75	51	73	0	88	0	35	65535
81	75	54	73	34	76	6	35	41
81	83	76	53	100	4	79	43	33
81	83	68	53	83	8	57	43	34
81	83	57	53	82	7	57	43	33
81	83	55	53	5	43	6	43	47
81	83	84	53	11	39	3	43	44
81	83	40	53	26	19	19	43	42
81	83	79	53	74	10	36	43	42
81	83	72	53	44	32	30	43	45
81	83	53	53	66	13	35	43	37
81	83	78	53	58	14	40	43	38
81	83	51	53	0	52	0	43	65535
81	83	54	53	34	24	22	43	41
81	76	68	100	83	69	25	33	34
81	76	57	100	82	26	62	33	33
81	76	55	100	5	98	0	33	47
81	76	84	100	11	94	3	33	44
81	76	40	100	26	83	8	33	42
81	76	79	100	74	57	34	33	42
81	76	72	100	44	68	7	33	45
81	76	53	100	66	72	7	33	37
81	76	78	100	58	75	16	33	38
81	76	51	100	0	94	0	33	65535
81	76	54	100	34	91	2	33	41
81	68	57	83	82	20	64	34	33
81	68	55	83	5	88	0	34	47
81	68	84	83	11	92	0	34	44
81	68	40	83	26	69	4	34	42
81	68	79	83	74	53	24	34	42
81	68	72	83	44	12	18	34	45
81	68	53	83	66	18	37	34	37
81	68	78	83	58	37	15	34	38
81	68	51	83	0	83	0	34	65535
81	68	54	83	34	62	1	34	41
81	57	55	82	5	78	0	33	47
81	57	84	82	11	75	0	33	44
81	57	40	82	26	41	5	33	42
81	57	79	82	74	62	6	33	42
81	57	72	82	44	79	4	33	45
81	57	53	82	66	60	16	33	37
81	57	78	82	58	76	15	33	38
81	57	51	82	0	90	0	33	65535
81	57	54	82	34	66	11	33	41
81	55	84	5	11	3	14	47	44
81	55	40	5	26	0	58	47	42
81	55	79	5	74	0	57	47	42
81	55	72	5	44	0	54	47	45
81	55	53	5	66	0	32	47	37
81	55	78	5	58	0	50	47	38
81	55	51	5	0	2	0	47	65535
81	55	54	5	34	1	18	47	41
81	84	40	11	26	1	42	44	42
81	84	79	11	74	0	56	44	42
81	84	72	11	44	0	44	44	45
81	84	53	11	66	0	44	44	37
81	84	78	11	58	1	58	44	38
81	84	51	11	0	9	0	44	65535
81	84	54	11	34	3	54	44	41
81	40	79	26	74	13	32	42	42
81	40	72	26	44	29	19	42	45
81	40	53	26	66	8	43	42	37
81	40	78	26	58	4	55	42	38
81	40	51	26	0	36	0	42	65535
81	40	54	26	34	11	31	42	41
81	79	72	74	44	35	6	42	45
81	79	53	74	66	18	30	42	37
81	79	78	74	58	26	24	42	38
81	79	51	74	0	65	0	42	65535
81	79	54	74	34	51	21	42	41
81	72	53	44	66	13	55	45	37
81	72	78	44	58	15	31	45	38
81	72	51	44	0	47	0	45	65535
81	72	54	44	34	34	29	45	41
81	53	78	66	58	29	36	37	38
81	53	51	66	0	62	0	37	65535
81	53	54	66	34	57	15	37	41
81	78	51	58	0	51	0	38	65535
81	78	54	58	34	49	8	38	41
81	51	54	0	34	7	13	65535	41
84	51	46	0	46	10	22	65535	44
84	51	57	0	37	6	22	65535	47
84	51	40	0	0	28	0	65535	65535
84	51	56	0	45	9	4	65535	39
84	51	53	0	59	9	32	65535	36
84	51	81	0	22	9	16	65535	41
84	46	57	46	37	26	21	44	47
84	46	40	46	0	45	0	44	65535
84	46	56	46	45	38	4	44	39
84	46	53	46	59	16	29	44	36
84	46	81	46	22	40	0	44	41
84	57	40	37	0	48	0	47	65535
84	57	56	37	45	28	3	47	39
84	57	53	37	59	11	31	47	36
84	57	81	37	22	59	0	47	41
84	40	56	0	45	0	41	65535	39
84	40	53	0	59	0	59	65535	36
84	40	81	0	22	0	5	65535	41
84	56	53	45	59	2	48	39	36
84	56	81	45	22	40	0	39	41
84	53	81	59	22	46	0	36	41
85	70	65	98	90	42	11	35	34
85	70	82	98	92	15	53	35	33
85	70	72	98	76	70	12	35	42
85	70	73	98	98	25	68	35	20
85	65	82	90	92	23	66	34	33
85	65	72	90	76	66	11	34	42
85	65	73	90	98	30	60	34	20
85	82	72	92	76	82	10	33	42
85	82	73	92	98	26	50	33	20
85	72	73	76	98	10	70	42	20
117	126	128	90	90	34	58	34	27
117	126	124	90	100	21	73	34	17
117	126	130	90	78	24	60	34	25
117	128	124	90	100	24	62	27	17
117	128	130	90	78	33	30	27	25
117	124	130	100	78	67	20	17	25
118	132	126	97	97	63	20	18	28
118	132	123	97	45	75	3	18	44
118	132	136	97	78	69	14	18	29
118	132	120	97	97	67	25	18	23
118	126	123	97	45	64	14	28	44
118	126	136	97	78	20	41	28	29
118	126	120	97	97	25	48	28	23
118	123	136	45	78	13	67	44	29
118	123	120	45	97	12	59	44	23
118	136	120	78	97	23	55	29	23
119	138	137	68	98	17	64	43	21
119	138	133	68	100	17	65	43	11
119	138	131	68	0	75	0	43	65535
119	138	139	68	81	14	56	43	35
119	137	133	98	100	22	72	21	11
119	137	131	98	0	96	0	21	65535
119	137	139	98	81	67	14	21	35
119	133	131	100	0	98	0	11	65535
119	133	139	100	81	70	17	11	35
119	131	139	0	81	0	80	65535	35
120	126	124	48	81	9	64	43	31
120	126	132	48	71	4	57	43	30
120	126	118	48	86	4	52	43	25
120	126	123	48	31	28	6	43	49
120	126	136	48	56	2	61	43	37
120	124	132	81	71	28	41	31	30
120	124	118	81	86	18	48	31	25
120	124	123	81	31	85	0	31	49
120	124	136	81	56	64	8	31	37
120	132	118	71	86	30	15	30	25
120	132	123	71	31	45	8	30	49
120	132	136	71	56	46	18	30	37
120	118	123	86	31	53	11	25	49
120	118	136	86	56	53	23	25	37
120	123	136	31	56	8	66	49	37
122	139	135	75	81	22	42	32	22
122	139	138	75	69	34	26	32	36
122	139	137	75	78	49	23	32	38
122	139	131	75	86	16	46	32	19
122	139	132	75	47	55	2	32	45
122	139	123	75	65	57	8	32	43
122	135	138	81	69	53	10	22	36
122	135	137	81	78	49	13	22	38
122	135	131	81	86	17	54	22	19
122	135	132	81	47	47	20	22	45
122	135	123	81	65	52	15	22	43
122	138	137	69	78	50	12	36	38
122	138	131	69	86	14	65	36	19
122	138	132	69	47	55	6	36	45
122	138	123	69	65	55	5	36	43
122	137	131	78	86	16	61	38	19
122	137	132	78	47	46	10	38	45
122	137	123	78	65	25	14	38	43
122	131	132	86	47	78	5	19	45
122	131	123	86	65	78	5	19	43
122	132	123	47	65	15	31	45	43
123	132	135	97	33	74	11	16	46
123	132	136	97	47	54	18	16	39
123	132	118	97	52	56	12	16	38
123	132	122	97	62	50	6	16	42
123	132	76	97	1	62	0	16	48
123	135	136	33	47	0	58	46	39
123	135	118	33	52	2	50	46	38
123	135	122	33	62	4	39	46	42
123	135	76	33	1	13	0	46	48
123	136	118	47	52	21	27	39	38
123	136	122	47	62	44	16	39	42
123	136	76	47	1	67	0	39	48
123	118	122	52	62	41	8	38	42
123	118	76	52	1	59	0	38	48
123	122	76	62	1	53	0	42	48
124	130	132	78	6	65	6	28	48
124	130	117	78	100	21	64	28	21
124	130	126	78	100	21	64	28	9
124	130	120	78	84	57	25	28	31
124	130	128	78	67	65	17	28	32
124	132	117	6	100	0	100	48	21
124	132	126	6	100	0	99	48	9
124	132	120	6	84	0	83	48	31
124	132	128	6	67	0	82	48	32
124	117	126	100	100	27	59	21	9
124	117	120	100	84	63	12	21	31
124	117	128	100	67	70	24	21	32
124	126	120	100	84	66	11	9	31
124	126	128	100	67	69	14	9	32
124	120	128	84	67	27	36	31	32
126	66	118	0	87	0	88	65535	28
126	66	124	0	99	0	100	65535	13
126	66	128	0	78	0	71	65535	35
126	66	130	0	85	0	86	65535	27
126	66	120	0	8	0	0	65535	42
126	66	117	0	97	0	91	65535	36
126	118	124	87	99	8	71	28	13
126	118	128	87	78	44	27	28	35
126	118	130	87	85	22	37	28	27
126	118	120	87	8	79	1	28	42
126	118	117	87	97	51	23	28	36
126	124	128	99	78	75	18	13	35
126	124	130	99	85	75	19	13	27
126	124	120	99	8	94	0	13	42
126	124	117	99	97	65	30	13	36
126	128	130	78	85	16	45	35	27
126	128	120	78	8	68	2	35	42
126	128	117	78	97	19	40	35	36
126	130	120	85	8	69	4	27	42
126	130	117	85	97	48	33	27	36
126	120	117	8	97	8	74	42	36
128	124	130	76	100	18	58	31	9
128	124	117	76	97	18	55	31	30
128	124	126	76	69	54	19	31	35
128	130	117	100	97	52	31	9	30
128	130	126	100	69	63	27	9	35
128	117	126	97	69	57	15	30	35
130	66	126	18	88	1	80	46	29
130	66	128	18	100	1	94	46	11
130	66	124	18	86	4	75	46	27
130	66	117	18	87	0	78	46	29
130	126	128	88	100	27	63	29	11
130	126	124	88	86	23	17	29	27
130	126	117	88	87	21	45	29	29
130	128	124	100	86	63	23	11	27
130	128	117	100	87	62	14	11	29
130	124	117	86	87	15	61	27	29
131	138	135	61	76	18	49	43	30
131	138	122	61	100	14	67	43	22
131	138	139	61	100	14	72	43	19
131	138	137	61	8	37	12	43	44
131	135	122	76	100	14	72	30	22
131	135	139	76	100	14	71	30	19
131	135	137	76	8	62	3	30	44
131	122	139	100	100	24	33	22	19
131	122	137	100	8	81	8	22	44
131	139	137	100	8	72	15	19	44
132	126	69	72	74	14	4	38	42
132	126	135	72	36	36	4	38	45
132	126	118	72	100	16	75	38	17
132	126	76	72	6	60	4	38	47
132	126	120	72	20	29	53	38	44
132	126	136	72	74	15	64	38	29
132	126	122	72	36	55	2	38	47
132	126	80	72	57	31	9	38	43
132	126	123	72	99	14	66	38	18
132	69	135	74	36	51	4	42	45
132	69	118	74	100	8	72	42	17
132	69	76	74	6	36	1	42	47
132	69	120	74	20	21	17	42	44
132	69	136	74	74	11	51	42	29
132	69	122	74	36	37	0	42	47
132	69	80	74	57	23	15	42	43
132	69	123	74	99	6	70	42	18
132	135	118	36	100	10	74	45	17
132	135	76	36	6	36	0	45	47
132	135	120	36	20	10	38	45	44
132	135	136	36	74	14	62	45	29
132	135	122	36	36	17	11	45	47
132	135	80	36	57	15	21	45	43
132	135	123	36	99	16	66	45	18
132	118	76	100	6	94	1	17	47
132	118	120	100	20	70	13	17	44
132	118	136	100	74	62	21	17	29
132	118	122	100	36	72	3	17	47
132	118	80	100	57	70	16	17	43
132	118	123	100	99	34	49	17	18
132	76	120	6	20	2	49	47	44
132	76	136	6	74	3	70	47	29
132	76	122	6	36	2	37	47	47
132	76	80	6	57	4	53	47	43
132	76	123	6	99	0	97	47	18
132	120	136	20	74	16	53	44	29
132	120	122	20	36	31	7	44	47
132	120	80	20	57	26	21	44	43
132	120	123	20	99	7	87	44	18
132	136	122	74	36	52	9	29	47
132	136	80	74	57	52	19	29	43
132	136	123	74	99	22	61	29	18
132	122	80	36	57	10	24	47	43
132	122	123	36	99	8	76	47	18
132	80	123	57	99	7	73	43	18
133	137	138	98	66	72	13	19	42
133	137	21	98	0	98	0	19	65535
133	137	73	98	74	68	11	19	41
133	137	139	98	67	53	26	19	35
133	137	119	98	98	35	61	19	10
133	138	21	66	0	69	0	42	65535
133	138	73	66	74	44	27	42	41
133	138	139	66	67	19	48	42	35
133	138	119	66	98	16	71	42	10
133	21	73	0	74	0	74	65535	41
133	21	139	0	67	0	82	65535	35
133	21	119	0	98	0	100	65535	10
133	73	139	74	67	9	64	41	35
133	73	119	74	98	6	68	41	10
133	139	119	67	98	17	69	35	10
135	118	138	0	4	0	69	65535	49
135	118	139	0	57	1	55	65535	42
135	118	131	0	74	0	79	65535	30
135	118	122	0	88	0	86	65535	25
135	118	21	0	0	2	0	65535	65535
135	118	123	0	0	3	1	65535	65535
135	118	132	0	29	0	35	65535	47
135	138	139	4	57	21	23	49	42
135	138	131	4	74	12	53	49	30
135	138	122	4	88	11	67	49	25
135	138	21	4	0	58	0	49	65535
135	138	123	4	0	46	13	49	65535
135	138	132	4	29	44	6	49	47
135	139	131	57	74	19	49	42	30
135	139	122	57	88	16	55	42	25
135	139	21	57	0	67	0	42	65535
135	139	123	57	0	30	10	42	65535
135	139	132	57	29	44	5	42	47
135	131	122	74	88	18	65	30	25
135	131	21	74	0	72	0	30	65535
135	131	123	74	0	71	2	30	65535
135	131	132	74	29	56	4	30	47
135	122	21	88	0	87	0	25	65535
135	122	123	88	0	75	13	25	65535
135	122	132	88	29	59	20	25	47
135	21	123	0	0	0	11	65535	65535
135	21	132	0	29	0	65	65535	47
135	123	132	0	29	0	57	65535	47
136	132	120	80	82	58	15	31	27
136	132	123	80	59	57	17	31	43
136	132	118	80	86	26	36	31	29
136	120	123	82	59	63	5	27	43
136	120	118	82	86	26	46	27	29
136	123	118	59	86	0	85	43	29
137	122	139	62	100	11	74	42	24
137	122	119	62	97	6	81	42	19
137	122	138	62	71	14	59	42	42
137	122	133	62	97	13	77	42	22
137	122	131	62	49	52	10	42	40
137	139	119	100	97	23	67	24	19
137	139	138	100	71	62	28	24	42
137	139	133	100	97	19	64	24	22
137	139	131	100	49	80	6	24	40
137	119	138	97	71	71	14	19	42
137	119	133	97	97	35	36	19	22
137	119	131	97	49	86	4	19	40
137	138	133	71	97	16	71	42	22
137	138	131	71	49	69	1	42	40
137	133	131	97	49	96	0	22	40
138	133	135	50	74	13	38	42	35
138	133	79	50	55	12	16	42	39
138	133	137	50	69	16	43	42	35
138	133	139	50	86	23	59	42	30
138	133	122	50	70	16	46	42	38
138	133	131	50	59	15	17	42	38
138	133	119	50	32	24	10	42	39
138	135	79	74	55	47	23	35	39
138	135	137	74	69	28	12	35	35
138	135	139	74	86	15	60	35	30
138	135	122	74	70	16	36	35	38
138	135	131	74	59	28	15	35	38
138	135	119	74	32	36	11	35	39
138	79	137	55	69	17	48	39	35
138	79	139	55	86	22	51	39	30
138	79	122	55	70	10	53	39	38
138	79	131	55	59	16	6	39	38
138	79	119	55	32	41	12	39	39
138	137	139	69	86	22	48	35	30
138	137	122	69	70	25	40	35	38
138	137	131	69	59	46	23	35	38
138	137	119	69	32	49	19	35	39
138	139	122	86	70	60	17	30	38
138	139	131	86	59	58	17	30	38
138	139	119	86	32	63	15	30	39
138	122	131	70	59	48	17	38	38
138	122	119	70	32	47	13	38	39
138	131	119	59	32	44	17	38	39
139	122	137	78	99	22	67	34	23
139	122	119	78	77	48	25	34	32
139	122	131	78	98	16	69	34	19
139	122	138	78	90	18	35	34	34
139	122	79	78	11	72	4	34	46
139	122	133	78	72	54	19	34	37
139	122	135	78	35	64	12	34	44
139	137	119	99	77	57	25	23	32
139	137	131	99	98	27	62	23	19
139	137	138	99	90	67	21	23	34
139	137	79	99	11	82	4	23	46
139	137	133	99	72	70	22	23	37
139	137	135	99	35	80	8	23	44
139	119	131	77	98	13	70	32	19
139	119	138	77	90	23	49	32	34
139	119	79	77	11	69	1	32	46
139	119	133	77	72	22	38	32	37
139	119	135	77	35	54	8	32	44
139	131	138	98	90	50	18	19	34
139	131	79	98	11	84	2	19	46
139	131	133	98	72	74	13	19	37
139	131	135	98	35	67	12	19	44
139	138	79	90	11	70	5	34	46
139	138	133	90	72	62	19	34	37
139	138	135	90	35	49	15	34	44
139	79	133	11	72	5	53	46	37
139	79	135	11	35	3	42	46	44
139	133	135	72	35	47	17	37	44
