1	9	10	95	100	35	40	35	35
1	9	11	95	100	72	20	35	42
1	9	64	95	100	67	24	35	39
1	9	8	95	100	36	36	35	32
1	9	14	95	100	34	60	35	13
1	9	4	95	95	66	30	35	40
1	9	18	95	99	64	15	35	39
1	10	11	100	100	65	23	35	42
1	10	64	100	100	69	6	35	39
1	10	8	100	100	29	41	35	32
1	10	14	100	100	14	62	35	13
1	10	4	100	95	59	27	35	40
1	10	18	100	99	64	11	35	39
1	11	64	100	100	20	12	42	39
1	11	8	100	100	35	60	42	32
1	11	14	100	100	28	66	42	13
1	11	4	100	95	52	28	42	40
1	11	18	100	99	41	29	42	39
1	64	8	100	100	25	60	39	32
1	64	14	100	100	8	64	39	13
1	64	4	100	95	48	25	39	40
1	64	18	100	99	16	9	39	39
1	8	14	100	100	31	59	32	13
1	8	4	100	95	63	19	32	40
1	8	18	100	99	68	6	32	39
1	14	4	100	95	76	10	13	40
1	14	18	100	99	55	26	13	39
1	4	18	95	99	10	28	40	39
2	19	26	92	84	58	15	31	43
2	19	80	92	81	68	11	31	41
2	19	5	92	84	43	30	31	36
2	19	12	92	31	65	22	31	19
2	26	80	84	81	27	32	43	41
2	26	5	84	84	15	55	43	36
2	26	12	84	31	58	18	43	19
2	80	5	81	84	6	38	41	36
2	80	12	81	31	52	22	41	19
2	5	12	84	31	62	15	36	19
3	7	20	100	100	66	21	28	32
3	7	6	100	89	69	23	28	39
3	7	15	100	100	19	42	28	25
3	7	16	100	100	37	31	28	28
3	7	18	100	100	36	25	28	27
3	7	66	100	89	65	15	28	39
3	7	14	100	99	23	63	28	25
3	20	6	100	89	14	56	32	39
3	20	15	100	100	4	95	32	25
3	20	16	100	100	2	96	32	28
3	20	18	100	100	0	100	32	27
3	20	66	100	89	0	91	32	39
3	20	14	100	99	0	100	32	25
3	6	15	89	100	16	64	39	25
3	6	16	89	100	22	69	39	28
3	6	18	89	100	6	66	39	27
3	6	66	89	89	53	19	39	39
3	6	14	89	99	11	79	39	25
3	15	16	100	100	41	35	25	28
3	15	18	100	100	37	11	25	27
3	15	66	100	89	52	18	25	39
3	15	14	100	99	13	67	25	25
3	16	18	100	100	32	14	28	27
3	16	66	100	89	69	18	28	39
3	16	14	100	99	31	57	28	25
3	18	66	100	89	59	26	27	39
3	18	14	100	99	18	79	27	25
3	66	14	89	99	15	71	39	25
4	64	8	79	100	11	75	43	33
4	64	10	79	100	6	68	43	28
4	64	9	79	100	21	64	43	17
4	64	1	79	88	27	41	43	44
4	64	67	79	96	15	62	43	38
4	64	11	79	99	10	74	43	42
4	8	10	100	100	26	65	33	28
4	8	9	100	100	29	59	33	17
4	8	1	100	88	60	26	33	44
4	8	67	100	96	61	25	33	38
4	8	11	100	99	62	23	33	42
4	10	9	100	100	24	64	28	17
4	10	1	100	88	58	27	28	44
4	10	67	100	96	68	18	28	38
4	10	11	100	99	54	36	28	42
4	9	1	100	88	67	20	17	44
4	9	67	100	96	53	26	17	38
4	9	11	100	99	66	28	17	42
4	1	67	88	96	23	61	44	38
4	1	11	88	99	29	53	44	42
4	67	11	96	99	25	23	38	42
5	17	37	45	99	8	74	46	31
5	17	19	45	94	9	58	46	31
5	17	2	45	59	15	70	46	43
5	17	14	45	100	3	75	46	37
5	17	36	45	15	55	0	46	46
5	17	18	45	100	10	76	46	36
5	17	12	45	10	37	25	46	20
5	37	19	99	94	14	50	31	31
5	37	2	99	59	70	12	31	43
5	37	14	99	100	58	29	31	37
5	37	36	99	15	80	6	31	46
5	37	18	99	100	62	27	31	36
5	37	12	99	10	75	20	31	20
5	19	2	94	59	67	16	31	43
5	19	14	94	100	54	16	31	37
5	19	36	94	15	91	2	31	46
5	19	18	94	100	54	23	31	36
5	19	12	94	10	76	16	31	20
5	2	14	59	100	10	47	43	37
5	2	36	59	15	76	1	43	46
5	2	18	59	100	18	29	43	36
5	2	12	59	10	54	28	43	20
5	14	36	100	15	77	2	37	46
5	14	18	100	100	34	33	37	36
5	14	12	100	10	68	19	37	20
5	36	18	15	100	2	79	46	36
5	36	12	15	10	14	35	46	20
5	18	12	100	10	61	25	36	20
6	20	3	99	89	6	84	15	38
6	20	7	99	91	27	62	15	43
6	20	15	99	87	57	23	15	32
6	20	16	99	92	44	47	15	33
6	20	11	99	95	0	95	15	32
6	3	7	89	91	69	16	38	43
6	3	15	89	87	21	54	38	32
6	3	16	89	92	23	65	38	33
6	3	11	89	95	25	49	38	32
6	7	15	91	87	24	61	43	32
6	7	16	91	92	31	58	43	33
6	7	11	91	95	11	67	43	32
6	15	16	87	92	25	41	32	33
6	15	11	87	95	13	65	32	32
6	16	11	92	95	9	64	33	32
7	16	20	100	77	81	15	28	45
7	16	6	100	86	64	30	28	46
7	16	14	100	6	98	1	28	47
7	16	18	100	100	70	16	28	40
7	16	15	100	100	60	22	28	28
7	16	3	100	99	33	27	28	31
7	20	6	77	86	16	60	45	46
7	20	14	77	6	57	2	45	47
7	20	18	77	100	10	73	45	40
7	20	15	77	100	16	70	45	28
7	20	3	77	99	6	82	45	31
7	6	14	86	6	91	1	46	47
7	6	18	86	100	8	20	46	40
7	6	15	86	100	21	73	46	28
7	6	3	86	99	24	68	46	31
7	14	18	6	100	0	93	47	40
7	14	15	6	100	0	98	47	28
7	14	3	6	99	0	97	47	31
7	18	15	100	100	8	66	40	28
7	18	3	100	99	18	70	40	31
7	15	3	100	99	30	38	28	31
8	14	11	98	99	55	31	40	47
8	14	10	98	100	6	69	40	33
8	14	63	98	79	72	9	40	46
8	14	67	98	91	20	36	40	38
8	14	72	98	88	40	15	40	41
8	14	4	98	100	27	53	40	33
8	14	1	98	99	30	56	40	35
8	14	9	98	99	32	61	40	24
8	11	10	99	100	21	64	47	33
8	11	63	99	79	34	7	47	46
8	11	67	99	91	16	55	47	38
8	11	72	99	88	21	60	47	41
8	11	4	99	100	23	77	47	33
8	11	1	99	99	26	65	47	35
8	11	9	99	99	20	63	47	24
8	10	63	100	79	72	4	33	46
8	10	67	100	91	75	18	33	38
8	10	72	100	88	67	6	33	41
8	10	4	100	100	59	26	33	33
8	10	1	100	99	24	38	33	35
8	10	9	100	99	33	59	33	24
8	63	67	79	91	17	68	46	38
8	63	72	79	88	14	56	46	41
8	63	4	79	100	7	79	46	33
8	63	1	79	99	6	72	46	35
8	63	9	79	99	12	77	46	24
8	67	72	91	88	60	24	38	41
8	67	4	91	100	24	54	38	33
8	67	1	91	99	13	71	38	35
8	67	9	91	99	22	65	38	24
8	72	4	88	100	3	74	41	33
8	72	1	88	99	12	72	41	35
8	72	9	88	99	20	70	41	24
8	4	1	100	99	27	59	33	35
8	4	9	100	99	30	66	33	24
8	1	9	99	99	28	64	35	24
9	64	8	80	100	16	76	39	21
9	64	67	80	100	12	69	39	22
9	64	4	80	100	24	70	39	10
9	64	72	80	0	82	0	39	65535
9	64	1	80	99	26	60	39	35
9	64	10	80	100	11	60	39	17
9	64	14	80	35	59	2	39	46
9	64	11	80	81	11	19	39	42
9	8	67	100	100	18	66	21	22
9	8	4	100	100	28	61	21	10
9	8	72	100	0	100	0	21	65535
9	8	1	100	99	72	24	21	35
9	8	10	100	100	21	72	21	17
9	8	14	100	35	60	10	21	46
9	8	11	100	81	50	32	21	42
9	67	4	100	100	22	70	22	10
9	67	72	100	0	100	0	22	65535
9	67	1	100	99	63	23	22	35
9	67	10	100	100	33	59	22	17
9	67	14	100	35	81	5	22	46
9	67	11	100	81	71	11	22	42
9	4	72	100	0	99	0	10	65535
9	4	1	100	99	61	26	10	35
9	4	10	100	100	72	25	10	17
9	4	14	100	35	70	10	10	46
9	4	11	100	81	68	19	10	42
9	72	1	0	99	0	97	65535	35
9	72	10	0	100	0	100	65535	17
9	72	14	0	35	0	19	65535	46
9	72	11	0	81	0	84	65535	42
9	1	10	99	100	31	51	35	17
9	1	14	99	35	64	4	35	46
9	1	11	99	81	59	28	35	42
9	10	14	100	35	74	3	17	46
9	10	11	100	81	62	20	17	42
9	14	11	35	81	9	50	46	42
10	1	8	97	99	30	53	37	32
10	1	67	97	99	21	63	37	35
10	1	9	97	100	27	60	37	20
10	1	4	97	100	33	67	37	26
10	1	11	97	50	78	10	37	48
10	1	13	97	66	73	10	37	44
10	8	67	99	99	29	34	32	35
10	8	9	99	100	24	60	32	20
10	8	4	99	100	23	67	32	26
10	8	11	99	50	68	13	32	48
10	8	13	99	66	73	7	32	44
10	67	9	99	100	28	66	35	20
10	67	4	99	100	29	55	35	26
10	67	11	99	50	83	9	35	48
10	67	13	99	66	70	5	35	44
10	9	4	100	100	75	20	20	26
10	9	11	100	50	88	9	20	48
10	9	13	100	66	65	12	20	44
10	4	11	100	50	80	16	26	48
10	4	13	100	66	73	6	26	44
10	11	13	50	66	17	35	48	44
11	18	13	96	100	23	64	38	25
11	18	8	96	100	66	18	38	42
11	18	20	96	100	8	68	38	25
11	18	1	96	98	25	40	38	39
11	18	6	96	97	19	54	38	32
11	18	4	96	100	12	46	38	35
11	18	9	96	83	32	27	38	39
11	18	14	96	100	28	70	38	35
11	18	10	96	45	80	6	38	44
11	13	8	100	100	61	14	25	42
11	13	20	100	100	56	30	25	25
11	13	1	100	98	62	11	25	39
11	13	6	100	97	71	8	25	32
11	13	4	100	100	67	9	25	35
11	13	9	100	83	66	13	25	39
11	13	14	100	100	60	29	25	35
11	13	10	100	45	58	14	25	44
11	8	20	100	100	17	71	42	25
11	8	1	100	98	24	54	42	39
11	8	6	100	97	20	66	42	32
11	8	4	100	100	23	58	42	35
11	8	9	100	83	36	49	42	39
11	8	14	100	100	22	68	42	35
11	8	10	100	45	32	13	42	44
11	20	1	100	98	68	11	25	39
11	20	6	100	97	47	25	25	32
11	20	4	100	100	61	10	25	35
11	20	9	100	83	69	14	25	39
11	20	14	100	100	61	10	25	35
11	20	10	100	45	79	2	25	44
11	1	6	98	97	22	55	39	32
11	1	4	98	100	20	36	39	35
11	1	9	98	83	31	23	39	39
11	1	14	98	100	24	65	39	35
11	1	10	98	45	66	12	39	44
11	6	4	97	100	68	22	32	35
11	6	9	97	83	69	7	32	39
11	6	14	97	100	62	18	32	35
11	6	10	97	45	71	4	32	44
11	4	9	100	83	40	27	35	39
11	4	14	100	100	14	69	35	35
11	4	10	100	45	73	12	35	44
11	9	14	83	100	18	69	39	35
11	9	10	83	45	62	15	39	44
11	14	10	100	45	70	8	35	44
12	19	5	37	16	13	2	20	21
13	20	11	87	100	1	98	43	30
13	20	18	87	7	31	1	43	45
13	20	14	87	99	12	67	43	37
13	11	18	100	7	88	2	30	45
13	11	14	100	99	60	33	30	37
13	18	14	7	99	1	82	45	37
14	35	37	86	92	58	26	37	40
14	35	18	86	100	25	59	37	14
14	35	16	86	100	50	29	37	44
14	35	66	86	93	42	23	37	39
14	35	8	86	98	32	30	37	37
14	35	1	86	100	9	72	37	13
14	35	5	86	98	15	35	37	34
14	35	11	86	100	13	70	37	38
14	35	13	86	100	9	35	37	35
14	35	9	86	28	69	6	37	45
14	35	3	86	99	11	70	37	28
14	37	18	92	100	20	57	40	14
14	37	16	92	100	23	20	40	44
14	37	66	92	93	16	27	40	39
14	37	8	92	98	6	36	40	37
14	37	1	92	100	10	67	40	13
14	37	5	92	98	24	71	40	34
14	37	11	92	100	11	67	40	38
14	37	13	92	100	11	65	40	35
14	37	9	92	28	77	6	40	45
14	37	3	92	99	12	70	40	28
14	18	16	100	100	66	9	14	44
14	18	66	100	93	52	24	14	39
14	18	8	100	98	62	11	14	37
14	18	1	100	100	37	67	14	13
14	18	5	100	98	69	24	14	34
14	18	11	100	100	73	31	14	38
14	18	13	100	100	53	25	14	35
14	18	9	100	28	88	2	14	45
14	18	3	100	99	56	24	14	28
14	16	66	100	93	28	56	44	39
14	16	8	100	98	17	57	44	37
14	16	1	100	100	9	71	44	13
14	16	5	100	98	16	65	44	34
14	16	11	100	100	13	66	44	38
14	16	13	100	100	7	54	44	35
14	16	9	100	28	70	1	44	45
14	16	3	100	99	24	60	44	28
14	66	8	93	98	25	22	39	37
14	66	1	93	100	19	61	39	13
14	66	5	93	98	10	57	39	34
14	66	11	93	100	11	71	39	38
14	66	13	93	100	12	61	39	35
14	66	9	93	28	80	5	39	45
14	66	3	93	99	16	70	39	28
14	8	1	98	100	25	61	37	13
14	8	5	98	98	11	53	37	34
14	8	11	98	100	19	63	37	38
14	8	13	98	100	9	55	37	35
14	8	9	98	28	75	4	37	45
14	8	3	98	99	14	67	37	28
14	1	5	100	98	63	15	13	34
14	1	11	100	100	55	31	13	38
14	1	13	100	100	73	12	13	35
14	1	9	100	28	88	6	13	45
14	1	3	100	99	51	33	13	28
14	5	11	98	100	18	56	34	38
14	5	13	98	100	13	13	34	35
14	5	9	98	28	90	2	34	45
14	5	3	98	99	10	76	34	28
14	11	13	100	100	47	26	38	35
14	11	9	100	28	80	1	38	45
14	11	3	100	99	10	73	38	28
14	13	9	100	28	89	3	35	45
14	13	3	100	99	9	62	35	28
14	9	3	28	99	1	85	45	28
15	3	7	99	99	42	25	30	29
15	3	16	99	100	65	27	30	33
15	3	6	99	93	63	24	30	36
15	3	20	99	99	63	19	30	33
15	7	16	99	100	58	30	29	33
15	7	6	99	93	62	22	29	36
15	7	20	99	99	66	25	29	33
15	16	6	100	93	34	28	33	36
15	16	20	100	99	66	25	33	33
15	6	20	93	99	54	30	36	33
16	66	20	88	100	5	65	35	31
16	66	15	88	100	16	61	35	31
16	66	14	88	99	55	33	35	44
16	66	3	88	100	22	69	35	31
16	66	7	88	100	3	69	35	28
16	66	6	88	89	13	64	35	35
16	20	15	100	100	25	55	31	31
16	20	14	100	99	72	20	31	44
16	20	3	100	100	6	85	31	31
16	20	7	100	100	15	78	31	28
16	20	6	100	89	16	66	31	35
16	15	14	100	99	62	24	31	44
16	15	3	100	100	26	59	31	31
16	15	7	100	100	36	54	31	28
16	15	6	100	89	28	21	31	35
16	14	3	99	100	24	59	44	31
16	14	7	99	100	30	59	44	28
16	14	6	99	89	18	53	44	35
16	3	7	100	100	29	26	31	28
16	3	6	100	89	72	24	31	35
16	7	6	100	89	71	23	28	35
17	39	83	100	66	79	11	27	44
17	39	19	100	100	62	12	27	33
17	39	2	100	6	68	4	27	47
17	39	5	100	60	72	9	27	43
17	83	19	66	100	22	70	44	33
17	83	2	66	6	26	25	44	47
17	83	5	66	60	19	27	44	43
17	19	2	100	6	74	18	33	47
17	19	5	100	60	78	9	33	43
17	2	5	6	60	32	23	47	43
18	11	37	99	78	80	8	44	43
18	11	7	99	98	36	19	44	42
18	11	35	99	86	27	49	44	38
18	11	5	99	100	10	34	44	36
18	11	13	99	7	95	0	44	45
18	11	1	99	100	23	35	44	41
18	11	14	99	100	25	62	44	16
18	11	3	99	99	15	74	44	31
18	37	7	78	98	10	44	43	42
18	37	35	78	86	21	51	43	38
18	37	5	78	100	16	67	43	36
18	37	13	78	7	74	1	43	45
18	37	1	78	100	6	63	43	41
18	37	14	78	100	21	69	43	16
18	37	3	78	99	8	72	43	31
18	7	35	98	86	21	57	42	38
18	7	5	98	100	9	69	42	36
18	7	13	98	7	97	0	42	45
18	7	1	98	100	11	13	42	41
18	7	14	98	100	28	58	42	16
18	7	3	98	99	28	59	42	31
18	35	5	86	100	17	21	38	36
18	35	13	86	7	83	1	38	45
18	35	1	86	100	57	21	38	41
18	35	14	86	100	21	58	38	16
18	35	3	86	99	10	62	38	31
18	5	13	100	7	93	1	36	45
18	5	1	100	100	49	11	36	41
18	5	14	100	100	26	58	36	16
18	5	3	100	99	16	62	36	31
18	13	1	7	100	0	95	45	41
18	13	14	7	100	3	94	45	16
18	13	3	7	99	2	95	45	31
18	1	14	100	100	24	66	41	16
18	1	3	100	99	18	68	41	31
18	14	3	100	99	62	22	16	31
19	18	2	1	91	0	93	46	33
19	18	26	1	100	0	99	46	33
19	18	83	1	49	2	32	46	45
19	18	17	1	100	0	95	46	36
19	18	5	1	100	0	95	46	31
19	18	12	1	50	1	46	46	19
19	2	26	91	100	40	33	33	33
19	2	83	91	49	73	7	33	45
19	2	17	91	100	52	34	33	36
19	2	5	91	100	27	32	33	31
19	2	12	91	50	51	33	33	19
19	26	83	100	49	94	6	33	45
19	26	17	100	100	34	14	33	36
19	26	5	100	100	27	45	33	31
19	26	12	100	50	50	39	33	19
19	83	17	49	100	4	77	45	36
19	83	5	49	100	5	81	45	31
19	83	12	49	50	20	50	45	19
19	17	5	100	100	21	53	36	31
19	17	12	100	50	55	46	36	19
19	5	12	100	50	47	41	31	19
20	3	13	99	99	64	8	37	43
20	3	16	99	98	29	47	37	34
20	3	7	99	62	72	14	37	46
20	3	11	99	100	19	60	37	31
20	3	6	99	100	28	60	37	21
20	3	15	99	98	27	29	37	33
20	13	16	99	98	12	70	43	34
20	13	7	99	62	34	13	43	46
20	13	11	99	100	20	63	43	31
20	13	6	99	100	19	69	43	21
20	13	15	99	98	12	67	43	33
20	16	7	98	62	71	19	34	46
20	16	11	98	100	10	68	34	31
20	16	6	98	100	35	53	34	21
20	16	15	98	98	68	24	34	33
20	7	11	62	100	12	85	46	31
20	7	6	62	100	13	74	46	21
20	7	15	62	98	14	79	46	33
20	11	6	100	100	22	71	31	21
20	11	15	100	98	68	21	31	33
20	6	15	100	98	67	23	21	33
24	27	31	67	83	9	58	41	43
25	28	35	100	59	63	26	31	44
25	28	37	100	7	90	3	31	44
25	35	37	59	7	48	0	44	44
26	19	37	88	98	11	62	33	31
26	19	36	88	97	60	9	33	36
26	19	2	88	86	65	22	33	44
26	19	39	88	27	89	6	33	47
26	37	36	98	97	52	29	31	36
26	37	2	98	86	64	16	31	44
26	37	39	98	27	79	8	31	47
26	36	2	97	86	61	11	36	44
26	36	39	97	27	86	6	36	47
26	2	39	86	27	66	6	44	47
27	40	31	65	73	19	32	34	33
27	40	56	65	70	21	42	34	29
27	40	24	65	76	41	20	34	35
27	40	47	65	60	32	19	34	44
27	40	30	65	51	52	5	34	46
27	40	55	65	76	33	23	34	36
27	40	54	65	63	45	14	34	42
27	31	56	73	70	20	15	33	29
27	31	24	73	76	48	16	33	35
27	31	47	73	60	55	13	33	44
27	31	30	73	51	63	7	33	46
27	31	55	73	76	51	11	33	36
27	31	54	73	63	53	13	33	42
27	56	24	70	76	51	10	29	35
27	56	47	70	60	39	17	29	44
27	56	30	70	51	43	10	29	46
27	56	55	70	76	50	13	29	36
27	56	54	70	63	38	15	29	42
27	24	47	76	60	25	37	35	44
27	24	30	76	51	34	7	35	46
27	24	55	76	76	9	43	35	36
27	24	54	76	63	17	46	35	42
27	47	30	60	51	48	5	44	46
27	47	55	60	76	20	47	44	36
27	47	54	60	63	16	35	44	42
27	30	55	51	76	4	46	46	36
27	30	54	51	63	16	41	46	42
27	55	54	76	63	30	12	36	42
28	35	25	77	96	13	68	39	29
28	35	38	77	89	19	48	39	35
28	35	36	77	57	54	4	39	46
28	25	38	96	89	67	12	29	35
28	25	36	96	57	80	4	29	46
28	38	36	89	57	73	11	35	46
30	56	46	37	5	37	2	44	46
30	56	57	37	64	8	51	44	37
30	56	53	37	59	6	53	44	36
30	56	27	37	48	21	20	44	43
30	56	51	37	61	10	48	44	36
30	46	57	5	64	0	70	46	37
30	46	53	5	59	1	52	46	36
30	46	27	5	48	5	38	46	43
30	46	51	5	61	2	60	46	36
30	57	53	64	59	47	15	37	36
30	57	27	64	48	51	7	37	43
30	57	51	64	61	46	16	37	36
30	53	27	59	48	42	10	36	43
30	53	51	59	61	16	27	36	36
30	27	51	48	61	12	45	43	36
31	24	60	89	67	50	11	34	47
31	24	27	89	78	28	54	34	30
31	24	32	89	13	77	1	34	45
31	24	48	89	76	29	49	34	41
31	60	27	67	78	9	54	47	30
31	60	32	67	13	45	2	47	45
31	60	48	67	76	16	46	47	41
31	27	32	78	13	75	3	30	45
31	27	48	78	76	61	11	30	41
31	32	48	13	76	3	62	45	41
32	34	45	100	72	64	21	23	39
32	34	33	100	62	58	15	23	45
32	34	48	100	63	55	10	23	43
32	45	33	72	62	54	6	39	45
32	45	48	72	63	38	17	39	43
32	33	48	62	63	24	44	45	43
33	32	60	67	86	15	43	44	42
33	32	48	67	56	21	33	44	44
33	32	37	67	11	53	0	44	45
33	32	34	67	0	55	0	44	65535
33	32	35	67	79	12	57	44	36
33	60	48	86	56	42	16	42	44
33	60	37	86	11	59	0	42	45
33	60	34	86	0	64	0	42	65535
33	60	35	86	79	17	53	42	36
33	48	37	56	11	52	8	44	45
33	48	34	56	0	53	0	44	65535
33	48	35	56	79	17	55	44	36
33	37	34	11	0	43	0	45	65535
33	37	35	11	79	11	61	45	36
33	34	35	0	79	0	80	65535	36
34	32	45	99	79	65	14	24	40
35	36	14	86	89	55	10	35	39
35	36	28	86	87	55	18	35	38
35	36	18	86	88	57	9	35	35
35	36	38	86	70	71	14	35	41
35	36	33	86	80	21	25	35	35
35	36	60	86	60	57	6	35	44
35	36	37	86	57	45	15	35	44
35	14	28	89	87	8	42	39	38
35	14	18	89	88	20	24	39	35
35	14	38	89	70	52	2	39	41
35	14	33	89	80	25	50	39	35
35	14	60	89	60	69	7	39	44
35	14	37	89	57	48	17	39	44
35	28	18	87	88	19	10	38	35
35	28	38	87	70	55	17	38	41
35	28	33	87	80	17	16	38	35
35	28	60	87	60	54	6	38	44
35	28	37	87	57	68	9	38	44
35	18	38	88	70	48	6	35	41
35	18	33	88	80	14	31	35	35
35	18	60	88	60	56	8	35	44
35	18	37	88	57	44	14	35	44
35	38	33	70	80	12	58	41	35
35	38	60	70	60	20	25	41	44
35	38	37	70	57	28	39	41	44
35	33	60	80	60	58	12	35	44
35	33	37	80	57	43	21	35	44
35	60	37	60	57	15	26	44	44
36	35	26	87	98	47	18	35	35
36	35	37	87	95	58	27	35	35
36	35	28	87	38	59	12	35	48
36	35	39	87	98	57	19	35	39
36	35	38	87	99	29	67	35	29
36	26	37	98	95	38	21	35	35
36	26	28	98	38	78	2	35	48
36	26	39	98	98	75	24	35	39
36	26	38	98	99	10	61	35	29
36	37	28	95	38	68	9	35	48
36	37	39	95	98	61	32	35	39
36	37	38	95	99	22	64	35	29
36	28	39	38	98	3	75	48	39
36	28	38	38	99	11	68	48	29
36	39	38	98	99	30	62	39	29
37	35	14	66	85	48	29	43	41
37	35	36	66	88	14	39	43	36
37	35	26	66	99	12	69	43	31
37	35	60	66	73	40	15	43	44
37	35	18	66	79	47	31	43	43
37	35	5	66	99	7	60	43	31
37	35	33	66	62	50	8	43	45
37	35	38	66	78	36	25	43	38
37	14	36	85	88	3	62	41	36
37	14	26	85	99	8	66	41	31
37	14	60	85	73	27	9	41	44
37	14	18	85	79	55	21	41	43
37	14	5	85	99	23	57	41	31
37	14	33	85	62	73	7	41	45
37	14	38	85	78	16	21	41	38
37	36	26	88	99	21	61	36	31
37	36	60	88	73	71	6	36	44
37	36	18	88	79	64	13	36	43
37	36	5	88	99	12	64	36	31
37	36	33	88	62	71	11	36	45
37	36	38	88	78	52	14	36	38
37	26	60	99	73	73	9	31	44
37	26	18	99	79	68	6	31	43
37	26	5	99	99	11	32	31	31
37	26	33	99	62	83	2	31	45
37	26	38	99	78	61	6	31	38
37	60	18	73	79	44	21	44	43
37	60	5	73	99	5	72	44	31
37	60	33	73	62	50	9	44	45
37	60	38	73	78	7	48	44	38
37	18	5	79	99	20	65	43	31
37	18	33	79	62	30	12	43	45
37	18	38	79	78	19	57	43	38
37	5	33	99	62	81	4	31	45
37	5	38	99	78	65	9	31	38
37	33	38	62	78	2	69	45	38
38	36	51	99	63	71	9	29	37
38	36	28	99	86	55	23	29	37
38	36	39	99	87	54	30	29	40
38	36	37	99	80	74	15	29	36
38	36	35	99	71	65	14	29	42
38	51	28	63	86	12	39	37	37
38	51	39	63	87	41	32	37	40
38	51	37	63	80	34	36	37	36
38	51	35	63	71	39	29	37	42
38	28	39	86	87	56	9	37	40
38	28	37	86	80	63	9	37	36
38	28	35	86	71	53	21	37	42
38	39	37	87	80	30	27	40	36
38	39	35	87	71	63	7	40	42
38	37	35	80	71	51	23	36	42
39	36	37	98	1	89	1	39	45
39	36	38	98	87	31	26	39	39
39	36	17	98	100	11	66	39	27
39	36	26	98	29	75	6	39	46
39	37	38	1	87	0	77	45	39
39	37	17	1	100	1	97	45	27
39	37	26	1	29	2	26	45	46
39	38	17	87	100	7	71	39	27
39	38	26	87	29	73	2	39	46
39	17	26	100	29	81	3	27	46
40	54	51	75	69	48	14	29	29
40	54	53	75	54	46	8	29	36
40	54	45	75	63	45	26	29	40
40	54	68	75	32	65	7	29	42
40	54	47	75	78	13	49	29	22
40	54	84	75	48	82	1	29	38
40	54	56	75	82	19	50	29	18
40	54	27	75	73	45	17	29	31
40	54	58	75	78	52	16	29	28
40	54	59	75	38	47	15	29	44
40	54	81	75	3	67	4	29	43
40	54	48	75	45	60	5	29	45
40	54	55	75	89	15	53	29	14
40	51	53	69	54	43	12	29	36
40	51	45	69	63	36	15	29	40
40	51	68	69	32	67	0	29	42
40	51	47	69	78	14	46	29	22
40	51	84	69	48	45	19	29	38
40	51	56	69	82	17	53	29	18
40	51	27	69	73	25	15	29	31
40	51	58	69	78	14	53	29	28
40	51	59	69	38	47	8	29	44
40	51	81	69	3	64	1	29	43
40	51	48	69	45	55	11	29	45
40	51	55	69	89	12	67	29	14
40	53	45	54	63	39	20	36	40
40	53	68	54	32	45	8	36	42
40	53	47	54	78	13	51	36	22
40	53	84	54	48	37	19	36	38
40	53	56	54	82	18	68	36	18
40	53	27	54	73	15	39	36	31
40	53	58	54	78	7	58	36	28
40	53	59	54	38	21	20	36	44
40	53	81	54	3	34	9	36	43
40	53	48	54	45	41	16	36	45
40	53	55	54	89	14	61	36	14
40	45	68	63	32	63	0	40	42
40	45	47	63	78	9	57	40	22
40	45	84	63	48	36	15	40	38
40	45	56	63	82	16	56	40	18
40	45	27	63	73	9	56	40	31
40	45	58	63	78	16	40	40	28
40	45	59	63	38	39	12	40	44
40	45	81	63	3	62	2	40	43
40	45	48	63	45	44	9	40	45
40	45	55	63	89	21	48	40	14
40	68	47	32	78	0	76	42	22
40	68	84	32	48	0	50	42	38
40	68	56	32	82	0	79	42	18
40	68	27	32	73	1	74	42	31
40	68	58	32	78	1	66	42	28
40	68	59	32	38	5	29	42	44
40	68	81	32	3	26	0	42	43
40	68	48	32	45	7	15	42	45
40	68	55	32	89	6	69	42	14
40	47	84	78	48	53	8	22	38
40	47	56	78	82	32	30	22	18
40	47	27	78	73	48	20	22	31
40	47	58	78	78	41	23	22	28
40	47	59	78	38	54	10	22	44
40	47	81	78	3	80	1	22	43
40	47	48	78	45	76	0	22	45
40	47	55	78	89	26	55	22	14
40	84	56	48	82	13	56	38	18
40	84	27	48	73	15	56	38	31
40	84	58	48	78	9	52	38	28
40	84	59	48	38	23	23	38	44
40	84	81	48	3	45	0	38	43
40	84	48	48	45	48	13	38	45
40	84	55	48	89	11	68	38	14
40	56	27	82	73	50	21	18	31
40	56	58	82	78	52	22	18	28
40	56	59	82	38	59	9	18	44
40	56	81	82	3	77	0	18	43
40	56	48	82	45	64	3	18	45
40	56	55	82	89	18	49	18	14
40	27	58	73	78	10	70	31	28
40	27	59	73	38	53	15	31	44
40	27	81	73	3	71	4	31	43
40	27	48	73	45	58	7	31	45
40	27	55	73	89	24	55	31	14
40	58	59	78	38	64	5	28	44
40	58	81	78	3	79	0	28	43
40	58	48	78	45	67	4	28	45
40	58	55	78	89	14	48	28	14
40	59	81	38	3	51	0	44	43
40	59	48	38	45	30	2	44	45
40	59	55	38	89	12	64	44	14
40	81	48	3	45	16	7	43	45
40	81	55	3	89	0	84	43	14
40	48	55	45	89	3	80	45	14
45	32	60	67	44	32	9	38	46
45	32	34	67	78	11	25	38	37
45	32	58	67	3	17	24	38	39
45	32	54	67	71	22	46	38	35
45	32	40	67	69	20	7	38	39
45	32	55	67	61	51	5	38	41
45	32	48	67	94	17	58	38	22
45	32	56	67	19	58	7	38	42
45	60	34	44	78	6	57	46	37
45	60	58	44	3	7	69	46	39
45	60	54	44	71	10	64	46	35
45	60	40	44	69	12	41	46	39
45	60	55	44	61	16	12	46	41
45	60	48	44	94	10	75	46	22
45	60	56	44	19	37	8	46	42
45	34	58	78	3	17	19	37	39
45	34	54	78	71	29	51	37	35
45	34	40	78	69	32	9	37	39
45	34	55	78	61	68	5	37	41
45	34	48	78	94	13	78	37	22
45	34	56	78	19	76	4	37	42
45	58	54	3	71	25	49	39	35
45	58	40	3	69	26	30	39	39
45	58	55	3	61	43	11	39	41
45	58	48	3	94	11	76	39	22
45	58	56	3	19	52	9	39	42
45	54	40	71	69	52	18	35	39
45	54	55	71	61	53	10	35	41
45	54	48	71	94	20	67	35	22
45	54	56	71	19	58	9	35	42
45	40	55	69	61	32	18	39	41
45	40	48	69	94	19	66	39	22
45	40	56	69	19	49	5	39	42
45	55	48	61	94	6	74	41	22
45	55	56	61	19	17	9	41	42
45	48	56	94	19	70	4	22	42
46	51	57	50	50	30	9	36	45
47	48	40	74	80	25	53	31	20
47	48	56	74	79	44	15	31	33
47	48	59	74	75	52	14	31	42
47	48	51	74	68	48	14	31	38
47	48	58	74	90	7	52	31	14
47	48	45	74	0	69	0	31	65535
47	48	27	74	65	44	13	31	39
47	48	53	74	59	49	13	31	38
47	48	54	74	71	27	48	31	28
47	48	57	74	59	59	16	31	46
47	40	56	80	79	52	17	20	33
47	40	59	80	75	56	16	20	42
47	40	51	80	68	46	18	20	38
47	40	58	80	90	20	60	20	14
47	40	45	80	0	63	9	20	65535
47	40	27	80	65	51	16	20	39
47	40	53	80	59	66	11	20	38
47	40	54	80	71	51	19	20	28
47	40	57	80	59	59	15	20	46
47	56	59	79	75	54	23	33	42
47	56	51	79	68	42	21	33	38
47	56	58	79	90	12	55	33	14
47	56	45	79	0	68	8	33	65535
47	56	27	79	65	40	15	33	39
47	56	53	79	59	50	9	33	38
47	56	54	79	71	17	52	33	28
47	56	57	79	59	57	11	33	46
47	59	51	75	68	23	27	42	38
47	59	58	75	90	13	62	42	14
47	59	45	75	0	68	0	42	65535
47	59	27	75	65	15	21	42	39
47	59	53	75	59	24	26	42	38
47	59	54	75	71	14	52	42	28
47	59	57	75	59	29	21	42	46
47	51	58	68	90	10	64	38	14
47	51	45	68	0	52	2	38	65535
47	51	27	68	65	34	22	38	39
47	51	53	68	59	24	18	38	38
47	51	54	68	71	15	46	38	28
47	51	57	68	59	27	11	38	46
47	58	45	90	0	73	3	14	65535
47	58	27	90	65	64	8	14	39
47	58	53	90	59	73	4	14	38
47	58	54	90	71	62	20	14	28
47	58	57	90	59	70	7	14	46
47	45	27	0	65	0	70	65535	39
47	45	53	0	59	0	60	65535	38
47	45	54	0	71	0	80	65535	28
47	45	57	0	59	0	60	65535	46
47	27	53	65	59	25	35	39	38
47	27	54	65	71	19	50	39	28
47	27	57	65	59	25	23	39	46
47	53	54	59	71	17	52	38	28
47	53	57	59	59	21	21	38	46
47	54	57	71	59	60	6	28	46
48	31	40	77	50	60	6	39	44
48	31	33	77	62	57	7	39	42
48	31	60	77	84	17	52	39	34
48	31	54	77	19	31	8	39	45
48	31	32	77	72	42	11	39	40
48	31	47	77	72	16	61	39	29
48	31	55	77	49	57	19	39	44
48	31	45	77	94	5	70	39	21
48	40	33	50	62	9	39	44	42
48	40	60	50	84	5	60	44	34
48	40	54	50	19	8	21	44	45
48	40	32	50	72	6	45	44	40
48	40	47	50	72	7	65	44	29
48	40	55	50	49	9	18	44	44
48	40	45	50	94	4	71	44	21
48	33	60	62	84	13	65	42	34
48	33	54	62	19	24	8	42	45
48	33	32	62	72	20	13	42	40
48	33	47	62	72	13	56	42	29
48	33	55	62	49	21	7	42	44
48	33	45	62	94	10	70	42	21
48	60	54	84	19	58	4	34	45
48	60	32	84	72	59	6	34	40
48	60	47	84	72	20	56	34	29
48	60	55	84	49	64	11	34	44
48	60	45	84	94	23	65	34	21
48	54	32	19	72	14	23	45	40
48	54	47	19	72	14	60	45	29
48	54	55	19	49	31	21	45	44
48	54	45	19	94	11	69	45	21
48	32	47	72	72	15	67	40	29
48	32	55	72	49	26	12	40	44
48	32	45	72	94	17	68	40	21
48	47	55	72	49	60	16	29	44
48	47	45	72	94	7	67	29	21
48	55	45	49	94	10	74	44	21
51	40	84	63	54	35	23	33	37
51	40	68	63	57	41	15	33	34
51	40	30	63	65	44	11	33	35
51	40	58	63	5	64	0	33	39
51	40	57	63	62	10	40	33	36
51	40	53	63	65	25	31	33	29
51	40	38	63	60	36	14	33	36
51	40	47	63	60	40	18	33	40
51	40	46	63	55	48	12	33	36
51	40	54	63	40	51	7	33	44
51	40	56	63	84	11	57	33	17
51	40	81	63	36	49	4	33	38
51	84	68	54	57	18	34	37	34
51	84	30	54	65	15	38	37	35
51	84	58	54	5	51	1	37	39
51	84	57	54	62	19	33	37	36
51	84	53	54	65	21	39	37	29
51	84	38	54	60	15	33	37	36
51	84	47	54	60	10	20	37	40
51	84	46	54	55	10	34	37	36
51	84	54	54	40	27	8	37	44
51	84	56	54	84	18	57	37	17
51	84	81	54	36	18	6	37	38
51	68	30	57	65	9	16	34	35
51	68	58	57	5	46	3	34	39
51	68	57	57	62	20	39	34	36
51	68	53	57	65	17	45	34	29
51	68	38	57	60	25	15	34	36
51	68	47	57	60	34	12	34	40
51	68	46	57	55	17	19	34	36
51	68	54	57	40	40	21	34	44
51	68	56	57	84	10	66	34	17
51	68	81	57	36	36	6	34	38
51	30	58	65	5	62	4	35	39
51	30	57	65	62	26	39	35	36
51	30	53	65	65	20	40	35	29
51	30	38	65	60	15	8	35	36
51	30	47	65	60	34	11	35	40
51	30	46	65	55	20	20	35	36
51	30	54	65	40	43	14	35	44
51	30	56	65	84	18	64	35	17
51	30	81	65	36	46	4	35	38
51	58	57	5	62	3	59	39	36
51	58	53	5	65	2	69	39	29
51	58	38	5	60	0	58	39	36
51	58	47	5	60	0	52	39	40
51	58	46	5	55	0	58	39	36
51	58	54	5	40	1	41	39	44
51	58	56	5	84	1	83	39	17
51	58	81	5	36	1	39	39	38
51	57	53	62	65	10	40	36	29
51	57	38	62	60	51	18	36	36
51	57	47	62	60	29	25	36	40
51	57	46	62	55	34	26	36	36
51	57	54	62	40	41	10	36	44
51	57	56	62	84	15	50	36	17
51	57	81	62	36	39	10	36	38
51	53	38	65	60	51	22	29	36
51	53	47	65	60	43	18	29	40
51	53	46	65	55	57	17	29	36
51	53	54	65	40	42	8	29	44
51	53	56	65	84	15	52	29	17
51	53	81	65	36	43	8	29	38
51	38	47	60	60	14	11	36	40
51	38	46	60	55	16	9	36	36
51	38	54	60	40	45	12	36	44
51	38	56	60	84	11	53	36	17
51	38	81	60	36	55	9	36	38
51	47	46	60	55	28	34	40	36
51	47	54	60	40	33	12	40	44
51	47	56	60	84	16	50	40	17
51	47	81	60	36	30	9	40	38
51	46	54	55	40	46	14	36	44
51	46	56	55	84	7	57	36	17
51	46	81	55	36	48	16	36	38
51	54	56	40	84	7	59	44	17
51	54	81	40	36	23	10	44	38
51	56	81	84	36	67	10	17	38
53	30	47	51	57	27	8	37	41
53	30	40	51	54	22	24	37	37
53	30	57	51	100	18	74	37	26
53	30	68	51	45	48	10	37	40
53	30	54	51	71	10	55	37	33
53	30	81	51	44	49	8	37	40
53	30	51	51	65	25	39	37	29
53	30	56	51	51	39	12	37	40
53	30	77	51	60	18	20	37	37
53	30	84	51	68	24	43	37	31
53	47	40	57	54	24	24	41	37
53	47	57	57	100	16	58	41	26
53	47	68	57	45	43	3	41	40
53	47	54	57	71	21	52	41	33
53	47	81	57	44	45	6	41	40
53	47	51	57	65	21	38	41	29
53	47	56	57	51	31	15	41	40
53	47	77	57	60	13	31	41	37
53	47	84	57	68	10	48	41	31
53	40	57	54	100	3	77	37	26
53	40	68	54	45	42	8	37	40
53	40	54	54	71	9	39	37	33
53	40	81	54	44	42	6	37	40
53	40	51	54	65	12	39	37	29
53	40	56	54	51	43	10	37	40
53	40	77	54	60	15	21	37	37
53	40	84	54	68	16	48	37	31
53	57	68	100	45	77	8	26	40
53	57	54	100	71	69	4	26	33
53	57	81	100	44	82	9	26	40
53	57	51	100	65	72	21	26	29
53	57	56	100	51	74	6	26	40
53	57	77	100	60	74	6	26	37
53	57	84	100	68	55	21	26	31
53	68	54	45	71	7	60	40	33
53	68	81	45	44	12	13	40	40
53	68	51	45	65	11	44	40	29
53	68	56	45	51	6	13	40	40
53	68	77	45	60	8	37	40	37
53	68	84	45	68	3	53	40	31
53	54	81	71	44	49	11	33	40
53	54	51	71	65	24	23	33	29
53	54	56	71	51	49	7	33	40
53	54	77	71	60	56	12	33	37
53	54	84	71	68	33	16	33	31
53	81	51	44	65	8	50	40	29
53	81	56	44	51	12	14	40	40
53	81	77	44	60	11	42	40	37
53	81	84	44	68	6	53	40	31
53	51	56	65	51	36	13	29	40
53	51	77	65	60	46	17	29	37
53	51	84	65	68	38	13	29	31
53	56	77	51	60	8	28	40	37
53	56	84	51	68	14	51	40	31
53	77	84	60	68	16	48	37	31
54	56	27	72	63	54	15	14	36
54	56	48	72	47	55	5	14	44
54	56	59	72	72	50	19	14	37
54	56	45	72	80	59	19	14	35
54	56	53	72	76	52	19	14	29
54	56	68	72	19	74	0	14	43
54	56	58	72	82	55	17	14	25
54	56	51	72	59	71	5	14	41
54	56	47	72	77	63	20	14	26
54	56	40	72	77	46	26	14	28
54	56	55	72	81	49	17	14	20
54	27	48	63	47	39	6	36	44
54	27	59	63	72	13	34	36	37
54	27	45	63	80	3	56	36	35
54	27	53	63	76	11	54	36	29
54	27	68	63	19	51	6	36	43
54	27	58	63	82	6	58	36	25
54	27	51	63	59	38	4	36	41
54	27	47	63	77	11	58	36	26
54	27	40	63	77	14	48	36	28
54	27	55	63	81	10	58	36	20
54	48	59	47	72	4	45	44	37
54	48	45	47	80	12	54	44	35
54	48	53	47	76	7	44	44	29
54	48	68	47	19	33	4	44	43
54	48	58	47	82	6	57	44	25
54	48	51	47	59	17	17	44	41
54	48	47	47	77	9	65	44	26
54	48	40	47	77	9	59	44	28
54	48	55	47	81	18	48	44	20
54	59	45	72	80	20	34	37	35
54	59	53	72	76	14	48	37	29
54	59	68	72	19	58	1	37	43
54	59	58	72	82	15	69	37	25
54	59	51	72	59	50	6	37	41
54	59	47	72	77	20	54	37	26
54	59	40	72	77	17	57	37	28
54	59	55	72	81	14	62	37	20
54	45	53	80	76	14	52	35	29
54	45	68	80	19	60	1	35	43
54	45	58	80	82	21	50	35	25
54	45	51	80	59	57	13	35	41
54	45	47	80	77	8	55	35	26
54	45	40	80	77	8	68	35	28
54	45	55	80	81	11	55	35	20
54	53	68	76	19	57	8	29	43
54	53	58	76	82	11	65	29	25
54	53	51	76	59	45	10	29	41
54	53	47	76	77	18	58	29	26
54	53	40	76	77	23	54	29	28
54	53	55	76	81	16	46	29	20
54	68	58	19	82	2	76	43	25
54	68	51	19	59	4	35	43	41
54	68	47	19	77	2	69	43	26
54	68	40	19	77	5	58	43	28
54	68	55	19	81	4	68	43	20
54	58	51	82	59	54	7	25	41
54	58	47	82	77	26	46	25	26
54	58	40	82	77	19	30	25	28
54	58	55	82	81	16	47	25	20
54	51	47	59	77	9	53	41	26
54	51	40	59	77	14	50	41	28
54	51	55	59	81	9	53	41	20
54	47	40	77	77	50	18	26	28
54	47	55	77	81	18	44	26	20
54	40	55	77	81	25	44	28	20
55	27	47	69	80	16	42	33	24
55	27	57	69	41	59	8	33	48
55	27	45	69	54	50	4	33	45
55	27	54	69	76	20	54	33	22
55	27	56	69	84	14	57	33	29
55	27	59	69	54	52	8	33	45
55	27	40	69	89	10	55	33	11
55	27	58	69	81	9	49	33	26
55	27	48	69	58	55	5	33	45
55	47	57	80	41	70	9	24	48
55	47	45	80	54	67	6	24	45
55	47	54	80	76	18	57	24	22
55	47	56	80	84	43	21	24	29
55	47	59	80	54	59	13	24	45
55	47	40	80	89	24	54	24	11
55	47	58	80	81	40	24	24	26
55	47	48	80	58	42	18	24	45
55	57	45	41	54	29	20	48	45
55	57	54	41	76	4	69	48	22
55	57	56	41	84	7	61	48	29
55	57	59	41	54	19	28	48	45
55	57	40	41	89	10	65	48	11
55	57	58	41	81	4	61	48	26
55	57	48	41	58	12	26	48	45
55	45	54	54	76	8	65	45	22
55	45	56	54	84	7	56	45	29
55	45	59	54	54	10	20	45	45
55	45	40	54	89	11	54	45	11
55	45	58	54	81	11	55	45	26
55	45	48	54	58	9	21	45	45
55	54	56	76	84	46	25	22	29
55	54	59	76	54	65	9	22	45
55	54	40	76	89	22	48	22	11
55	54	58	76	81	51	20	22	26
55	54	48	76	58	56	15	22	45
55	56	59	84	54	61	10	29	45
55	56	40	84	89	24	48	29	11
55	56	58	84	81	20	52	29	26
55	56	48	84	58	56	7	29	45
55	59	40	54	89	11	50	45	11
55	59	58	54	81	18	55	45	26
55	59	48	54	58	12	16	45	45
55	40	58	89	81	53	22	11	26
55	40	48	89	58	60	14	11	45
55	58	48	81	58	52	9	26	45
56	51	59	76	56	70	4	19	43
56	51	54	76	85	22	63	19	19
56	51	47	76	75	49	24	19	37
56	51	40	76	75	39	25	19	21
56	51	53	76	39	57	11	19	40
56	51	55	76	75	62	15	19	31
56	51	57	76	60	63	15	19	43
56	51	45	76	28	67	3	19	46
56	51	58	76	20	62	3	19	38
56	51	81	76	55	67	11	19	36
56	51	30	76	47	66	11	19	45
56	51	27	76	71	54	8	19	29
56	59	54	56	85	6	50	43	19
56	59	47	56	75	19	49	43	37
56	59	40	56	75	14	57	43	21
56	59	53	56	39	19	13	43	40
56	59	55	56	75	16	44	43	31
56	59	57	56	60	13	40	43	43
56	59	45	56	28	35	3	43	46
56	59	58	56	20	38	5	43	38
56	59	81	56	55	12	42	43	36
56	59	30	56	47	17	20	43	45
56	59	27	56	71	16	52	43	29
56	54	47	85	75	55	18	19	37
56	54	40	85	75	55	14	19	21
56	54	53	85	39	59	13	19	40
56	54	55	85	75	46	16	19	31
56	54	57	85	60	54	6	19	43
56	54	45	85	28	60	9	19	46
56	54	58	85	20	66	5	19	38
56	54	81	85	55	51	23	19	36
56	54	30	85	47	59	9	19	45
56	54	27	85	71	50	20	19	29
56	47	40	75	75	19	44	37	21
56	47	53	75	39	54	9	37	40
56	47	55	75	75	16	46	37	31
56	47	57	75	60	47	12	37	43
56	47	45	75	28	63	3	37	46
56	47	58	75	20	68	7	37	38
56	47	81	75	55	54	17	37	36
56	47	30	75	47	53	10	37	45
56	47	27	75	71	28	40	37	29
56	40	53	75	39	56	17	21	40
56	40	55	75	75	59	23	21	31
56	40	57	75	60	51	15	21	43
56	40	45	75	28	69	8	21	46
56	40	58	75	20	68	5	21	38
56	40	81	75	55	58	19	21	36
56	40	30	75	47	59	10	21	45
56	40	27	75	71	53	23	21	29
56	53	55	39	75	9	59	40	31
56	53	57	39	60	15	45	40	43
56	53	45	39	28	34	9	40	46
56	53	58	39	20	27	10	40	38
56	53	81	39	55	11	29	40	36
56	53	30	39	47	30	13	40	45
56	53	27	39	71	8	60	40	29
56	55	57	75	60	50	14	31	43
56	55	45	75	28	59	4	31	46
56	55	58	75	20	62	8	31	38
56	55	81	75	55	55	20	31	36
56	55	30	75	47	63	8	31	45
56	55	27	75	71	31	20	31	29
56	57	45	60	28	47	8	43	46
56	57	58	60	20	53	5	43	38
56	57	81	60	55	24	14	43	36
56	57	30	60	47	35	12	43	45
56	57	27	60	71	10	53	43	29
56	45	58	28	20	16	12	46	38
56	45	81	28	55	11	42	46	36
56	45	30	28	47	4	22	46	45
56	45	27	28	71	4	55	46	29
56	58	81	20	55	12	43	38	36
56	58	30	20	47	14	33	38	45
56	58	27	20	71	4	68	38	29
56	81	30	55	47	33	17	36	45
56	81	27	55	71	17	56	36	29
56	30	27	47	71	14	56	45	29
57	56	53	46	100	15	76	35	19
57	56	55	46	38	45	13	35	43
57	56	81	46	55	15	47	35	32
57	56	84	46	68	10	55	35	30
57	56	30	46	59	19	49	35	31
57	56	47	46	38	39	12	35	43
57	56	68	46	42	46	5	35	39
57	56	77	46	19	44	9	35	44
57	56	51	46	48	18	37	35	31
57	53	55	100	38	78	3	19	43
57	53	81	100	55	63	18	19	32
57	53	84	100	68	65	16	19	30
57	53	30	100	59	64	28	19	31
57	53	47	100	38	78	9	19	43
57	53	68	100	42	72	14	19	39
57	53	77	100	19	75	4	19	44
57	53	51	100	48	64	15	19	31
57	55	81	38	55	11	43	43	32
57	55	84	38	68	11	40	43	30
57	55	30	38	59	5	54	43	31
57	55	47	38	38	9	17	43	43
57	55	68	38	42	16	9	43	39
57	55	77	38	19	16	7	43	44
57	55	51	38	48	13	35	43	31
57	81	84	55	68	7	42	32	30
57	81	30	55	59	9	36	32	31
57	81	47	55	38	42	13	32	43
57	81	68	55	42	34	12	32	39
57	81	77	55	19	49	3	32	44
57	81	51	55	48	21	41	32	31
57	84	30	68	59	22	12	30	31
57	84	47	68	38	49	12	30	43
57	84	68	68	42	50	3	30	39
57	84	77	68	19	51	0	30	44
57	84	51	68	48	19	17	30	31
57	30	47	59	38	53	4	31	43
57	30	68	59	42	45	6	31	39
57	30	77	59	19	53	3	31	44
57	30	51	59	48	21	22	31	31
57	47	68	38	42	23	4	43	39
57	47	77	38	19	23	8	43	44
57	47	51	38	48	21	35	43	31
57	68	77	42	19	12	5	39	44
57	68	51	42	48	16	43	39	31
57	77	51	19	48	8	39	44	31
58	40	47	76	80	17	59	30	19
58	40	45	76	80	48	19	30	39
58	40	59	76	91	19	52	30	21
58	40	54	76	80	19	52	30	32
58	40	56	76	0	57	12	30	65535
58	40	55	76	80	15	50	30	30
58	47	45	80	80	51	10	19	39
58	47	59	80	91	55	30	19	21
58	47	54	80	80	55	20	19	32
58	47	56	80	0	68	6	19	65535
58	47	55	80	80	50	21	19	30
58	45	59	80	91	10	68	39	21
58	45	54	80	80	20	62	39	32
58	45	56	80	0	26	6	39	65535
58	45	55	80	80	24	47	39	30
58	59	54	91	80	60	14	21	32
58	59	56	91	0	62	7	21	65535
58	59	55	91	80	64	22	21	30
58	54	56	80	0	56	3	32	65535
58	54	55	80	80	29	29	32	30
58	56	55	0	80	1	63	65535	30
59	58	55	91	46	71	12	19	45
59	58	54	91	66	58	16	19	40
59	58	40	91	51	45	13	19	44
59	58	56	91	50	72	9	19	41
59	58	47	91	65	57	23	19	44
59	55	54	46	66	16	46	45	40
59	55	40	46	51	17	25	45	44
59	55	56	46	50	16	17	45	41
59	55	47	46	65	9	46	45	44
59	54	40	66	51	46	5	40	44
59	54	56	66	50	46	16	40	41
59	54	47	66	65	49	16	40	44
59	40	56	51	50	16	11	44	41
59	40	47	51	65	9	32	44	44
59	56	47	50	65	14	28	41	44
60	48	33	75	58	50	19	35	41
60	48	45	75	50	48	17	35	43
60	48	31	75	61	59	17	35	44
60	48	35	75	48	53	12	35	45
60	48	37	75	56	51	16	35	41
60	48	66	75	71	45	24	35	37
60	33	45	58	50	14	11	41	43
60	33	31	58	61	33	10	41	44
60	33	35	58	48	16	19	41	45
60	33	37	58	56	19	14	41	41
60	33	66	58	71	11	53	41	37
60	45	31	50	61	25	19	43	44
60	45	35	50	48	25	14	43	45
60	45	37	50	56	17	24	43	41
60	45	66	50	71	12	63	43	37
60	31	35	61	48	13	14	44	45
60	31	37	61	56	13	27	44	41
60	31	66	61	71	12	59	44	37
60	35	37	48	56	7	48	45	41
60	35	66	48	71	9	63	45	37
60	37	66	56	71	17	50	41	37
63	8	78	81	79	17	44	42	31
63	8	69	81	66	23	33	42	34
63	8	76	81	12	76	2	42	47
63	8	77	81	59	31	9	42	45
63	8	72	81	12	64	2	42	45
63	8	64	81	3	54	5	42	45
63	78	69	79	66	15	20	31	34
63	78	76	79	12	74	3	31	47
63	78	77	79	59	47	14	31	45
63	78	72	79	12	76	1	31	45
63	78	64	79	3	65	4	31	45
63	69	76	66	12	61	2	34	47
63	69	77	66	59	33	22	34	45
63	69	72	66	12	65	1	34	45
63	69	64	66	3	51	5	34	45
63	76	77	12	59	2	48	47	45
63	76	72	12	12	13	2	47	45
63	76	64	12	3	8	12	47	45
63	77	72	59	12	60	0	45	45
63	77	64	59	3	28	6	45	45
63	72	64	12	3	0	29	45	45
64	80	1	73	100	8	66	43	40
64	80	8	73	12	49	2	43	44
64	80	66	73	89	16	63	43	38
64	80	63	73	0	47	3	43	65535
64	80	72	73	0	71	0	43	65535
64	80	4	73	78	13	27	43	41
64	80	9	73	86	14	46	43	41
64	1	8	100	12	70	4	40	44
64	1	66	100	89	27	41	40	38
64	1	63	100	0	65	7	40	65535
64	1	72	100	0	97	0	40	65535
64	1	4	100	78	65	23	40	41
64	1	9	100	86	33	20	40	41
64	8	66	12	89	0	88	44	38
64	8	63	12	0	0	23	44	65535
64	8	72	12	0	1	0	44	65535
64	8	4	12	78	0	56	44	41
64	8	9	12	86	0	67	44	41
64	66	63	89	0	83	0	38	65535
64	66	72	89	0	92	0	38	65535
64	66	4	89	78	67	18	38	41
64	66	9	89	86	39	14	38	41
64	63	72	0	0	23	0	65535	65535
64	63	4	0	78	1	39	65535	41
64	63	9	0	86	13	69	65535	41
64	72	4	0	78	1	73	65535	41
64	72	9	0	86	1	88	65535	41
64	4	9	78	86	25	48	41	41
65	73	82	96	100	32	28	25	28
65	73	85	96	86	60	30	25	40
65	82	85	100	86	56	18	28	40
66	64	16	91	87	14	59	37	35
66	64	3	91	87	16	14	37	43
66	64	14	91	91	19	14	37	40
66	64	60	91	85	22	10	37	41
66	16	3	87	87	50	28	35	43
66	16	14	87	91	56	22	35	40
66	16	60	87	85	69	10	35	41
66	3	14	87	91	26	21	43	40
66	3	60	87	85	14	15	43	41
66	14	60	91	85	23	14	40	41
67	8	4	100	100	41	24	36	35
67	8	10	100	100	25	59	36	32
67	8	9	100	100	26	67	36	22
67	8	72	100	88	38	22	36	40
67	4	10	100	100	28	47	35	32
67	4	9	100	100	31	52	35	22
67	4	72	100	88	41	9	35	40
67	10	9	100	100	26	60	32	22
67	10	72	100	88	71	20	32	40
67	9	72	100	88	61	17	22	40
68	79	76	76	74	29	54	31	26
68	79	81	76	83	21	41	31	26
68	79	77	76	80	23	45	31	19
68	79	53	76	34	52	1	31	41
68	79	69	76	65	23	45	31	29
68	79	40	76	31	58	6	31	46
68	79	78	76	85	14	50	31	25
68	79	72	76	64	50	12	31	41
68	79	54	76	18	66	1	31	48
68	79	75	76	86	20	58	31	20
68	79	57	76	39	56	4	31	47
68	79	51	76	57	62	3	31	36
68	76	81	74	83	43	31	26	26
68	76	77	74	80	14	52	26	19
68	76	53	74	34	53	6	26	41
68	76	69	74	65	45	16	26	29
68	76	40	74	31	55	10	26	46
68	76	78	74	85	36	32	26	25
68	76	72	74	64	48	23	26	41
68	76	54	74	18	59	10	26	48
68	76	75	74	86	26	50	26	20
68	76	57	74	39	57	11	26	47
68	76	51	74	57	57	11	26	36
68	81	77	83	80	27	58	26	19
68	81	53	83	34	64	7	26	41
68	81	69	83	65	33	22	26	29
68	81	40	83	31	57	6	26	46
68	81	78	83	85	32	26	26	25
68	81	72	83	64	54	14	26	41
68	81	54	83	18	69	2	26	48
68	81	75	83	86	21	52	26	20
68	81	57	83	39	67	9	26	47
68	81	51	83	57	60	12	26	36
68	77	53	80	34	55	11	19	41
68	77	69	80	65	56	15	19	29
68	77	40	80	31	70	5	19	46
68	77	78	80	85	50	25	19	25
68	77	72	80	64	60	11	19	41
68	77	54	80	18	74	1	19	48
68	77	75	80	86	42	31	19	20
68	77	57	80	39	61	8	19	47
68	77	51	80	57	55	12	19	36
68	53	69	34	65	9	49	41	29
68	53	40	34	31	16	10	41	46
68	53	78	34	85	2	62	41	25
68	53	72	34	64	2	37	41	41
68	53	54	34	18	21	4	41	48
68	53	75	34	86	4	73	41	20
68	53	57	34	39	8	13	41	47
68	53	51	34	57	7	38	41	36
68	69	40	65	31	57	6	29	46
68	69	78	65	85	21	29	29	25
68	69	72	65	64	41	23	29	41
68	69	54	65	18	59	5	29	48
68	69	75	65	86	11	60	29	20
68	69	57	65	39	55	8	29	47
68	69	51	65	57	43	9	29	36
68	40	78	31	85	7	66	46	25
68	40	72	31	64	7	43	46	41
68	40	54	31	18	18	6	46	48
68	40	75	31	86	7	69	46	20
68	40	57	31	39	6	22	46	47
68	40	51	31	57	8	37	46	36
68	78	72	85	64	53	14	25	41
68	78	54	85	18	77	3	25	48
68	78	75	85	86	17	58	25	20
68	78	57	85	39	70	4	25	47
68	78	51	85	57	63	6	25	36
68	72	54	64	18	61	3	41	48
68	72	75	64	86	14	63	41	20
68	72	57	64	39	31	4	41	47
68	72	51	64	57	21	37	41	36
68	54	75	18	86	0	77	48	20
68	54	57	18	39	3	35	48	47
68	54	51	18	57	3	43	48	36
68	75	57	86	39	72	5	20	47
68	75	51	86	57	72	6	20	36
68	57	51	39	57	7	41	47	36
69	75	136	64	63	42	14	36	45
69	75	123	64	83	42	20	36	42
69	75	72	64	63	51	15	36	43
69	75	78	64	76	19	43	36	28
69	75	76	64	90	10	60	36	9
69	75	63	64	60	12	51	36	34
69	75	81	64	42	60	8	36	37
69	75	77	64	63	12	51	36	31
69	75	80	64	78	35	23	36	38
69	75	68	64	68	14	38	36	25
69	136	123	63	83	10	59	45	42
69	136	72	63	63	15	10	45	43
69	136	78	63	76	12	61	45	28
69	136	76	63	90	5	66	45	9
69	136	63	63	60	17	46	45	34
69	136	81	63	42	26	37	45	37
69	136	77	63	63	15	46	45	31
69	136	80	63	78	14	49	45	38
69	136	68	63	68	11	53	45	25
69	123	72	83	63	60	9	42	43
69	123	78	83	76	20	45	42	28
69	123	76	83	90	35	44	42	9
69	123	63	83	60	16	42	42	34
69	123	81	83	42	31	7	42	37
69	123	77	83	63	15	49	42	31
69	123	80	83	78	18	33	42	38
69	123	68	83	68	19	47	42	25
69	72	78	63	76	11	61	43	28
69	72	76	63	90	16	60	43	9
69	72	63	63	60	19	42	43	34
69	72	81	63	42	20	38	43	37
69	72	77	63	63	20	46	43	31
69	72	80	63	78	13	54	43	38
69	72	68	63	68	23	45	43	25
69	78	76	76	90	24	61	28	9
69	78	63	76	60	62	15	28	34
69	78	81	76	42	61	12	28	37
69	78	77	76	63	23	22	28	31
69	78	80	76	78	57	19	28	38
69	78	68	76	68	24	43	28	25
69	76	63	90	60	72	12	9	34
69	76	81	90	42	67	13	9	37
69	76	77	90	63	65	10	9	31
69	76	80	90	78	53	22	9	38
69	76	68	90	68	57	16	9	25
69	63	81	60	42	42	6	34	37
69	63	77	60	63	18	48	34	31
69	63	80	60	78	44	11	34	38
69	63	68	60	68	17	44	34	25
69	81	77	42	63	11	54	37	31
69	81	80	42	78	5	38	37	38
69	81	68	42	68	12	49	37	25
69	77	80	63	78	58	14	31	38
69	77	68	63	68	16	38	31	25
69	80	68	78	68	13	47	38	25
70	85	78	66	86	10	65	43	31
70	85	71	66	5	65	4	43	45
70	85	72	66	80	13	48	43	26
70	78	71	86	5	77	2	31	45
70	78	72	86	80	23	52	31	26
70	71	72	5	80	1	63	45	26
71	72	74	81	88	40	23	31	33
71	72	70	81	15	77	2	31	45
71	72	78	81	53	53	11	31	42
71	74	70	88	15	77	0	33	45
71	74	78	88	53	62	9	33	42
71	70	78	15	53	4	41	45	42
72	8	76	89	67	26	47	39	40
72	8	75	89	1	93	0	39	45
72	8	68	89	58	29	6	39	37
72	8	67	89	88	22	31	39	39
72	8	71	89	80	15	50	39	31
72	8	78	89	89	23	57	39	28
72	8	77	89	72	29	11	39	40
72	8	85	89	11	88	0	39	45
72	8	70	89	78	24	60	39	27
72	8	63	89	0	78	0	39	65535
72	8	69	89	60	32	12	39	45
72	76	75	67	1	73	0	40	45
72	76	68	67	58	52	12	40	37
72	76	67	67	88	39	30	40	39
72	76	71	67	80	9	55	40	31
72	76	78	67	89	12	64	40	28
72	76	77	67	72	16	38	40	40
72	76	85	67	11	61	3	40	45
72	76	70	67	78	7	60	40	27
72	76	63	67	0	61	0	40	65535
72	76	69	67	60	50	14	40	45
72	75	68	1	58	4	44	45	37
72	75	67	1	88	0	87	45	39
72	75	71	1	80	1	81	45	31
72	75	78	1	89	0	87	45	28
72	75	77	1	72	0	73	45	40
72	75	85	1	11	0	34	45	45
72	75	70	1	78	0	77	45	27
72	75	63	1	0	0	0	45	65535
72	75	69	1	60	0	57	45	45
72	68	67	58	88	13	41	37	39
72	68	71	58	80	6	53	37	31
72	68	78	58	89	18	68	37	28
72	68	77	58	72	15	17	37	40
72	68	85	58	11	57	1	37	45
72	68	70	58	78	6	63	37	27
72	68	63	58	0	64	0	37	65535
72	68	69	58	60	23	25	37	45
72	67	71	88	80	18	52	39	31
72	67	78	88	89	21	52	39	28
72	67	77	88	72	30	9	39	40
72	67	85	88	11	85	3	39	45
72	67	70	88	78	16	57	39	27
72	67	63	88	0	87	0	39	65535
72	67	69	88	60	57	12	39	45
72	71	78	80	89	31	14	31	28
72	71	77	80	72	58	11	31	40
72	71	85	80	11	76	2	31	45
72	71	70	80	78	22	49	31	27
72	71	63	80	0	81	0	31	65535
72	71	69	80	60	60	11	31	45
72	78	77	89	72	47	23	28	40
72	78	85	89	11	86	0	28	45
72	78	70	89	78	15	55	28	27
72	78	63	89	0	83	0	28	65535
72	78	69	89	60	68	15	28	45
72	77	85	72	11	70	3	40	45
72	77	70	72	78	10	51	40	27
72	77	63	72	0	64	0	40	65535
72	77	69	72	60	36	13	40	45
72	85	70	11	78	0	70	45	27
72	85	63	11	0	12	0	45	65535
72	85	69	11	60	1	54	45	45
72	70	63	78	0	79	0	27	65535
72	70	69	78	60	58	9	27	45
72	63	69	0	60	0	42	65535	45
73	82	85	85	99	21	63	45	27
73	82	65	85	98	20	66	45	24
73	82	119	85	90	17	19	45	39
73	85	65	99	98	38	35	27	24
73	85	119	99	90	79	13	27	39
73	65	119	98	90	59	9	24	39
74	71	0	89	0	0	0	32	65535
75	76	68	76	86	19	53	27	17
75	76	79	76	96	17	51	27	20
75	76	77	76	82	33	20	27	24
75	76	78	76	71	48	16	27	36
75	76	69	76	67	58	15	27	37
75	68	79	86	96	52	36	17	20
75	68	77	86	82	57	19	17	24
75	68	78	86	71	46	17	17	36
75	68	69	86	67	63	7	17	37
75	79	77	96	82	61	9	20	24
75	79	78	96	71	63	7	20	36
75	79	69	96	67	71	12	20	37
75	77	78	82	71	57	18	24	36
75	77	69	82	67	54	18	24	37
75	78	69	71	67	23	35	36	37
76	75	132	72	72	57	10	23	43
76	75	77	72	74	44	16	23	35
76	75	72	72	72	51	18	23	37
76	75	79	72	68	48	15	23	40
76	75	80	72	51	60	7	23	43
76	75	81	72	70	51	21	23	31
76	75	69	72	92	15	63	23	10
76	75	78	72	78	61	17	23	28
76	75	68	72	74	21	25	23	20
76	132	77	72	74	21	56	43	35
76	132	72	72	72	11	48	43	37
76	132	79	72	68	18	7	43	40
76	132	80	72	51	22	8	43	43
76	132	81	72	70	17	49	43	31
76	132	69	72	92	9	67	43	10
76	132	78	72	78	14	60	43	28
76	132	68	72	74	13	55	43	20
76	77	72	74	72	38	18	35	37
76	77	79	74	68	60	3	35	40
76	77	80	74	51	51	2	35	43
76	77	81	74	70	17	42	35	31
76	77	69	74	92	20	62	35	10
76	77	78	74	78	21	50	35	28
76	77	68	74	74	20	48	35	20
76	72	79	72	68	52	2	37	40
76	72	80	72	51	63	5	37	43
76	72	81	72	70	21	51	37	31
76	72	69	72	92	23	63	37	10
76	72	78	72	78	21	47	37	28
76	72	68	72	74	19	50	37	20
76	79	80	68	51	5	14	40	43
76	79	81	68	70	12	50	40	31
76	79	69	68	92	15	61	40	10
76	79	78	68	78	6	61	40	28
76	79	68	68	74	8	52	40	20
76	80	81	51	70	7	53	43	31
76	80	69	51	92	7	78	43	10
76	80	78	51	78	4	70	43	28
76	80	68	51	74	9	50	43	20
76	81	69	70	92	16	61	31	10
76	81	78	70	78	27	54	31	28
76	81	68	70	74	20	56	31	20
76	69	78	92	78	66	22	10	28
76	69	68	92	74	55	22	10	20
76	78	68	78	74	17	48	28	20
77	68	69	81	71	56	15	17	33
77	68	72	81	68	51	25	17	40
77	68	57	81	22	69	4	17	48
77	68	63	81	49	63	11	17	47
77	68	53	81	63	51	16	17	36
77	68	78	81	85	42	31	17	22
77	68	76	81	67	43	14	17	38
77	68	75	81	81	51	23	17	24
77	68	79	81	10	73	2	17	45
77	68	81	81	51	52	12	17	40
77	69	72	71	68	42	24	33	40
77	69	57	71	22	64	4	33	48
77	69	63	71	49	53	8	33	47
77	69	53	71	63	53	13	33	36
77	69	78	71	85	14	65	33	22
77	69	76	71	67	45	22	33	38
77	69	75	71	81	14	59	33	24
77	69	79	71	10	73	0	33	45
77	69	81	71	51	60	12	33	40
77	72	57	68	22	61	6	40	48
77	72	63	68	49	54	5	40	47
77	72	53	68	63	22	44	40	36
77	72	78	68	85	20	59	40	22
77	72	76	68	67	18	53	40	38
77	72	75	68	81	25	47	40	24
77	72	79	68	10	74	0	40	45
77	72	81	68	51	41	11	40	40
77	57	63	22	49	3	35	48	47
77	57	53	22	63	3	59	48	36
77	57	78	22	85	3	71	48	22
77	57	76	22	67	7	60	48	38
77	57	75	22	81	1	71	48	24
77	57	79	22	10	17	0	48	45
77	57	81	22	51	9	31	48	40
77	63	53	49	63	18	43	47	36
77	63	78	49	85	16	60	47	22
77	63	76	49	67	7	55	47	38
77	63	75	49	81	9	51	47	24
77	63	79	49	10	61	0	47	45
77	63	81	49	51	10	28	47	40
77	53	78	63	85	10	68	36	22
77	53	76	63	67	13	44	36	38
77	53	75	63	81	9	63	36	24
77	53	79	63	10	64	0	36	45
77	53	81	63	51	45	13	36	40
77	78	76	85	67	67	14	22	38
77	78	75	85	81	25	39	22	24
77	78	79	85	10	89	0	22	45
77	78	81	85	51	72	19	22	40
77	76	75	67	81	17	56	38	24
77	76	79	67	10	74	0	38	45
77	76	81	67	51	54	16	38	40
77	75	79	81	10	79	0	24	45
77	75	81	81	51	59	10	24	40
77	79	81	10	51	0	54	45	40
78	75	70	63	84	9	60	38	34
78	75	68	63	83	23	55	38	26
78	75	76	63	65	21	57	38	35
78	75	69	63	77	19	49	38	31
78	75	63	63	78	12	54	38	34
78	75	71	63	48	61	12	38	44
78	75	72	63	84	9	67	38	31
78	75	77	63	85	16	62	38	25
78	75	81	63	59	41	22	38	35
78	70	68	84	83	17	52	34	26
78	70	76	84	65	15	45	34	35
78	70	69	84	77	19	50	34	31
78	70	63	84	78	25	13	34	34
78	70	71	84	48	66	8	34	44
78	70	72	84	84	20	50	34	31
78	70	77	84	85	5	55	34	25
78	70	81	84	59	59	5	34	35
78	68	76	83	65	48	25	26	35
78	68	69	83	77	54	19	26	31
78	68	63	83	78	57	12	26	34
78	68	71	83	48	66	10	26	44
78	68	72	83	84	30	36	26	31
78	68	77	83	85	24	46	26	25
78	68	81	83	59	52	12	26	35
78	76	69	65	77	38	19	35	31
78	76	63	65	78	52	13	35	34
78	76	71	65	48	61	5	35	44
78	76	72	65	84	19	34	35	31
78	76	77	65	85	17	68	35	25
78	76	81	65	59	60	13	35	35
78	69	63	77	78	46	13	31	34
78	69	71	77	48	60	10	31	44
78	69	72	77	84	22	27	31	31
78	69	77	77	85	21	52	31	25
78	69	81	77	59	52	14	31	35
78	63	71	78	48	67	12	34	44
78	63	72	78	84	17	52	34	31
78	63	77	78	85	20	56	34	25
78	63	81	78	59	58	5	34	35
78	71	72	48	84	7	75	44	31
78	71	77	48	85	5	76	44	25
78	71	81	48	59	14	49	44	35
78	72	77	84	85	17	64	31	25
78	72	81	84	59	66	13	31	35
78	77	81	85	59	59	13	25	35
79	81	75	42	99	7	77	40	20
79	81	68	42	72	7	49	40	30
79	81	138	42	79	2	59	40	38
79	81	76	42	51	20	14	40	45
79	81	69	42	23	17	8	40	46
79	75	68	99	72	69	19	20	30
79	75	138	99	79	67	8	20	38
79	75	76	99	51	70	16	20	45
79	75	69	99	23	64	8	20	46
79	68	138	72	79	40	22	30	38
79	68	76	72	51	52	17	30	45
79	68	69	72	23	44	6	30	46
79	138	76	79	51	67	6	38	45
79	138	69	79	23	71	3	38	46
79	76	69	51	23	21	7	45	46
80	2	69	81	75	18	28	40	39
80	2	76	81	51	37	2	40	46
80	2	64	81	69	36	14	40	41
80	2	118	81	87	8	10	40	41
80	69	76	75	51	45	12	39	46
80	69	64	75	69	56	18	39	41
80	69	118	75	87	33	22	39	41
80	76	64	51	69	7	33	46	41
80	76	118	51	87	3	43	46	41
80	64	118	69	87	11	21	41	41
81	68	51	77	45	71	7	26	40
81	68	76	77	66	54	13	26	36
81	68	77	77	44	54	9	26	43
81	68	79	77	28	74	4	26	44
81	68	54	77	48	65	14	26	42
81	68	57	77	64	60	20	26	39
81	68	75	77	74	48	15	26	33
81	68	53	77	36	65	6	26	41
81	68	83	77	44	61	9	26	44
81	68	78	77	55	57	12	26	39
81	68	56	77	58	63	11	26	36
81	51	76	45	66	8	60	40	36
81	51	77	45	44	12	23	40	43
81	51	79	45	28	10	15	40	44
81	51	54	45	48	9	21	40	42
81	51	57	45	64	9	47	40	39
81	51	75	45	74	10	50	40	33
81	51	53	45	36	15	9	40	41
81	51	83	45	44	16	26	40	44
81	51	78	45	55	7	19	40	39
81	51	56	45	58	7	29	40	36
81	76	77	66	44	42	13	36	43
81	76	79	66	28	38	14	36	44
81	76	54	66	48	44	12	36	42
81	76	57	66	64	30	19	36	39
81	76	75	66	74	21	19	36	33
81	76	53	66	36	56	14	36	41
81	76	83	66	44	42	10	36	44
81	76	78	66	55	36	12	36	39
81	76	56	66	58	53	19	36	36
81	77	79	44	28	13	10	43	44
81	77	54	44	48	7	24	43	42
81	77	57	44	64	16	33	43	39
81	77	75	44	74	15	39	43	33
81	77	53	44	36	13	9	43	41
81	77	83	44	44	16	14	43	44
81	77	78	44	55	12	22	43	39
81	77	56	44	58	9	36	43	36
81	79	54	28	48	10	34	44	42
81	79	57	28	64	13	49	44	39
81	79	75	28	74	12	40	44	33
81	79	53	28	36	9	3	44	41
81	79	83	28	44	13	15	44	44
81	79	78	28	55	8	14	44	39
81	79	56	28	58	9	34	44	36
81	54	57	48	64	14	34	42	39
81	54	75	48	74	10	50	42	33
81	54	53	48	36	34	11	42	41
81	54	83	48	44	38	7	42	44
81	54	78	48	55	15	17	42	39
81	54	56	48	58	18	19	42	36
81	57	75	64	74	12	24	39	33
81	57	53	64	36	32	8	39	41
81	57	83	64	44	32	10	39	44
81	57	78	64	55	43	18	39	39
81	57	56	64	58	34	18	39	36
81	75	53	74	36	50	7	33	41
81	75	83	74	44	52	11	33	44
81	75	78	74	55	34	19	33	39
81	75	56	74	58	43	15	33	36
81	53	83	36	44	6	21	41	44
81	53	78	36	55	3	27	41	39
81	53	56	36	58	8	34	41	36
81	83	78	44	55	15	17	44	39
81	83	56	44	58	14	37	44	36
81	78	56	55	58	10	35	39	36
82	85	65	98	100	52	28	27	24
82	85	73	98	63	69	18	27	40
82	85	70	98	2	95	1	27	45
82	65	73	100	63	54	28	24	40
82	65	70	100	2	99	1	24	45
82	73	70	63	2	69	1	40	45
83	19	17	52	75	15	28	43	44
83	19	81	52	41	23	7	43	41
83	19	136	52	0	42	0	43	65535
83	17	81	75	41	44	7	44	41
83	17	136	75	0	83	0	44	65535
83	81	136	41	0	46	0	41	65535
84	57	51	59	42	37	12	37	39
84	57	53	59	63	27	16	37	31
84	57	40	59	38	47	7	37	41
84	51	53	42	63	7	45	39	31
84	51	40	42	38	15	20	39	41
84	53	40	63	38	52	11	31	41
85	65	73	88	98	23	64	36	22
85	65	82	88	100	23	63	36	27
85	65	70	88	75	24	8	36	41
85	73	82	98	100	57	27	22	27
85	73	70	98	75	63	24	22	41
85	82	70	100	75	62	21	27	41
117	126	118	89	82	55	19	36	40
117	126	128	89	89	27	55	36	32
117	126	130	89	89	28	57	36	25
117	126	124	89	100	21	60	36	17
117	126	132	89	47	56	12	36	47
117	126	122	89	70	57	9	36	47
117	118	128	82	89	4	60	40	32
117	118	130	82	89	14	54	40	25
117	118	124	82	100	6	72	40	17
117	118	132	82	47	53	10	40	47
117	118	122	82	70	48	14	40	47
117	128	130	89	89	30	52	32	25
117	128	124	89	100	25	61	32	17
117	128	132	89	47	67	9	32	47
117	128	122	89	70	61	10	32	47
117	130	124	89	100	20	62	25	17
117	130	132	89	47	74	7	25	47
117	130	122	89	70	67	8	25	47
117	124	132	100	47	75	13	17	47
117	124	122	100	70	72	15	17	47
117	132	122	47	70	15	29	47	47
118	117	120	69	100	11	72	42	19
118	117	80	69	83	11	15	42	40
118	117	126	69	100	19	67	42	27
118	117	132	69	100	19	70	42	23
118	117	123	69	99	13	78	42	31
118	117	136	69	89	15	68	42	37
118	120	80	100	83	66	10	19	40
118	120	126	100	100	56	26	19	27
118	120	132	100	100	39	28	19	23
118	120	123	100	99	59	24	19	31
118	120	136	100	89	57	28	19	37
118	80	126	83	100	5	73	40	27
118	80	132	83	100	12	65	40	23
118	80	123	83	99	8	84	40	31
118	80	136	83	89	6	66	40	37
118	126	132	100	100	29	55	27	23
118	126	123	100	99	42	12	27	31
118	126	136	100	89	70	11	27	37
118	132	123	100	99	63	29	23	31
118	132	136	100	89	72	10	23	37
118	123	136	99	89	63	25	31	37
119	139	133	100	100	15	73	29	13
119	139	137	100	100	22	67	29	19
119	139	131	100	89	58	25	29	43
119	139	73	100	89	70	4	29	40
119	139	138	100	25	54	26	29	48
119	133	137	100	100	57	37	13	19
119	133	131	100	89	62	22	13	43
119	133	73	100	89	70	8	13	40
119	133	138	100	25	65	14	13	48
119	137	131	100	89	61	27	19	43
119	137	73	100	89	71	8	19	40
119	137	138	100	25	69	20	19	48
119	131	73	89	89	18	10	43	40
119	131	138	89	25	42	21	43	48
119	73	138	89	25	41	18	40	48
120	123	126	85	61	36	7	44	43
120	123	124	85	87	25	15	44	38
120	123	136	85	100	11	78	44	24
120	123	118	85	100	17	66	44	23
120	123	132	85	92	20	58	44	31
120	123	135	85	4	70	0	44	48
120	126	124	61	87	18	54	43	38
120	126	136	61	100	8	77	43	24
120	126	118	61	100	17	64	43	23
120	126	132	61	92	6	72	43	31
120	126	135	61	4	42	0	43	48
120	124	136	87	100	13	65	38	24
120	124	118	87	100	6	72	38	23
120	124	132	87	92	16	62	38	31
120	124	135	87	4	53	1	38	48
120	136	118	100	100	30	33	24	23
120	136	132	100	92	69	10	24	31
120	136	135	100	4	95	0	24	48
120	118	132	100	92	74	21	23	31
120	118	135	100	4	97	0	23	48
120	132	135	92	4	81	0	31	48
122	138	135	75	100	27	60	44	23
122	138	117	75	58	55	17	44	46
122	138	132	75	1	80	0	44	49
122	138	131	75	100	15	66	44	17
122	138	136	75	21	68	4	44	46
122	138	137	75	91	26	55	44	36
122	135	117	100	58	84	4	23	46
122	135	132	100	1	99	1	23	49
122	135	131	100	100	26	67	23	17
122	135	136	100	21	93	6	23	46
122	135	137	100	91	62	11	23	36
122	117	132	58	1	59	0	46	49
122	117	131	58	100	5	74	46	17
122	117	136	58	21	45	9	46	46
122	117	137	58	91	15	67	46	36
122	132	131	1	100	1	97	49	17
122	132	136	1	21	1	12	49	46
122	132	137	1	91	1	91	49	36
122	131	136	100	21	90	4	17	46
122	131	137	100	91	56	22	17	36
122	136	137	21	91	5	76	46	36
123	118	76	100	76	69	7	30	42
123	118	120	100	83	70	20	30	38
123	118	138	100	66	78	11	30	46
123	118	135	100	99	65	12	30	35
123	118	69	100	76	68	9	30	41
123	118	132	100	100	27	63	30	17
123	118	136	100	94	52	26	30	41
123	118	124	100	20	83	4	30	44
123	76	120	76	83	39	30	42	38
123	76	138	76	66	57	26	42	46
123	76	135	76	99	8	59	42	35
123	76	69	76	76	27	10	42	41
123	76	132	76	100	17	52	42	17
123	76	136	76	94	10	35	42	41
123	76	124	76	20	58	10	42	44
123	120	138	83	66	32	8	38	46
123	120	135	83	99	28	49	38	35
123	120	69	83	76	25	42	38	41
123	120	132	83	100	19	71	38	17
123	120	136	83	94	32	21	38	41
123	120	124	83	20	48	1	38	44
123	138	135	66	99	5	67	46	35
123	138	69	66	76	7	65	46	41
123	138	132	66	100	4	88	46	17
123	138	136	66	94	8	14	46	41
123	138	124	66	20	40	1	46	44
123	135	69	99	76	68	11	35	41
123	135	132	99	100	13	67	35	17
123	135	136	99	94	83	6	35	41
123	135	124	99	20	92	0	35	44
123	69	132	76	100	10	63	41	17
123	69	136	76	94	47	17	41	41
123	69	124	76	20	74	0	41	44
123	132	136	100	94	87	2	17	41
123	132	124	100	20	94	0	17	44
123	136	124	94	20	20	0	41	44
124	132	136	14	14	21	15	46	45
124	132	126	14	100	18	61	46	14
124	132	130	14	90	4	71	46	28
124	132	117	14	95	18	68	46	20
124	132	123	14	13	53	5	46	49
124	132	120	14	28	21	51	46	38
124	132	128	14	99	5	66	46	23
124	136	126	14	100	5	80	45	14
124	136	130	14	90	5	67	45	28
124	136	117	14	95	18	69	45	20
124	136	123	14	13	34	16	45	49
124	136	120	14	28	8	55	45	38
124	136	128	14	99	9	74	45	23
124	126	130	100	90	65	23	14	28
124	126	117	100	95	55	24	14	20
124	126	123	100	13	91	2	14	49
124	126	120	100	28	76	18	14	38
124	126	128	100	99	67	22	14	23
124	130	117	90	95	24	62	28	20
124	130	123	90	13	65	3	28	49
124	130	120	90	28	61	16	28	38
124	130	128	90	99	23	64	28	23
124	117	123	95	13	77	3	20	49
124	117	120	95	28	71	11	20	38
124	117	128	95	99	58	31	20	23
124	123	120	13	28	5	58	49	38
124	123	128	13	99	4	83	49	23
124	120	128	28	99	12	71	38	23
126	118	130	100	100	45	12	28	25
126	118	120	100	64	76	17	28	42
126	118	124	100	100	14	69	28	10
126	118	132	100	85	62	28	28	44
126	118	117	100	86	62	17	28	39
126	130	120	100	64	70	6	25	42
126	130	124	100	100	25	62	25	10
126	130	132	100	85	70	14	25	44
126	130	117	100	86	75	21	25	39
126	120	124	64	100	15	67	42	10
126	120	132	64	85	14	23	42	44
126	120	117	64	86	20	63	42	39
126	124	132	100	85	67	18	10	44
126	124	117	100	86	71	19	10	39
126	132	117	85	86	22	65	44	39
128	130	117	100	91	74	28	10	35
128	130	124	100	99	54	25	10	21
128	117	124	91	99	25	64	35	21
130	126	117	100	87	36	34	28	29
130	126	128	100	100	33	48	28	13
130	126	124	100	98	72	22	28	28
130	117	128	87	100	34	53	29	13
130	117	124	87	98	55	35	29	28
130	128	124	100	98	51	32	13	28
131	139	137	100	99	63	22	14	31
131	139	138	100	77	69	21	14	45
131	139	119	100	97	61	28	14	39
131	139	122	100	100	67	20	14	20
131	139	135	100	99	74	17	14	30
131	137	138	99	77	66	20	31	45
131	137	119	99	97	65	26	31	39
131	137	122	99	100	20	54	31	20
131	137	135	99	99	12	58	31	30
131	138	119	77	97	20	31	45	39
131	138	122	77	100	22	80	45	20
131	138	135	77	99	19	65	45	30
131	119	122	97	100	11	61	39	20
131	119	135	97	99	9	71	39	30
131	122	135	100	99	63	21	20	30
132	135	124	74	69	16	12	43	40
132	135	117	74	46	24	6	43	47
132	135	118	74	100	6	83	43	22
132	135	126	74	81	9	22	43	40
132	135	123	74	100	14	78	43	18
132	135	76	74	68	21	35	43	44
132	135	120	74	93	16	68	43	26
132	124	117	69	46	33	20	40	47
132	124	118	69	100	6	73	40	22
132	124	126	69	81	19	27	40	40
132	124	123	69	100	15	72	40	18
132	124	76	69	68	28	36	40	44
132	124	120	69	93	21	54	40	26
132	117	118	46	100	13	71	47	22
132	117	126	46	81	17	50	47	40
132	117	123	46	100	9	70	47	18
132	117	76	46	68	9	50	47	44
132	117	120	46	93	5	76	47	26
132	118	126	100	81	62	16	22	40
132	118	123	100	100	26	65	22	18
132	118	76	100	68	68	7	22	44
132	118	120	100	93	55	23	22	26
132	126	123	81	100	10	63	40	18
132	126	76	81	68	35	19	40	44
132	126	120	81	93	23	49	40	26
132	123	76	100	68	57	22	18	44
132	123	120	100	93	70	20	18	26
132	76	120	68	93	10	70	44	26
133	137	119	100	100	24	61	30	8
133	137	138	100	13	81	2	30	48
133	137	139	100	6	86	2	30	46
133	119	138	100	13	87	5	8	48
133	119	139	100	6	83	3	8	46
133	138	139	13	6	9	7	48	46
135	138	132	90	82	58	24	42	45
135	138	122	90	100	19	57	42	25
135	138	139	90	100	26	67	42	33
135	138	123	90	100	24	60	42	38
135	138	131	90	100	17	67	42	31
135	138	120	90	5	91	0	42	46
135	138	21	90	0	90	0	42	65535
135	138	118	90	0	91	0	42	65535
135	132	122	82	100	17	66	45	25
135	132	139	82	100	7	72	45	33
135	132	123	82	100	25	62	45	38
135	132	131	82	100	10	68	45	31
135	132	120	82	5	72	0	45	46
135	132	21	82	0	74	0	45	65535
135	132	118	82	0	77	0	45	65535
135	122	139	100	100	60	23	25	33
135	122	123	100	100	75	16	25	38
135	122	131	100	100	64	31	25	31
135	122	120	100	5	98	1	25	46
135	122	21	100	0	100	0	25	65535
135	122	118	100	0	99	0	25	65535
135	139	123	100	100	63	16	33	38
135	139	131	100	100	31	61	33	31
135	139	120	100	5	97	0	33	46
135	139	21	100	0	100	0	33	65535
135	139	118	100	0	99	0	33	65535
135	123	131	100	100	10	64	38	31
135	123	120	100	5	95	1	38	46
135	123	21	100	0	100	0	38	65535
135	123	118	100	0	100	0	38	65535
135	131	120	100	5	97	0	31	46
135	131	21	100	0	100	0	31	65535
135	131	118	100	0	100	0	31	65535
135	120	21	5	0	7	0	46	65535
135	120	118	5	0	5	0	46	65535
135	21	118	0	0	0	0	65535	65535
136	123	69	97	60	64	18	41	45
136	123	118	97	92	34	44	41	35
136	123	124	97	70	61	20	41	40
136	123	120	97	100	22	56	41	19
136	123	122	97	48	67	4	41	47
136	69	118	60	92	6	68	45	35
136	69	124	60	70	12	26	45	40
136	69	120	60	100	5	71	45	19
136	69	122	60	48	7	13	45	47
136	118	124	92	70	70	13	35	40
136	118	120	92	100	24	63	35	19
136	118	122	92	48	84	2	35	47
136	124	120	70	100	17	62	40	19
136	124	122	70	48	27	3	40	47
136	120	122	100	48	74	1	19	47
137	133	139	98	100	23	54	33	25
137	133	131	98	99	50	29	33	33
137	133	119	98	93	22	60	33	17
137	133	138	98	77	54	23	33	43
137	133	122	98	88	67	13	33	41
137	133	21	98	0	89	0	33	65535
137	139	131	100	99	55	22	25	33
137	139	119	100	93	23	64	25	17
137	139	138	100	77	65	15	25	43
137	139	122	100	88	71	8	25	41
137	139	21	100	0	94	0	25	65535
137	131	119	99	93	24	64	33	17
137	131	138	99	77	54	27	33	43
137	131	122	99	88	53	29	33	41
137	131	21	99	0	91	0	33	65535
137	119	138	93	77	55	22	17	43
137	119	122	93	88	69	15	17	41
137	119	21	93	0	100	0	17	65535
137	138	122	77	88	19	39	43	41
137	138	21	77	0	83	0	43	65535
137	122	21	88	0	99	0	41	65535
138	79	122	77	85	58	25	35	44
138	79	123	77	77	45	25	35	45
138	79	139	77	100	7	76	35	29
138	79	131	77	85	47	33	35	41
138	79	137	77	89	38	36	35	37
138	79	133	77	33	65	9	35	46
138	79	119	77	82	48	30	35	40
138	79	135	77	90	55	23	35	37
138	122	123	85	77	26	8	44	45
138	122	139	85	100	19	70	44	29
138	122	131	85	85	33	22	44	41
138	122	137	85	89	22	53	44	37
138	122	133	85	33	70	11	44	46
138	122	119	85	82	34	10	44	40
138	122	135	85	90	31	53	44	37
138	123	139	77	100	11	76	45	29
138	123	131	77	85	7	19	45	41
138	123	137	77	89	11	60	45	37
138	123	133	77	33	32	8	45	46
138	123	119	77	82	11	18	45	40
138	123	135	77	90	19	52	45	37
138	139	131	100	85	65	20	29	41
138	139	137	100	89	66	22	29	37
138	139	133	100	33	71	12	29	46
138	139	119	100	82	73	17	29	40
138	139	135	100	90	73	17	29	37
138	131	137	85	89	31	45	41	37
138	131	133	85	33	55	2	41	46
138	131	119	85	82	32	22	41	40
138	131	135	85	90	30	59	41	37
138	137	133	89	33	67	8	37	46
138	137	119	89	82	42	33	37	40
138	137	135	89	90	10	20	37	37
138	133	119	33	82	7	41	46	40
138	133	135	33	90	7	74	46	37
138	119	135	82	90	10	58	40	37
139	135	137	98	99	12	75	33	24
139	135	133	98	1	99	0	33	47
139	135	119	98	100	11	74	33	25
139	135	138	98	100	30	60	33	32
139	135	131	98	99	23	64	33	13
139	137	133	99	1	93	0	24	47
139	137	119	99	100	62	27	24	25
139	137	138	99	100	60	30	24	32
139	137	131	99	99	31	64	24	13
139	133	119	1	100	0	92	47	25
139	133	138	1	100	0	99	47	32
139	133	131	1	99	0	96	47	13
139	119	138	100	100	40	33	25	32
139	119	131	100	99	19	75	25	13
139	138	131	100	99	23	62	32	13
