1	9	10	96	91	49	29	31	30
1	9	3	96	94	57	12	31	46
1	9	11	96	64	63	23	31	48
1	9	8	96	99	27	42	31	25
1	9	64	96	96	64	21	31	35
1	9	13	96	100	23	67	31	13
1	9	66	96	71	74	4	31	43
1	9	4	96	93	64	26	31	27
1	9	17	96	2	90	1	31	46
1	9	15	96	0	98	0	31	65535
1	10	3	91	94	66	12	30	46
1	10	11	91	64	52	3	30	48
1	10	8	91	99	31	44	30	25
1	10	64	91	96	4	78	30	35
1	10	13	91	100	8	81	30	13
1	10	66	91	71	64	15	30	43
1	10	4	91	93	27	68	30	27
1	10	17	91	2	98	0	30	46
1	10	15	91	0	96	0	30	65535
1	3	11	94	64	18	14	46	48
1	3	8	94	99	39	26	46	25
1	3	64	94	96	9	60	46	35
1	3	13	94	100	24	58	46	13
1	3	66	94	71	37	14	46	43
1	3	4	94	93	11	72	46	27
1	3	17	94	2	39	15	46	46
1	3	15	94	0	96	0	46	65535
1	11	8	64	99	20	52	48	25
1	11	64	64	96	14	69	48	35
1	11	13	64	100	22	54	48	13
1	11	66	64	71	21	9	48	43
1	11	4	64	93	16	49	48	27
1	11	17	64	2	71	0	48	46
1	11	15	64	0	90	0	48	65535
1	8	64	99	96	29	43	25	35
1	8	13	99	100	23	61	25	13
1	8	66	99	71	69	8	25	43
1	8	4	99	93	20	58	25	27
1	8	17	99	2	11	38	25	46
1	8	15	99	0	95	0	25	65535
1	64	13	96	100	8	64	35	13
1	64	66	96	71	68	10	35	43
1	64	4	96	93	17	65	35	27
1	64	17	96	2	64	8	35	46
1	64	15	96	0	100	0	35	65535
1	13	66	100	71	71	12	13	43
1	13	4	100	93	72	12	13	27
1	13	17	100	2	72	21	13	46
1	13	15	100	0	100	0	13	65535
1	66	4	71	93	5	75	43	27
1	66	17	71	2	11	36	43	46
1	66	15	71	0	54	0	43	65535
1	4	17	93	2	76	12	27	46
1	4	15	93	0	90	0	27	65535
1	17	15	2	0	72	0	46	65535
2	80	31	80	71	51	12	43	44
2	80	5	80	70	25	61	43	34
2	80	18	80	85	23	40	43	37
2	80	17	80	96	7	41	43	41
2	31	5	71	70	13	61	44	34
2	31	18	71	85	14	54	44	37
2	31	17	71	96	5	37	44	41
2	5	18	70	85	57	21	34	37
2	5	17	70	96	63	26	34	41
2	18	17	85	96	49	36	37	41
3	7	66	100	1	97	0	28	46
3	7	19	100	100	57	26	28	33
3	7	20	100	100	28	56	28	26
3	7	6	100	100	66	19	28	46
3	7	21	100	100	70	21	28	35
3	7	1	100	94	60	6	28	44
3	7	17	100	100	30	66	28	22
3	7	13	100	99	49	38	28	31
3	66	19	1	100	2	95	46	33
3	66	20	1	100	0	97	46	26
3	66	6	1	100	0	92	46	46
3	66	21	1	100	1	96	46	35
3	66	1	1	94	3	79	46	44
3	66	17	1	100	1	87	46	22
3	66	13	1	99	6	79	46	31
3	19	20	100	100	20	65	33	26
3	19	6	100	100	69	27	33	46
3	19	21	100	100	67	29	33	35
3	19	1	100	94	72	7	33	44
3	19	17	100	100	29	56	33	22
3	19	13	100	99	27	65	33	31
3	20	6	100	100	63	30	26	46
3	20	21	100	100	85	7	26	35
3	20	1	100	94	66	12	26	44
3	20	17	100	100	25	62	26	22
3	20	13	100	99	65	17	26	31
3	6	21	100	100	32	50	46	35
3	6	1	100	94	25	8	46	44
3	6	17	100	100	10	68	46	22
3	6	13	100	99	14	67	46	31
3	21	1	100	94	67	10	35	44
3	21	17	100	100	19	65	35	22
3	21	13	100	99	12	72	35	31
3	1	17	94	100	25	60	44	22
3	1	13	94	99	23	61	44	31
3	17	13	100	99	62	29	22	31
4	8	10	88	95	28	43	28	30
4	8	13	88	0	73	10	28	65535
4	8	11	88	96	52	30	28	38
4	8	9	88	95	23	45	28	27
4	8	72	88	54	64	19	28	46
4	8	67	88	94	70	18	28	44
4	8	1	88	96	64	21	28	27
4	10	13	95	0	92	2	30	65535
4	10	11	95	96	43	31	30	38
4	10	9	95	95	28	59	30	27
4	10	72	95	54	79	9	30	46
4	10	67	95	94	59	27	30	44
4	10	1	95	96	25	55	30	27
4	13	11	0	96	1	96	65535	38
4	13	9	0	95	7	88	65535	27
4	13	72	0	54	33	25	65535	46
4	13	67	0	94	8	65	65535	44
4	13	1	0	96	9	79	65535	27
4	11	9	96	95	27	60	38	27
4	11	72	96	54	71	8	38	46
4	11	67	96	94	60	10	38	44
4	11	1	96	96	21	62	38	27
4	9	72	95	54	75	8	27	46
4	9	67	95	94	63	19	27	44
4	9	1	95	96	60	30	27	27
4	72	67	54	94	17	39	46	44
4	72	1	54	96	10	76	46	27
4	67	1	94	96	11	65	44	27
5	37	2	69	91	17	19	37	37
5	37	13	69	90	25	31	37	37
5	37	17	69	42	15	28	37	34
5	37	39	69	81	8	39	37	33
5	37	34	69	83	24	47	37	36
5	37	35	69	33	48	10	37	45
5	37	11	69	2	57	11	37	49
5	37	18	69	64	56	20	37	37
5	2	13	91	90	13	42	37	37
5	2	17	91	42	25	37	37	34
5	2	39	91	81	12	58	37	33
5	2	34	91	83	18	46	37	36
5	2	35	91	33	58	9	37	45
5	2	11	91	2	72	3	37	49
5	2	18	91	64	31	23	37	37
5	13	17	90	42	25	29	37	34
5	13	39	90	81	35	32	37	33
5	13	34	90	83	38	30	37	36
5	13	35	90	33	32	5	37	45
5	13	11	90	2	16	0	37	49
5	13	18	90	64	22	6	37	37
5	17	39	42	81	22	22	34	33
5	17	34	42	83	52	17	34	36
5	17	35	42	33	84	0	34	45
5	17	11	42	2	70	4	34	49
5	17	18	42	64	69	12	34	37
5	39	34	81	83	20	20	33	36
5	39	35	81	33	62	0	33	45
5	39	11	81	2	73	2	33	49
5	39	18	81	64	59	17	33	37
5	34	35	83	33	52	13	36	45
5	34	11	83	2	61	0	36	49
5	34	18	83	64	57	18	36	37
5	35	11	33	2	25	3	45	49
5	35	18	33	64	14	15	45	37
5	11	18	2	64	3	31	49	37
6	3	7	99	100	21	70	44	35
6	3	15	99	42	91	3	44	45
6	3	20	99	100	29	58	44	35
6	3	11	99	100	11	67	44	37
6	3	19	99	100	29	56	44	31
6	3	21	99	20	64	2	44	43
6	7	15	100	42	89	4	35	45
6	7	20	100	100	27	45	35	35
6	7	11	100	100	16	27	35	37
6	7	19	100	100	29	63	35	31
6	7	21	100	20	83	1	35	43
6	15	20	42	100	4	90	45	35
6	15	11	42	100	6	83	45	37
6	15	19	42	100	5	84	45	31
6	15	21	42	20	16	5	45	43
6	20	11	100	100	47	11	35	37
6	20	19	100	100	27	23	35	31
6	20	21	100	20	94	0	35	43
6	11	19	100	100	29	62	37	31
6	11	21	100	20	68	12	37	43
6	19	21	100	20	75	5	31	43
7	13	19	66	100	10	77	46	23
7	13	21	66	89	22	26	46	45
7	13	17	66	99	22	68	46	32
7	13	6	66	100	9	74	46	38
7	13	3	66	100	11	85	46	29
7	13	20	66	99	15	73	46	37
7	19	21	100	89	65	18	23	45
7	19	17	100	99	62	22	23	32
7	19	6	100	100	74	25	23	38
7	19	3	100	100	68	25	23	29
7	19	20	100	99	57	25	23	37
7	21	17	89	99	8	69	45	32
7	21	6	89	100	17	71	45	38
7	21	3	89	100	3	96	45	29
7	21	20	89	99	0	100	45	37
7	17	6	99	100	50	14	32	38
7	17	3	99	100	20	67	32	29
7	17	20	99	99	61	26	32	37
7	6	3	100	100	24	57	38	29
7	6	20	100	99	48	33	38	37
7	3	20	100	99	60	24	29	37
8	63	9	97	98	11	59	42	24
8	63	72	97	20	82	12	42	47
8	63	64	97	100	59	26	42	43
8	63	10	97	98	15	69	42	36
8	63	4	97	99	15	69	42	26
8	63	67	97	65	62	10	42	46
8	63	13	97	100	16	63	42	35
8	63	1	97	91	14	64	42	32
8	63	11	97	44	71	9	42	49
8	9	72	98	20	75	8	24	47
8	9	64	98	100	89	4	24	43
8	9	10	98	98	57	21	24	36
8	9	4	98	99	54	27	24	26
8	9	67	98	65	62	27	24	46
8	9	13	98	100	63	21	24	35
8	9	1	98	91	65	27	24	32
8	9	11	98	44	67	15	24	49
8	72	64	20	100	10	46	47	43
8	72	10	20	98	6	89	47	36
8	72	4	20	99	5	79	47	26
8	72	67	20	65	6	81	47	46
8	72	13	20	100	0	83	47	35
8	72	1	20	91	5	86	47	32
8	72	11	20	44	8	60	47	49
8	64	10	100	98	7	73	43	36
8	64	4	100	99	2	76	43	26
8	64	67	100	65	10	43	43	46
8	64	13	100	100	12	66	43	35
8	64	1	100	91	14	78	43	32
8	64	11	100	44	10	49	43	49
8	10	4	98	99	35	54	36	26
8	10	67	98	65	65	17	36	46
8	10	13	98	100	11	57	36	35
8	10	1	98	91	29	61	36	32
8	10	11	98	44	82	7	36	49
8	4	67	99	65	66	29	26	46
8	4	13	99	100	43	15	26	35
8	4	1	99	91	61	29	26	32
8	4	11	99	44	60	25	26	49
8	67	13	65	100	12	71	46	35
8	67	1	65	91	25	50	46	32
8	67	11	65	44	35	19	46	49
8	13	1	100	91	26	62	35	32
8	13	11	100	44	60	26	35	49
8	1	11	91	44	51	22	32	49
9	4	11	98	83	48	32	24	42
9	4	8	98	94	26	62	24	23
9	4	15	98	89	67	8	24	43
9	4	10	98	99	29	53	24	21
9	4	13	98	70	64	20	24	43
9	4	67	98	100	53	24	24	31
9	4	64	98	38	94	0	24	44
9	11	8	83	94	21	61	42	23
9	11	15	83	89	48	20	42	43
9	11	10	83	99	12	60	42	21
9	11	13	83	70	77	1	42	43
9	11	67	83	100	14	37	42	31
9	11	64	83	38	66	2	42	44
9	8	15	94	89	65	12	23	43
9	8	10	94	99	38	28	23	21
9	8	13	94	70	72	15	23	43
9	8	67	94	100	61	22	23	31
9	8	64	94	38	71	5	23	44
9	15	10	89	99	8	70	43	21
9	15	13	89	70	53	8	43	43
9	15	67	89	100	7	64	43	31
9	15	64	89	38	59	0	43	44
9	10	13	99	70	89	4	21	43
9	10	67	99	100	53	25	21	31
9	10	64	99	38	74	4	21	44
9	13	67	70	100	3	74	43	31
9	13	64	70	38	18	4	43	44
9	67	64	100	38	64	3	31	44
10	9	1	91	99	64	20	25	32
10	9	4	91	98	58	29	25	28
10	9	67	91	100	68	24	25	35
10	9	8	91	90	70	20	25	35
10	1	4	99	98	21	59	32	28
10	1	67	99	100	16	38	32	35
10	1	8	99	90	25	10	32	35
10	4	67	98	100	19	49	28	35
10	4	8	98	90	66	11	28	35
10	67	8	100	90	60	7	35	35
11	17	9	98	84	70	16	31	38
11	17	4	98	94	61	7	31	33
11	17	8	98	83	68	10	31	44
11	17	13	98	98	70	15	31	38
11	17	1	98	78	57	17	31	45
11	17	21	98	100	19	61	31	20
11	17	19	98	100	60	26	31	37
11	17	10	98	0	82	2	31	65535
11	17	15	98	93	37	34	31	33
11	9	4	84	94	23	64	38	33
11	9	8	84	83	62	24	38	44
11	9	13	84	98	26	38	38	38
11	9	1	84	78	63	25	38	45
11	9	21	84	100	8	74	38	20
11	9	19	84	100	36	34	38	37
11	9	10	84	0	84	0	38	65535
11	9	15	84	93	25	54	38	33
11	4	8	94	83	75	12	33	44
11	4	13	94	98	22	44	33	38
11	4	1	94	78	71	13	33	45
11	4	21	94	100	11	62	33	20
11	4	19	94	100	72	19	33	37
11	4	10	94	0	97	0	33	65535
11	4	15	94	93	12	41	33	33
11	8	13	83	98	28	62	44	38
11	8	1	83	78	13	33	44	45
11	8	21	83	100	2	70	44	20
11	8	19	83	100	6	69	44	37
11	8	10	83	0	52	0	44	65535
11	8	15	83	93	9	57	44	33
11	13	1	98	78	79	16	38	45
11	13	21	98	100	14	59	38	20
11	13	19	98	100	55	23	38	37
11	13	10	98	0	100	0	38	65535
11	13	15	98	93	32	57	38	33
11	1	21	78	100	9	82	45	20
11	1	19	78	100	11	69	45	37
11	1	10	78	0	91	0	45	65535
11	1	15	78	93	14	63	45	33
11	21	19	100	100	62	26	20	37
11	21	10	100	0	100	0	20	65535
11	21	15	100	93	60	31	20	33
11	19	10	100	0	100	0	37	65535
11	19	15	100	93	12	73	37	33
11	10	15	0	93	0	99	65535	33
12	18	2	91	73	56	24	19	27
12	18	83	91	10	71	2	19	33
12	2	83	73	10	42	2	27	33
13	37	39	63	7	65	17	44	39
13	37	1	63	98	12	76	44	13
13	37	9	63	37	63	10	44	44
13	37	3	63	100	13	82	44	32
13	37	19	63	75	46	26	44	42
13	37	7	63	34	72	18	44	45
13	37	17	63	100	27	60	44	25
13	37	15	63	95	6	25	44	34
13	37	34	63	68	29	24	44	43
13	37	8	63	96	61	19	44	36
13	37	66	63	100	21	21	44	35
13	37	5	63	52	18	33	44	32
13	37	11	63	93	22	42	44	40
13	39	1	7	98	7	68	39	13
13	39	9	7	37	78	0	39	44
13	39	3	7	100	5	68	39	32
13	39	19	7	75	41	28	39	42
13	39	7	7	34	41	27	39	45
13	39	17	7	100	11	65	39	25
13	39	15	7	95	10	72	39	34
13	39	34	7	68	18	43	39	43
13	39	8	7	96	6	66	39	36
13	39	66	7	100	9	64	39	35
13	39	5	7	52	18	65	39	32
13	39	11	7	93	11	63	39	40
13	1	9	98	37	70	16	13	44
13	1	3	98	100	56	24	13	32
13	1	19	98	75	75	10	13	42
13	1	7	98	34	75	11	13	45
13	1	17	98	100	72	25	13	25
13	1	15	98	95	73	14	13	34
13	1	34	98	68	73	18	13	43
13	1	8	98	96	68	24	13	36
13	1	66	98	100	65	27	13	35
13	1	5	98	52	62	14	13	32
13	1	11	98	93	74	24	13	40
13	9	3	37	100	5	87	44	32
13	9	19	37	75	2	60	44	42
13	9	7	37	34	7	31	44	45
13	9	17	37	100	2	87	44	25
13	9	15	37	95	9	69	44	34
13	9	34	37	68	11	70	44	43
13	9	8	37	96	2	89	44	36
13	9	66	37	100	2	83	44	35
13	9	5	37	52	0	94	44	32
13	9	11	37	93	0	97	44	40
13	3	19	100	75	59	18	32	42
13	3	7	100	34	69	22	32	45
13	3	17	100	100	29	58	32	25
13	3	15	100	95	61	15	32	34
13	3	34	100	68	62	8	32	43
13	3	8	100	96	67	10	32	36
13	3	66	100	100	59	18	32	35
13	3	5	100	52	75	16	32	32
13	3	11	100	93	60	15	32	40
13	19	7	75	34	7	25	42	45
13	19	17	75	100	26	61	42	25
13	19	15	75	95	10	68	42	34
13	19	34	75	68	13	33	42	43
13	19	8	75	96	1	70	42	36
13	19	66	75	100	2	76	42	35
13	19	5	75	52	12	56	42	32
13	19	11	75	93	23	42	42	40
13	7	17	34	100	16	73	45	25
13	7	15	34	95	11	77	45	34
13	7	34	34	68	28	59	45	43
13	7	8	34	96	10	71	45	36
13	7	66	34	100	10	65	45	35
13	7	5	34	52	8	28	45	32
13	7	11	34	93	3	70	45	40
13	17	15	100	95	65	21	25	34
13	17	34	100	68	75	16	25	43
13	17	8	100	96	70	10	25	36
13	17	66	100	100	74	16	25	35
13	17	5	100	52	71	12	25	32
13	17	11	100	93	61	25	25	40
13	15	34	95	68	73	8	34	43
13	15	8	95	96	24	15	34	36
13	15	66	95	100	26	14	34	35
13	15	5	95	52	57	18	34	32
13	15	11	95	93	54	33	34	40
13	34	8	68	96	15	79	43	36
13	34	66	68	100	14	59	43	35
13	34	5	68	52	23	39	43	32
13	34	11	68	93	12	61	43	40
13	8	66	96	100	19	20	36	35
13	8	5	96	52	20	31	36	32
13	8	11	96	93	31	30	36	40
13	66	5	100	52	21	12	35	32
13	66	11	100	93	22	23	35	40
13	5	11	52	93	43	36	32	40
15	11	9	99	66	73	21	36	45
15	11	13	99	96	64	26	36	36
15	11	17	99	97	45	40	36	36
15	11	21	99	100	67	31	36	39
15	11	6	99	38	79	4	36	49
15	9	13	66	96	6	75	45	36
15	9	17	66	97	4	89	45	36
15	9	21	66	100	10	56	45	39
15	9	6	66	38	34	3	45	49
15	13	17	96	97	63	32	36	36
15	13	21	96	100	56	8	36	39
15	13	6	96	38	84	0	36	49
15	17	21	97	100	60	10	36	39
15	17	6	97	38	88	0	36	49
15	21	6	100	38	74	3	39	49
16	12	18	3	69	2	70	28	35
16	12	83	3	86	6	79	28	34
16	18	83	69	86	28	48	35	34
17	3	19	100	89	57	33	25	41
17	3	2	100	93	67	13	25	43
17	3	11	100	100	61	12	25	36
17	3	15	100	98	71	13	25	37
17	3	35	100	42	78	11	25	45
17	3	37	100	94	80	10	25	42
17	3	5	100	99	69	8	25	34
17	3	1	100	0	84	7	25	65535
17	3	13	100	100	59	23	25	29
17	3	7	100	100	68	25	25	33
17	3	66	100	99	58	35	25	37
17	3	34	100	76	67	5	25	46
17	3	18	100	28	85	3	25	44
17	3	20	100	0	90	3	25	65535
17	19	2	89	93	13	18	41	43
17	19	11	89	100	30	65	41	36
17	19	15	89	98	30	29	41	37
17	19	35	89	42	28	13	41	45
17	19	37	89	94	19	50	41	42
17	19	5	89	99	14	58	41	34
17	19	1	89	0	89	2	41	65535
17	19	13	89	100	29	72	41	29
17	19	7	89	100	22	66	41	33
17	19	66	89	99	18	68	41	37
17	19	34	89	76	40	8	41	46
17	19	18	89	28	64	1	41	44
17	19	20	89	0	82	1	41	65535
17	2	11	93	100	8	73	43	36
17	2	15	93	98	7	73	43	37
17	2	35	93	42	62	12	43	45
17	2	37	93	94	31	43	43	42
17	2	5	93	99	27	64	43	34
17	2	1	93	0	92	2	43	65535
17	2	13	93	100	11	75	43	29
17	2	7	93	100	5	75	43	33
17	2	66	93	99	7	60	43	37
17	2	34	93	76	22	11	43	46
17	2	18	93	28	74	2	43	44
17	2	20	93	0	85	1	43	65535
17	11	15	100	98	71	21	36	37
17	11	35	100	42	69	7	36	45
17	11	37	100	94	60	18	36	42
17	11	5	100	99	68	28	36	34
17	11	1	100	0	95	1	36	65535
17	11	13	100	100	30	61	36	29
17	11	7	100	100	23	11	36	33
17	11	66	100	99	54	29	36	37
17	11	34	100	76	70	7	36	46
17	11	18	100	28	90	3	36	44
17	11	20	100	0	97	0	36	65535
17	15	35	98	42	74	9	37	45
17	15	37	98	94	48	12	37	42
17	15	5	98	99	9	57	37	34
17	15	1	98	0	98	0	37	65535
17	15	13	98	100	22	72	37	29
17	15	7	98	100	17	67	37	33
17	15	66	98	99	15	19	37	37
17	15	34	98	76	79	8	37	46
17	15	18	98	28	84	9	37	44
17	15	20	98	0	94	0	37	65535
17	35	37	42	94	17	37	45	42
17	35	5	42	99	16	58	45	34
17	35	1	42	0	44	4	45	65535
17	35	13	42	100	8	79	45	29
17	35	7	42	100	7	77	45	33
17	35	66	42	99	11	70	45	37
17	35	34	42	76	17	14	45	46
17	35	18	42	28	44	2	45	44
17	35	20	42	0	58	3	45	65535
17	37	5	94	99	20	74	42	34
17	37	1	94	0	92	0	42	65535
17	37	13	94	100	20	69	42	29
17	37	7	94	100	11	74	42	33
17	37	66	94	99	13	44	42	37
17	37	34	94	76	63	13	42	46
17	37	18	94	28	77	3	42	44
17	37	20	94	0	80	0	42	65535
17	5	1	99	0	84	8	34	65535
17	5	13	99	100	15	78	34	29
17	5	7	99	100	8	60	34	33
17	5	66	99	99	53	11	34	37
17	5	34	99	76	57	18	34	46
17	5	18	99	28	83	5	34	44
17	5	20	99	0	90	1	34	65535
17	1	13	0	100	8	80	65535	29
17	1	7	0	100	2	91	65535	33
17	1	66	0	99	4	68	65535	37
17	1	34	0	76	28	34	65535	46
17	1	18	0	28	39	23	65535	44
17	1	20	0	0	67	3	65535	65535
17	13	7	100	100	62	35	29	33
17	13	66	100	99	63	30	29	37
17	13	34	100	76	75	11	29	46
17	13	18	100	28	93	1	29	44
17	13	20	100	0	93	3	29	65535
17	7	66	100	99	62	11	33	37
17	7	34	100	76	74	6	33	46
17	7	18	100	28	75	4	33	44
17	7	20	100	0	86	1	33	65535
17	66	34	99	76	98	0	37	46
17	66	18	99	28	75	12	37	44
17	66	20	99	0	88	1	37	65535
17	34	18	76	28	0	64	46	44
17	34	20	76	0	0	1	46	65535
17	18	20	28	0	27	1	44	65535
18	16	17	78	52	66	9	37	45
18	16	12	78	75	20	60	37	20
18	16	39	78	0	74	0	37	65535
18	16	31	78	67	6	53	37	34
18	16	83	78	64	51	24	37	45
18	16	2	78	82	55	21	37	42
18	16	5	78	65	50	24	37	40
18	17	12	52	75	9	69	45	20
18	17	39	52	0	21	0	45	65535
18	17	31	52	67	7	76	45	34
18	17	83	52	64	4	52	45	45
18	17	2	52	82	4	78	45	42
18	17	5	52	65	4	52	45	40
18	12	39	75	0	88	0	20	65535
18	12	31	75	67	47	23	20	34
18	12	83	75	64	57	25	20	45
18	12	2	75	82	50	25	20	42
18	12	5	75	65	54	22	20	40
18	39	31	0	67	0	62	65535	34
18	39	83	0	64	0	70	65535	45
18	39	2	0	82	0	85	65535	42
18	39	5	0	65	0	64	65535	40
18	31	83	67	64	37	20	34	45
18	31	2	67	82	58	30	34	42
18	31	5	67	65	67	19	34	40
18	83	2	64	82	13	60	45	42
18	83	5	64	65	23	17	45	40
18	2	5	82	65	52	9	42	40
19	11	6	97	100	34	63	43	35
19	11	20	97	79	41	8	43	43
19	11	13	97	85	63	27	43	45
19	11	17	97	96	70	21	43	42
19	11	21	97	100	29	58	43	30
19	11	3	97	100	14	69	43	37
19	11	7	97	99	15	63	43	25
19	6	20	100	79	70	13	35	43
19	6	13	100	85	70	8	35	45
19	6	17	100	96	59	11	35	42
19	6	21	100	100	25	24	35	30
19	6	3	100	100	64	28	35	37
19	6	7	100	99	18	70	35	25
19	20	13	79	85	17	23	43	45
19	20	17	79	96	24	27	43	42
19	20	21	79	100	26	70	43	30
19	20	3	79	100	21	68	43	37
19	20	7	79	99	26	69	43	25
19	13	17	85	96	24	40	45	42
19	13	21	85	100	9	80	45	30
19	13	3	85	100	14	80	45	37
19	13	7	85	99	8	88	45	25
19	17	21	96	100	20	63	42	30
19	17	3	96	100	27	57	42	37
19	17	7	96	99	23	69	42	25
19	21	3	100	100	24	72	30	37
19	21	7	100	99	0	100	30	25
19	3	7	100	99	24	60	37	25
20	21	19	98	89	23	59	21	40
20	21	6	98	100	24	73	21	36
20	21	3	98	100	40	31	21	27
20	21	7	98	100	36	56	21	36
20	21	66	98	92	0	100	21	39
20	19	6	89	100	24	66	40	36
20	19	3	89	100	22	72	40	27
20	19	7	89	100	29	59	40	36
20	19	66	89	92	20	29	40	39
20	6	3	100	100	21	63	36	27
20	6	7	100	100	68	25	36	36
20	6	66	100	92	72	16	36	39
20	3	7	100	100	47	33	27	36
20	3	66	100	92	75	25	27	39
20	7	66	100	92	63	13	36	39
21	3	15	99	98	69	11	39	40
21	3	11	99	100	10	63	39	26
21	3	19	99	100	32	57	39	30
21	3	20	99	100	29	67	39	26
21	3	7	99	95	73	17	39	47
21	3	6	99	15	90	1	39	47
21	15	11	98	100	23	70	40	26
21	15	19	98	100	20	62	40	30
21	15	20	98	100	17	65	40	26
21	15	7	98	95	61	6	40	47
21	15	6	98	15	84	1	40	47
21	11	19	100	100	65	27	26	30
21	11	20	100	100	48	13	26	26
21	11	7	100	95	74	9	26	47
21	11	6	100	15	94	0	26	47
21	19	20	100	100	37	56	30	26
21	19	7	100	95	70	23	30	47
21	19	6	100	15	92	0	30	47
21	20	7	100	95	65	25	26	47
21	20	6	100	15	96	1	26	47
21	7	6	95	15	66	7	47	47
24	32	48	89	55	37	26	43	45
25	46	53	82	85	19	60	40	33
25	46	56	82	78	51	8	40	43
25	46	39	82	5	78	0	40	43
25	46	51	82	78	18	50	40	35
25	46	21	82	0	80	0	40	65535
25	53	56	85	78	60	26	33	43
25	53	39	85	5	87	0	33	43
25	53	51	85	78	50	24	33	35
25	53	21	85	0	84	0	33	65535
25	56	39	78	5	79	0	43	43
25	56	51	78	78	23	60	43	35
25	56	21	78	0	80	0	43	65535
25	39	51	5	78	0	81	43	35
25	39	21	5	0	3	0	43	65535
25	51	21	78	0	80	0	35	65535
26	48	60	57	9	37	1	40	46
26	48	42	57	80	15	9	40	45
26	48	45	57	44	34	1	40	46
26	48	32	57	100	8	73	40	27
26	48	35	57	0	85	0	40	65535
26	48	34	57	76	67	15	40	45
26	60	42	9	80	4	44	46	45
26	60	45	9	44	3	13	46	46
26	60	32	9	100	3	94	46	27
26	60	35	9	0	23	3	46	65535
26	60	34	9	76	12	11	46	45
26	42	45	80	44	19	17	45	46
26	42	32	80	100	4	74	45	27
26	42	35	80	0	58	2	45	65535
26	42	34	80	76	30	7	45	45
26	45	32	44	100	9	75	46	27
26	45	35	44	0	22	0	46	65535
26	45	34	44	76	3	4	46	45
26	32	35	100	0	83	5	27	65535
26	32	34	100	76	85	8	27	45
26	35	34	0	76	3	32	65535	45
27	45	42	83	95	22	55	45	45
27	45	36	83	100	15	68	45	27
27	45	35	83	54	27	13	45	46
27	45	34	83	47	15	12	45	47
27	42	36	95	100	29	58	45	27
27	42	35	95	54	76	13	45	46
27	42	34	95	47	64	17	45	47
27	36	35	100	54	79	12	27	46
27	36	34	100	47	73	7	27	47
27	35	34	54	47	23	14	46	47
31	18	43	56	9	59	3	31	46
31	18	2	56	47	43	9	31	46
31	18	38	56	65	21	36	31	31
31	18	5	56	8	55	4	31	44
31	43	2	9	47	22	13	46	46
31	43	38	9	65	13	49	46	31
31	43	5	9	8	38	0	46	44
31	2	38	47	65	10	58	46	31
31	2	5	47	8	29	7	46	44
31	38	5	65	8	67	3	31	44
32	40	56	90	100	22	65	40	23
32	40	26	90	100	9	69	40	29
32	40	24	90	7	51	8	40	39
32	40	58	90	92	64	21	40	38
32	40	55	90	100	18	77	40	33
32	40	54	90	100	23	59	40	30
32	40	45	90	72	62	15	40	45
32	40	47	90	43	58	22	40	47
32	56	26	100	100	61	11	23	29
32	56	24	100	7	71	5	23	39
32	56	58	100	92	56	31	23	38
32	56	55	100	100	60	31	23	33
32	56	54	100	100	54	27	23	30
32	56	45	100	72	63	20	23	45
32	56	47	100	43	65	19	23	47
32	26	24	100	7	82	1	29	39
32	26	58	100	92	56	6	29	38
32	26	55	100	100	63	12	29	33
32	26	54	100	100	14	19	29	30
32	26	45	100	72	68	16	29	45
32	26	47	100	43	73	10	29	47
32	24	58	7	92	0	73	39	38
32	24	55	7	100	3	75	39	33
32	24	54	7	100	7	67	39	30
32	24	45	7	72	15	18	39	45
32	24	47	7	43	18	29	39	47
32	58	55	92	100	29	55	38	33
32	58	54	92	100	24	57	38	30
32	58	45	92	72	61	16	38	45
32	58	47	92	43	40	19	38	47
32	55	54	100	100	30	73	33	30
32	55	45	100	72	85	14	33	45
32	55	47	100	43	84	3	33	47
32	54	45	100	72	77	9	30	45
32	54	47	100	43	71	11	30	47
32	45	47	72	43	29	29	45	47
34	42	60	55	41	19	32	47	40
34	42	5	55	0	9	57	47	65535
34	42	17	55	0	33	10	47	65535
34	42	27	55	71	36	18	47	42
34	42	26	55	13	38	5	47	45
34	42	37	55	48	19	29	47	38
34	42	38	55	1	69	0	47	47
34	42	39	55	55	19	40	47	33
34	42	48	55	50	32	10	47	46
34	42	13	55	50	11	52	47	45
34	42	35	55	89	8	63	47	25
34	42	32	55	52	47	1	47	44
34	60	5	41	0	7	48	40	65535
34	60	17	41	0	47	11	40	65535
34	60	27	41	71	55	6	40	42
34	60	26	41	13	22	29	40	45
34	60	37	41	48	18	50	40	38
34	60	38	41	1	47	8	40	47
34	60	39	41	55	15	37	40	33
34	60	48	41	50	40	9	40	46
34	60	13	41	50	5	47	40	45
34	60	35	41	89	4	56	40	25
34	60	32	41	52	42	3	40	44
34	5	17	0	0	47	8	65535	65535
34	5	27	0	71	69	7	65535	42
34	5	26	0	13	58	5	65535	45
34	5	37	0	48	38	24	65535	38
34	5	38	0	1	60	6	65535	47
34	5	39	0	55	24	29	65535	33
34	5	48	0	50	59	0	65535	46
34	5	13	0	50	29	25	65535	45
34	5	35	0	89	20	55	65535	25
34	5	32	0	52	67	1	65535	44
34	17	27	0	71	16	18	65535	42
34	17	26	0	13	22	7	65535	45
34	17	37	0	48	24	34	65535	38
34	17	38	0	1	44	4	65535	47
34	17	39	0	55	17	42	65535	33
34	17	48	0	50	30	9	65535	46
34	17	13	0	50	11	56	65535	45
34	17	35	0	89	19	59	65535	25
34	17	32	0	52	55	1	65535	44
34	27	26	71	13	7	60	42	45
34	27	37	71	48	13	52	42	38
34	27	38	71	1	39	1	42	47
34	27	39	71	55	15	48	42	33
34	27	48	71	50	16	16	42	46
34	27	13	71	50	10	60	42	45
34	27	35	71	89	18	49	42	25
34	27	32	71	52	46	0	42	44
34	26	37	13	48	11	45	45	38
34	26	38	13	1	5	6	45	47
34	26	39	13	55	0	47	45	33
34	26	48	13	50	4	30	45	46
34	26	13	13	50	6	72	45	45
34	26	35	13	89	19	52	45	25
34	26	32	13	52	52	0	45	44
34	37	38	48	1	47	6	38	47
34	37	39	48	55	24	28	38	33
34	37	48	48	50	54	0	38	46
34	37	13	48	50	24	34	38	45
34	37	35	48	89	6	72	38	25
34	37	32	48	52	53	0	38	44
34	38	39	1	55	12	35	47	33
34	38	48	1	50	35	3	47	46
34	38	13	1	50	14	63	47	45
34	38	35	1	89	8	70	47	25
34	38	32	1	52	52	0	47	44
34	39	48	55	50	50	4	33	46
34	39	13	55	50	50	28	33	45
34	39	35	55	89	15	58	33	25
34	39	32	55	52	70	0	33	44
34	48	13	50	50	10	29	46	45
34	48	35	50	89	10	62	46	25
34	48	32	50	52	43	0	46	44
34	13	35	50	89	12	63	45	25
34	13	32	50	52	73	0	45	44
34	35	32	89	52	93	0	25	44
35	34	37	78	56	59	6	28	43
35	34	48	78	54	67	10	28	43
35	34	5	78	33	61	12	28	43
35	34	17	78	70	65	18	28	43
35	34	27	78	69	69	9	28	44
35	34	39	78	55	63	18	28	43
35	34	26	78	12	58	20	28	47
35	37	48	56	54	15	11	43	43
35	37	5	56	33	57	1	43	43
35	37	17	56	70	42	14	43	43
35	37	27	56	69	49	19	43	44
35	37	39	56	55	24	13	43	43
35	37	26	56	12	37	26	43	47
35	48	5	54	33	37	1	43	43
35	48	17	54	70	62	18	43	43
35	48	27	54	69	46	17	43	44
35	48	39	54	55	25	7	43	43
35	48	26	54	12	48	14	43	47
35	5	17	33	70	9	42	43	43
35	5	27	33	69	52	2	43	44
35	5	39	33	55	18	21	43	43
35	5	26	33	12	21	7	43	47
35	17	27	70	69	73	1	43	44
35	17	39	70	55	53	2	43	43
35	17	26	70	12	29	6	43	47
35	27	39	69	55	18	2	44	43
35	27	26	69	12	9	43	44	47
35	39	26	55	12	24	21	43	47
36	27	45	100	99	72	22	25	35
36	27	42	100	96	62	25	25	39
36	45	42	99	96	49	22	35	39
37	13	60	66	69	52	4	42	38
37	13	38	66	41	25	23	42	34
37	13	17	66	55	56	29	42	36
37	13	5	66	72	43	23	42	33
37	13	34	66	74	25	56	42	34
37	13	35	66	46	62	3	42	42
37	13	31	66	13	74	0	42	44
37	13	39	66	57	39	31	42	37
37	60	38	69	41	30	20	38	34
37	60	17	69	55	34	6	38	36
37	60	5	69	72	26	9	38	33
37	60	34	69	74	37	19	38	34
37	60	35	69	46	48	14	38	42
37	60	31	69	13	74	0	38	44
37	60	39	69	57	46	26	38	37
37	38	17	41	55	39	23	34	36
37	38	5	41	72	20	29	34	33
37	38	34	41	74	11	48	34	34
37	38	35	41	46	41	16	34	42
37	38	31	41	13	63	0	34	44
37	38	39	41	57	31	41	34	37
37	17	5	55	72	28	43	36	33
37	17	34	55	74	23	48	36	34
37	17	35	55	46	50	10	36	42
37	17	31	55	13	73	0	36	44
37	17	39	55	57	13	46	36	37
37	5	34	72	74	31	23	33	34
37	5	35	72	46	56	15	33	42
37	5	31	72	13	75	0	33	44
37	5	39	72	57	27	23	33	37
37	34	35	74	46	15	24	34	42
37	34	31	74	13	54	0	34	44
37	34	39	74	57	15	38	34	37
37	35	31	46	13	64	0	42	44
37	35	39	46	57	12	37	42	37
37	31	39	13	57	0	63	44	37
38	34	31	9	72	1	78	46	30
38	34	37	9	69	0	72	46	33
38	34	39	9	63	0	60	46	35
38	31	37	72	69	50	28	30	33
38	31	39	72	63	57	24	30	35
38	37	39	69	63	37	22	33	35
39	38	60	61	66	32	15	32	39
39	38	13	61	71	42	13	32	41
39	38	37	61	58	14	59	32	34
39	38	34	61	57	28	18	32	36
39	38	5	61	77	3	25	32	32
39	38	18	61	6	31	3	32	44
39	38	31	61	0	37	0	32	65535
39	60	13	66	71	29	22	39	41
39	60	37	66	58	10	39	39	34
39	60	34	66	57	10	17	39	36
39	60	5	66	77	8	41	39	32
39	60	18	66	6	47	3	39	44
39	60	31	66	0	50	0	39	65535
39	13	37	71	58	20	34	41	34
39	13	34	71	57	28	37	41	36
39	13	5	71	77	20	42	41	32
39	13	18	71	6	69	0	41	44
39	13	31	71	0	76	0	41	65535
39	37	34	58	57	20	20	34	36
39	37	5	58	77	22	20	34	32
39	37	18	58	6	47	3	34	44
39	37	31	58	0	62	0	34	65535
39	34	5	57	77	21	29	36	32
39	34	18	57	6	57	6	36	44
39	34	31	57	0	34	0	36	65535
39	5	18	77	6	36	10	32	44
39	5	31	77	0	65	0	32	65535
39	18	31	6	0	23	1	44	65535
40	48	54	85	99	9	84	43	16
40	48	47	85	100	17	63	43	22
40	48	53	85	98	16	67	43	30
40	48	32	85	97	2	64	43	34
40	48	56	85	100	2	81	43	14
40	48	42	85	92	11	69	43	43
40	48	45	85	93	27	48	43	42
40	48	59	85	97	6	82	43	37
40	48	81	85	89	8	72	43	36
40	48	55	85	100	8	77	43	19
40	48	51	85	92	9	62	43	33
40	48	58	85	99	6	71	43	31
40	48	57	85	62	11	64	43	44
40	48	68	85	41	13	39	43	43
40	48	77	85	7	43	18	43	48
40	54	47	99	100	66	28	16	22
40	54	53	99	98	60	27	16	30
40	54	32	99	97	60	21	16	34
40	54	56	99	100	61	26	16	14
40	54	42	99	92	60	29	16	43
40	54	45	99	93	69	16	16	42
40	54	59	99	97	61	27	16	37
40	54	81	99	89	57	17	16	36
40	54	55	99	100	76	20	16	19
40	54	51	99	92	63	24	16	33
40	54	58	99	99	61	31	16	31
40	54	57	99	62	65	12	16	44
40	54	68	99	41	79	6	16	43
40	54	77	99	7	90	1	16	48
40	47	53	100	98	68	24	22	30
40	47	32	100	97	67	19	22	34
40	47	56	100	100	38	42	22	14
40	47	42	100	92	60	26	22	43
40	47	45	100	93	73	19	22	42
40	47	59	100	97	55	21	22	37
40	47	81	100	89	63	11	22	36
40	47	55	100	100	21	69	22	19
40	47	51	100	92	62	25	22	33
40	47	58	100	99	56	26	22	31
40	47	57	100	62	72	20	22	44
40	47	68	100	41	76	12	22	43
40	47	77	100	7	70	8	22	48
40	53	32	98	97	69	9	30	34
40	53	56	98	100	24	63	30	14
40	53	42	98	92	70	17	30	43
40	53	45	98	93	90	1	30	42
40	53	59	98	97	63	7	30	37
40	53	81	98	89	66	23	30	36
40	53	55	98	100	28	52	30	19
40	53	51	98	92	67	23	30	33
40	53	58	98	99	69	8	30	31
40	53	57	98	62	72	20	30	44
40	53	68	98	41	62	28	30	43
40	53	77	98	7	100	0	30	48
40	32	56	97	100	19	70	34	14
40	32	42	97	92	15	54	34	43
40	32	45	97	93	69	19	34	42
40	32	59	97	97	45	15	34	37
40	32	81	97	89	30	29	34	36
40	32	55	97	100	27	65	34	19
40	32	51	97	92	47	30	34	33
40	32	58	97	99	26	54	34	31
40	32	57	97	62	57	6	34	44
40	32	68	97	41	62	11	34	43
40	32	77	97	7	84	0	34	48
40	56	42	100	92	66	27	14	43
40	56	45	100	93	68	18	14	42
40	56	59	100	97	73	16	14	37
40	56	81	100	89	69	21	14	36
40	56	55	100	100	30	57	14	19
40	56	51	100	92	63	23	14	33
40	56	58	100	99	64	20	14	31
40	56	57	100	62	73	15	14	44
40	56	68	100	41	70	14	14	43
40	56	77	100	7	95	1	14	48
40	42	45	92	93	60	23	43	42
40	42	59	92	97	70	12	43	37
40	42	81	92	89	77	8	43	36
40	42	55	92	100	12	74	43	19
40	42	51	92	92	37	21	43	33
40	42	58	92	99	31	57	43	31
40	42	57	92	62	60	16	43	44
40	42	68	92	41	67	11	43	43
40	42	77	92	7	74	3	43	48
40	45	59	93	97	8	66	42	37
40	45	81	93	89	33	26	42	36
40	45	55	93	100	8	81	42	19
40	45	51	93	92	6	34	42	33
40	45	58	93	99	0	88	42	31
40	45	57	93	62	0	71	42	44
40	45	68	93	41	0	65	42	43
40	45	77	93	7	14	0	42	48
40	59	81	97	89	39	24	37	36
40	59	55	97	100	21	62	37	19
40	59	51	97	92	37	19	37	33
40	59	58	97	99	22	57	37	31
40	59	57	97	62	24	45	37	44
40	59	68	97	41	69	5	37	43
40	59	77	97	7	78	1	37	48
40	81	55	89	100	7	73	36	19
40	81	51	89	92	53	13	36	33
40	81	58	89	99	20	51	36	31
40	81	57	89	62	28	37	36	44
40	81	68	89	41	41	17	36	43
40	81	77	89	7	26	40	36	48
40	55	51	100	92	69	14	19	33
40	55	58	100	99	58	28	19	31
40	55	57	100	62	71	9	19	44
40	55	68	100	41	91	2	19	43
40	55	77	100	7	80	3	19	48
40	51	58	92	99	30	29	33	31
40	51	57	92	62	47	20	33	44
40	51	68	92	41	56	25	33	43
40	51	77	92	7	68	7	33	48
40	58	57	99	62	74	7	31	44
40	58	68	99	41	68	8	31	43
40	58	77	99	7	69	9	31	48
40	57	68	62	41	45	16	44	43
40	57	77	62	7	50	28	44	48
40	68	77	41	7	12	37	43	48
42	40	58	85	61	56	13	36	39
42	40	32	85	54	65	9	36	42
42	40	48	85	69	32	50	36	34
42	40	55	85	90	48	20	36	41
42	40	54	85	98	20	53	36	32
42	40	60	85	61	57	9	36	45
42	40	56	85	87	58	17	36	43
42	40	45	85	100	15	52	36	10
42	40	34	85	72	61	2	36	45
42	40	36	85	98	20	14	36	35
42	40	26	85	93	42	12	36	38
42	40	47	85	96	23	70	36	31
42	40	27	85	87	63	4	36	41
42	58	32	61	54	5	33	39	42
42	58	48	61	69	4	75	39	34
42	58	55	61	90	7	58	39	41
42	58	54	61	98	11	65	39	32
42	58	60	61	61	6	49	39	45
42	58	56	61	87	23	40	39	43
42	58	45	61	100	18	60	39	10
42	58	34	61	72	5	58	39	45
42	58	36	61	98	16	45	39	35
42	58	26	61	93	35	19	39	38
42	58	47	61	96	16	55	39	31
42	58	27	61	87	54	16	39	41
42	32	48	54	69	0	95	42	34
42	32	55	54	90	0	66	42	41
42	32	54	54	98	10	70	42	32
42	32	60	54	61	7	63	42	45
42	32	56	54	87	13	60	42	43
42	32	45	54	100	6	81	42	10
42	32	34	54	72	8	63	42	45
42	32	36	54	98	3	84	42	35
42	32	26	54	93	0	68	42	38
42	32	47	54	96	3	86	42	31
42	32	27	54	87	2	69	42	41
42	48	55	69	90	66	20	34	41
42	48	54	69	98	14	60	34	32
42	48	60	69	61	68	14	34	45
42	48	56	69	87	50	19	34	43
42	48	45	69	100	19	66	34	10
42	48	34	69	72	70	4	34	45
42	48	36	69	98	60	16	34	35
42	48	26	69	93	53	23	34	38
42	48	47	69	96	53	31	34	31
42	48	27	69	87	58	8	34	41
42	55	54	90	98	1	84	41	32
42	55	60	90	61	13	54	41	45
42	55	56	90	87	8	74	41	43
42	55	45	90	100	4	76	41	10
42	55	34	90	72	20	13	41	45
42	55	36	90	98	5	65	41	35
42	55	26	90	93	1	70	41	38
42	55	47	90	96	2	93	41	31
42	55	27	90	87	0	88	41	41
42	54	60	98	61	77	6	32	45
42	54	56	98	87	51	12	32	43
42	54	45	98	100	19	67	32	10
42	54	34	98	72	82	4	32	45
42	54	36	98	98	58	10	32	35
42	54	26	98	93	68	12	32	38
42	54	47	98	96	15	63	32	31
42	54	27	98	87	55	8	32	41
42	60	56	61	87	32	35	45	43
42	60	45	61	100	13	68	45	10
42	60	34	61	72	39	7	45	45
42	60	36	61	98	14	38	45	35
42	60	26	61	93	42	26	45	38
42	60	47	61	96	11	75	45	31
42	60	27	61	87	54	33	45	41
42	56	45	87	100	17	73	43	10
42	56	34	87	72	29	20	43	45
42	56	36	87	98	9	63	43	35
42	56	26	87	93	22	28	43	38
42	56	47	87	96	16	60	43	31
42	56	27	87	87	16	15	43	41
42	45	34	100	72	89	4	10	45
42	45	36	100	98	67	23	10	35
42	45	26	100	93	60	22	10	38
42	45	47	100	96	51	33	10	31
42	45	27	100	87	59	27	10	41
42	34	36	72	98	11	65	45	35
42	34	26	72	93	23	63	45	38
42	34	47	72	96	5	81	45	31
42	34	27	72	87	9	74	45	41
42	36	26	98	93	55	14	35	38
42	36	47	98	96	10	58	35	31
42	36	27	98	87	69	22	35	41
42	26	47	93	96	11	64	38	31
42	26	27	93	87	39	16	38	41
42	47	27	96	87	63	11	31	41
43	53	51	73	5	52	17	35	46
43	53	57	73	87	7	66	35	34
43	53	56	73	0	63	7	35	65535
43	53	31	73	40	59	8	35	43
43	51	57	5	87	5	73	46	34
43	51	56	5	0	3	39	46	65535
43	51	31	5	40	7	15	46	43
43	57	56	87	0	81	0	34	65535
43	57	31	87	40	76	2	34	43
43	56	31	0	40	7	42	65535	43
45	36	48	89	87	50	20	33	37
45	36	27	89	92	60	26	33	40
45	36	58	89	86	77	4	33	38
45	36	51	89	79	67	6	33	43
45	36	54	89	91	12	56	33	31
45	36	40	89	51	61	7	33	44
45	36	56	89	59	78	8	33	42
45	36	60	89	13	90	6	33	46
45	36	42	89	98	14	64	33	13
45	36	47	89	94	12	46	33	35
45	36	59	89	72	80	9	33	44
45	36	32	89	69	76	3	33	43
45	36	26	89	3	98	1	33	47
45	48	27	87	92	77	14	37	40
45	48	58	87	86	65	12	37	38
45	48	51	87	79	62	12	37	43
45	48	54	87	91	39	49	37	31
45	48	40	87	51	67	18	37	44
45	48	56	87	59	59	9	37	42
45	48	60	87	13	78	10	37	46
45	48	42	87	98	27	57	37	13
45	48	47	87	94	44	39	37	35
45	48	59	87	72	63	11	37	44
45	48	32	87	69	93	2	37	43
45	48	26	87	3	93	0	37	47
45	27	58	92	86	17	39	40	38
45	27	51	92	79	34	21	40	43
45	27	54	92	91	8	68	40	31
45	27	40	92	51	11	49	40	44
45	27	56	92	59	49	15	40	42
45	27	60	92	13	79	4	40	46
45	27	42	92	98	22	55	40	13
45	27	47	92	94	14	62	40	35
45	27	59	92	72	16	30	40	44
45	27	32	92	69	29	9	40	43
45	27	26	92	3	78	2	40	47
45	58	51	86	79	34	36	38	43
45	58	54	86	91	14	68	38	31
45	58	40	86	51	18	53	38	44
45	58	56	86	59	74	2	38	42
45	58	60	86	13	37	17	38	46
45	58	42	86	98	17	78	38	13
45	58	47	86	94	26	62	38	35
45	58	59	86	72	34	39	38	44
45	58	32	86	69	66	23	38	43
45	58	26	86	3	93	1	38	47
45	51	54	79	91	21	63	43	31
45	51	40	79	51	26	31	43	44
45	51	56	79	59	81	0	43	42
45	51	60	79	13	52	8	43	46
45	51	42	79	98	4	78	43	13
45	51	47	79	94	21	55	43	35
45	51	59	79	72	45	22	43	44
45	51	32	79	69	47	10	43	43
45	51	26	79	3	42	27	43	47
45	54	40	91	51	70	20	31	44
45	54	56	91	59	95	0	31	42
45	54	60	91	13	98	0	31	46
45	54	42	91	98	25	60	31	13
45	54	47	91	94	52	30	31	35
45	54	59	91	72	55	27	31	44
45	54	32	91	69	62	13	31	43
45	54	26	91	3	70	4	31	47
45	40	56	51	59	64	3	44	42
45	40	60	51	13	30	29	44	46
45	40	42	51	98	25	60	44	13
45	40	47	51	94	22	60	44	35
45	40	59	51	72	50	23	44	44
45	40	32	51	69	53	33	44	43
45	40	26	51	3	60	16	44	47
45	56	60	59	13	6	70	42	46
45	56	42	59	98	1	100	42	13
45	56	47	59	94	1	94	42	35
45	56	59	59	72	0	93	42	44
45	56	32	59	69	0	75	42	43
45	56	26	59	3	0	62	42	47
45	60	42	13	98	9	83	46	13
45	60	47	13	94	4	85	46	35
45	60	59	13	72	14	18	46	44
45	60	32	13	69	9	64	46	43
45	60	26	13	3	12	31	46	47
45	42	47	98	94	56	25	13	35
45	42	59	98	72	73	3	13	44
45	42	32	98	69	62	23	13	43
45	42	26	98	3	54	24	13	47
45	47	59	94	72	72	8	35	44
45	47	32	94	69	69	8	35	43
45	47	26	94	3	74	8	35	47
45	59	32	72	69	15	24	44	43
45	59	26	72	3	24	22	44	47
45	32	26	69	3	19	26	43	47
46	57	25	73	74	51	20	42	40
46	57	53	73	100	18	53	42	32
46	57	51	73	53	53	19	42	43
46	25	53	74	100	26	52	40	32
46	25	51	74	53	39	21	40	43
46	53	51	100	53	69	16	32	43
47	60	54	44	89	1	90	47	26
47	60	58	44	99	0	98	47	17
47	60	55	44	97	1	93	47	19
47	60	53	44	64	9	62	47	40
47	60	48	44	84	10	77	47	43
47	60	57	44	75	5	67	47	42
47	60	40	44	96	0	95	47	28
47	60	42	44	90	0	92	47	28
47	60	51	44	72	2	75	47	38
47	60	32	44	83	2	73	47	40
47	60	59	44	97	0	95	47	30
47	60	45	44	97	0	95	47	32
47	60	56	44	99	0	97	47	23
47	54	58	89	99	24	69	26	17
47	54	55	89	97	26	55	26	19
47	54	53	89	64	75	19	26	40
47	54	48	89	84	75	16	26	43
47	54	57	89	75	67	16	26	42
47	54	40	89	96	63	22	26	28
47	54	42	89	90	58	25	26	28
47	54	51	89	72	59	24	26	38
47	54	32	89	83	74	11	26	40
47	54	59	89	97	64	19	26	30
47	54	45	89	97	61	27	26	32
47	54	56	89	99	37	30	26	23
47	58	55	99	97	23	60	17	19
47	58	53	99	64	75	6	17	40
47	58	48	99	84	56	16	17	43
47	58	57	99	75	62	13	17	42
47	58	40	99	96	68	24	17	28
47	58	42	99	90	66	27	17	28
47	58	51	99	72	67	22	17	38
47	58	32	99	83	77	16	17	40
47	58	59	99	97	66	24	17	30
47	58	45	99	97	58	28	17	32
47	58	56	99	99	68	22	17	23
47	55	53	97	64	75	15	19	40
47	55	48	97	84	67	13	19	43
47	55	57	97	75	84	10	19	42
47	55	40	97	96	59	23	19	28
47	55	42	97	90	51	28	19	28
47	55	51	97	72	67	26	19	38
47	55	32	97	83	67	21	19	40
47	55	59	97	97	57	21	19	30
47	55	45	97	97	67	21	19	32
47	55	56	97	99	66	25	19	23
47	53	48	64	84	6	69	40	43
47	53	57	64	75	13	53	40	42
47	53	40	64	96	14	77	40	28
47	53	42	64	90	10	69	40	28
47	53	51	64	72	19	59	40	38
47	53	32	64	83	38	22	40	40
47	53	59	64	97	4	75	40	30
47	53	45	64	97	11	75	40	32
47	53	56	64	99	18	63	40	23
47	48	57	84	75	16	50	43	42
47	48	40	84	96	6	79	43	28
47	48	42	84	90	20	56	43	28
47	48	51	84	72	19	39	43	38
47	48	32	84	83	42	41	43	40
47	48	59	84	97	7	75	43	30
47	48	45	84	97	24	51	43	32
47	48	56	84	99	13	74	43	23
47	57	40	75	96	20	61	42	28
47	57	42	75	90	7	64	42	28
47	57	51	75	72	48	23	42	38
47	57	32	75	83	75	3	42	40
47	57	59	75	97	5	70	42	30
47	57	45	75	97	11	64	42	32
47	57	56	75	99	19	65	42	23
47	40	42	96	90	60	24	28	28
47	40	51	96	72	66	21	28	38
47	40	32	96	83	59	26	28	40
47	40	59	96	97	66	26	28	30
47	40	45	96	97	81	14	28	32
47	40	56	96	99	58	26	28	23
47	42	51	90	72	66	12	28	38
47	42	32	90	83	75	5	28	40
47	42	59	90	97	69	18	28	30
47	42	45	90	97	58	21	28	32
47	42	56	90	99	25	41	28	23
47	51	32	72	83	66	14	38	40
47	51	59	72	97	4	70	38	30
47	51	45	72	97	21	65	38	32
47	51	56	72	99	22	68	38	23
47	32	59	83	97	6	75	40	30
47	32	45	83	97	26	66	40	32
47	32	56	83	99	10	81	40	23
47	59	45	97	97	66	16	30	32
47	59	56	97	99	26	59	30	23
47	45	56	97	99	29	66	32	23
48	58	32	39	20	44	0	39	44
48	58	47	39	83	11	61	39	44
48	58	35	39	73	7	63	39	40
48	58	26	39	89	2	99	39	34
48	58	40	39	60	8	64	39	45
48	58	24	39	98	6	24	39	32
48	58	55	39	54	16	43	39	43
48	58	36	39	84	29	13	39	42
48	58	42	39	100	24	59	39	24
48	58	45	39	79	22	64	39	33
48	58	54	39	83	26	54	39	42
48	58	60	39	94	19	57	39	30
48	58	34	39	18	34	2	39	47
48	32	47	20	83	1	91	44	44
48	32	35	20	73	3	62	44	40
48	32	26	20	89	0	93	44	34
48	32	40	20	60	0	44	44	45
48	32	24	20	98	0	82	44	32
48	32	55	20	54	0	40	44	43
48	32	36	20	84	0	85	44	42
48	32	42	20	100	0	98	44	24
48	32	45	20	79	0	63	44	33
48	32	54	20	83	1	18	44	42
48	32	60	20	94	0	40	44	30
48	32	34	20	18	3	0	44	47
48	47	35	83	73	46	6	44	40
48	47	26	83	89	16	45	44	34
48	47	40	83	60	68	3	44	45
48	47	24	83	98	19	21	44	32
48	47	55	83	54	41	10	44	43
48	47	36	83	84	44	8	44	42
48	47	42	83	100	26	62	44	24
48	47	45	83	79	24	62	44	33
48	47	54	83	83	25	36	44	42
48	47	60	83	94	24	51	44	30
48	47	34	83	18	82	0	44	47
48	35	26	73	89	9	62	40	34
48	35	40	73	60	67	4	40	45
48	35	24	73	98	42	25	40	32
48	35	55	73	54	55	9	40	43
48	35	36	73	84	47	28	40	42
48	35	42	73	100	5	71	40	24
48	35	45	73	79	9	71	40	33
48	35	54	73	83	14	47	40	42
48	35	60	73	94	8	53	40	30
48	35	34	73	18	64	0	40	47
48	26	40	89	60	94	0	34	45
48	26	24	89	98	58	15	34	32
48	26	55	89	54	90	0	34	43
48	26	36	89	84	65	14	34	42
48	26	42	89	100	24	54	34	24
48	26	45	89	79	12	57	34	33
48	26	54	89	83	31	17	34	42
48	26	60	89	94	29	49	34	30
48	26	34	89	18	91	0	34	47
48	40	24	60	98	0	76	45	32
48	40	55	60	54	29	5	45	43
48	40	36	60	84	12	16	45	42
48	40	42	60	100	2	86	45	24
48	40	45	60	79	5	89	45	33
48	40	54	60	83	5	74	45	42
48	40	60	60	94	14	47	45	30
48	40	34	60	18	51	2	45	47
48	24	55	98	54	66	6	32	43
48	24	36	98	84	25	12	32	42
48	24	42	98	100	14	50	32	24
48	24	45	98	79	7	69	32	33
48	24	54	98	83	16	47	32	42
48	24	60	98	94	18	66	32	30
48	24	34	98	18	75	2	32	47
48	55	36	54	84	7	33	43	42
48	55	42	54	100	24	59	43	24
48	55	45	54	79	6	54	43	33
48	55	54	54	83	30	19	43	42
48	55	60	54	94	4	63	43	30
48	55	34	54	18	11	7	43	47
48	36	42	84	100	2	74	42	24
48	36	45	84	79	0	66	42	33
48	36	54	84	83	11	39	42	42
48	36	60	84	94	15	61	42	30
48	36	34	84	18	70	0	42	47
48	42	45	100	79	60	19	24	33
48	42	54	100	83	70	9	24	42
48	42	60	100	94	54	14	24	30
48	42	34	100	18	99	1	24	47
48	45	54	79	83	60	29	33	42
48	45	60	79	94	35	55	33	30
48	45	34	79	18	78	1	33	47
48	54	60	83	94	39	39	42	30
48	54	34	83	18	77	3	42	47
48	60	34	94	18	64	8	30	47
51	84	58	82	87	66	7	32	40
51	84	46	82	62	66	5	32	41
51	84	77	82	67	79	2	32	43
51	84	25	82	77	51	6	32	34
51	84	47	82	90	52	12	32	39
51	84	68	82	71	72	12	32	33
51	84	53	82	100	16	72	32	19
51	84	54	82	77	52	20	32	44
51	84	57	82	75	61	20	32	38
51	84	40	82	87	54	12	32	36
51	84	56	82	100	21	62	32	22
51	84	81	82	83	44	18	32	33
51	84	45	82	61	65	15	32	42
51	84	55	82	92	46	8	32	37
51	58	46	87	62	43	6	40	41
51	58	77	87	67	15	43	40	43
51	58	25	87	77	17	53	40	34
51	58	47	87	90	24	54	40	39
51	58	68	87	71	22	55	40	33
51	58	53	87	100	13	69	40	19
51	58	54	87	77	24	42	40	44
51	58	57	87	75	26	52	40	38
51	58	40	87	87	13	67	40	36
51	58	56	87	100	20	64	40	22
51	58	81	87	83	7	63	40	33
51	58	45	87	61	14	43	40	42
51	58	55	87	92	20	60	40	37
51	46	77	62	67	50	0	41	43
51	46	25	62	77	12	63	41	34
51	46	47	62	90	3	76	41	39
51	46	68	62	71	14	61	41	33
51	46	53	62	100	18	74	41	19
51	46	54	62	77	13	29	41	44
51	46	57	62	75	13	57	41	38
51	46	40	62	87	6	72	41	36
51	46	56	62	100	5	76	41	22
51	46	81	62	83	7	65	41	33
51	46	45	62	61	7	24	41	42
51	46	55	62	92	3	69	41	37
51	77	25	67	77	20	65	43	34
51	77	47	67	90	11	62	43	39
51	77	68	67	71	15	57	43	33
51	77	53	67	100	16	77	43	19
51	77	54	67	77	28	39	43	44
51	77	57	67	75	30	35	43	38
51	77	40	67	87	26	59	43	36
51	77	56	67	100	7	71	43	22
51	77	81	67	83	21	66	43	33
51	77	45	67	61	17	15	43	42
51	77	55	67	92	12	50	43	37
51	25	47	77	90	42	17	34	39
51	25	68	77	71	32	48	34	33
51	25	53	77	100	16	74	34	19
51	25	54	77	77	49	17	34	44
51	25	57	77	75	30	22	34	38
51	25	40	77	87	29	15	34	36
51	25	56	77	100	19	75	34	22
51	25	81	77	83	6	55	34	33
51	25	45	77	61	51	22	34	42
51	25	55	77	92	19	18	34	37
51	47	68	90	71	23	51	39	33
51	47	53	90	100	26	60	39	19
51	47	54	90	77	71	14	39	44
51	47	57	90	75	34	27	39	38
51	47	40	90	87	26	39	39	36
51	47	56	90	100	23	59	39	22
51	47	81	90	83	19	53	39	33
51	47	45	90	61	56	19	39	42
51	47	55	90	92	21	53	39	37
51	68	53	71	100	12	67	33	19
51	68	54	71	77	44	30	33	44
51	68	57	71	75	39	40	33	38
51	68	40	71	87	23	59	33	36
51	68	56	71	100	15	81	33	22
51	68	81	71	83	14	51	33	33
51	68	45	71	61	33	35	33	42
51	68	55	71	92	20	27	33	37
51	53	54	100	77	66	22	19	44
51	53	57	100	75	74	17	19	38
51	53	40	100	87	64	19	19	36
51	53	56	100	100	63	23	19	22
51	53	81	100	83	67	15	19	33
51	53	45	100	61	65	7	19	42
51	53	55	100	92	74	15	19	37
51	54	57	77	75	27	54	44	38
51	54	40	77	87	19	57	44	36
51	54	56	77	100	16	72	44	22
51	54	81	77	83	16	57	44	33
51	54	45	77	61	39	24	44	42
51	54	55	77	92	21	54	44	37
51	57	40	75	87	14	49	38	36
51	57	56	75	100	19	71	38	22
51	57	81	75	83	34	30	38	33
51	57	45	75	61	60	16	38	42
51	57	55	75	92	26	37	38	37
51	40	56	87	100	21	64	36	22
51	40	81	87	83	27	38	36	33
51	40	45	87	61	36	21	36	42
51	40	55	87	92	34	26	36	37
51	56	81	100	83	61	13	22	33
51	56	45	100	61	67	12	22	42
51	56	55	100	92	61	23	22	37
51	81	45	83	61	49	11	33	42
51	81	55	83	92	28	27	33	37
51	45	55	61	92	17	44	42	37
53	25	78	69	45	75	12	36	40
53	25	40	69	88	8	51	36	36
53	25	58	69	5	81	1	36	42
53	25	47	69	15	52	19	36	46
53	25	57	69	86	13	53	36	34
53	25	51	69	100	22	66	36	20
53	25	77	69	81	59	19	36	39
53	25	56	69	97	31	42	36	31
53	25	46	69	100	32	30	36	31
53	25	68	69	53	66	13	36	38
53	25	84	69	61	57	16	36	40
53	25	43	69	88	18	45	36	32
53	25	54	69	91	17	55	36	37
53	25	81	69	58	48	15	36	37
53	25	55	69	79	45	20	36	40
53	78	40	45	88	1	91	40	36
53	78	58	45	5	6	18	40	42
53	78	47	45	15	2	72	40	46
53	78	57	45	86	0	86	40	34
53	78	51	45	100	0	100	40	20
53	78	77	45	81	0	32	40	39
53	78	56	45	97	1	92	40	31
53	78	46	45	100	0	92	40	31
53	78	68	45	53	1	38	40	38
53	78	84	45	61	1	53	40	40
53	78	43	45	88	1	73	40	32
53	78	54	45	91	0	77	40	37
53	78	81	45	58	0	43	40	37
53	78	55	45	79	2	74	40	40
53	40	58	88	5	74	5	36	42
53	40	47	88	15	68	18	36	46
53	40	57	88	86	31	35	36	34
53	40	51	88	100	22	67	36	20
53	40	77	88	81	69	9	36	39
53	40	56	88	97	41	43	36	31
53	40	46	88	100	22	19	36	31
53	40	68	88	53	72	5	36	38
53	40	84	88	61	73	15	36	40
53	40	43	88	88	61	13	36	32
53	40	54	88	91	61	28	36	37
53	40	81	88	58	74	12	36	37
53	40	55	88	79	60	26	36	40
53	58	47	5	15	4	50	42	46
53	58	57	5	86	5	71	42	34
53	58	51	5	100	2	92	42	20
53	58	77	5	81	9	56	42	39
53	58	56	5	97	7	79	42	31
53	58	46	5	100	1	84	42	31
53	58	68	5	53	3	53	42	38
53	58	84	5	61	1	53	42	40
53	58	43	5	88	1	78	42	32
53	58	54	5	91	2	64	42	37
53	58	81	5	58	13	49	42	37
53	58	55	5	79	5	68	42	40
53	47	57	15	86	20	66	46	34
53	47	51	15	100	19	64	46	20
53	47	77	15	81	53	11	46	39
53	47	56	15	97	21	61	46	31
53	47	46	15	100	9	70	46	31
53	47	68	15	53	43	8	46	38
53	47	84	15	61	37	13	46	40
53	47	43	15	88	17	60	46	32
53	47	54	15	91	22	52	46	37
53	47	81	15	58	56	8	46	37
53	47	55	15	79	30	28	46	40
53	57	51	86	100	18	54	34	20
53	57	77	86	81	66	12	34	39
53	57	56	86	97	26	34	34	31
53	57	46	86	100	43	36	34	31
53	57	68	86	53	64	17	34	38
53	57	84	86	61	57	18	34	40
53	57	43	86	88	64	22	34	32
53	57	54	86	91	69	17	34	37
53	57	81	86	58	61	20	34	37
53	57	55	86	79	57	27	34	40
53	51	77	100	81	70	16	20	39
53	51	56	100	97	69	26	20	31
53	51	46	100	100	74	16	20	31
53	51	68	100	53	80	9	20	38
53	51	84	100	61	81	6	20	40
53	51	43	100	88	74	6	20	32
53	51	54	100	91	50	29	20	37
53	51	81	100	58	66	16	20	37
53	51	55	100	79	66	21	20	40
53	77	56	81	97	6	73	39	31
53	77	46	81	100	10	65	39	31
53	77	68	81	53	29	29	39	38
53	77	84	81	61	56	8	39	40
53	77	43	81	88	20	28	39	32
53	77	54	81	91	9	61	39	37
53	77	81	81	58	84	0	39	37
53	77	55	81	79	15	13	39	40
53	56	46	97	100	60	11	31	31
53	56	68	97	53	67	21	31	38
53	56	84	97	61	76	8	31	40
53	56	43	97	88	67	12	31	32
53	56	54	97	91	72	23	31	37
53	56	81	97	58	94	0	31	37
53	56	55	97	79	60	22	31	40
53	46	68	100	53	76	7	31	38
53	46	84	100	61	73	9	31	40
53	46	43	100	88	72	12	31	32
53	46	54	100	91	60	16	31	37
53	46	81	100	58	98	0	31	37
53	46	55	100	79	66	11	31	40
53	68	84	53	61	55	16	38	40
53	68	43	53	88	13	49	38	32
53	68	54	53	91	8	62	38	37
53	68	81	53	58	59	0	38	37
53	68	55	53	79	26	15	38	40
53	84	43	61	88	13	65	40	32
53	84	54	61	91	11	79	40	37
53	84	81	61	58	34	0	40	37
53	84	55	61	79	8	56	40	40
53	43	54	88	91	14	20	32	37
53	43	81	88	58	83	1	32	37
53	43	55	88	79	56	14	32	40
53	54	81	91	58	88	1	37	37
53	54	55	91	79	47	24	37	40
53	81	55	58	79	0	79	37	40
54	59	55	99	100	21	61	41	29
54	59	51	99	84	34	25	41	35
54	59	40	99	100	17	65	41	14
54	59	32	99	100	12	66	41	25
54	59	56	99	100	19	67	41	18
54	59	58	99	90	27	65	41	32
54	59	47	99	98	31	50	41	26
54	59	84	99	79	78	5	41	40
54	59	53	99	94	17	67	41	34
54	59	45	99	99	29	67	41	30
54	59	57	99	62	55	11	41	46
54	59	42	99	87	10	36	41	39
54	59	81	99	67	42	19	41	40
54	55	51	100	84	75	17	29	35
54	55	40	100	100	25	64	29	14
54	55	32	100	100	42	24	29	25
54	55	56	100	100	26	61	29	18
54	55	58	100	90	53	26	29	32
54	55	47	100	98	36	51	29	26
54	55	84	100	79	67	13	29	40
54	55	53	100	94	48	35	29	34
54	55	45	100	99	57	13	29	30
54	55	57	100	62	70	21	29	46
54	55	42	100	87	65	25	29	39
54	55	81	100	67	71	6	29	40
54	51	40	84	100	16	68	35	14
54	51	32	84	100	16	68	35	25
54	51	56	84	100	22	66	35	18
54	51	58	84	90	26	26	35	32
54	51	47	84	98	27	56	35	26
54	51	84	84	79	38	26	35	40
54	51	53	84	94	22	54	35	34
54	51	45	84	99	23	60	35	30
54	51	57	84	62	23	35	35	46
54	51	42	84	87	8	75	35	39
54	51	81	84	67	22	33	35	40
54	40	32	100	100	64	27	14	25
54	40	56	100	100	64	29	14	18
54	40	58	100	90	74	19	14	32
54	40	47	100	98	66	19	14	26
54	40	84	100	79	74	14	14	40
54	40	53	100	94	56	21	14	34
54	40	45	100	99	63	21	14	30
54	40	57	100	62	65	15	14	46
54	40	42	100	87	72	21	14	39
54	40	81	100	67	71	15	14	40
54	32	56	100	100	26	51	25	18
54	32	58	100	90	61	24	25	32
54	32	47	100	98	25	58	25	26
54	32	84	100	79	67	8	25	40
54	32	53	100	94	64	13	25	34
54	32	45	100	99	80	16	25	30
54	32	57	100	62	72	7	25	46
54	32	42	100	87	66	15	25	39
54	32	81	100	67	67	5	25	40
54	56	58	100	90	63	22	18	32
54	56	47	100	98	50	27	18	26
54	56	84	100	79	73	8	18	40
54	56	53	100	94	58	29	18	34
54	56	45	100	99	58	17	18	30
54	56	57	100	62	52	25	18	46
54	56	42	100	87	72	16	18	39
54	56	81	100	67	65	25	18	40
54	58	47	90	98	25	59	32	26
54	58	84	90	79	43	22	32	40
54	58	53	90	94	23	54	32	34
54	58	45	90	99	12	72	32	30
54	58	57	90	62	39	28	32	46
54	58	42	90	87	27	45	32	39
54	58	81	90	67	50	22	32	40
54	47	84	98	79	62	11	26	40
54	47	53	98	94	69	20	26	34
54	47	45	98	99	63	20	26	30
54	47	57	98	62	69	16	26	46
54	47	42	98	87	59	28	26	39
54	47	81	98	67	75	10	26	40
54	84	53	79	94	24	59	40	34
54	84	45	79	99	18	58	40	30
54	84	57	79	62	29	24	40	46
54	84	42	79	87	8	72	40	39
54	84	81	79	67	44	21	40	40
54	53	45	94	99	13	63	34	30
54	53	57	94	62	56	25	34	46
54	53	42	94	87	30	39	34	39
54	53	81	94	67	73	10	34	40
54	45	57	99	62	59	11	30	46
54	45	42	99	87	45	43	30	39
54	45	81	99	67	69	8	30	40
54	57	42	62	87	6	76	46	39
54	57	81	62	67	24	27	46	40
54	42	81	87	67	72	9	39	40
55	58	53	94	91	71	15	16	38
55	58	51	94	87	64	25	16	42
55	58	54	94	100	62	21	16	29
55	58	57	94	82	76	8	16	45
55	58	56	94	100	68	21	16	30
55	58	48	94	80	72	6	16	46
55	58	59	94	100	63	20	16	31
55	58	47	94	100	19	37	16	21
55	58	42	94	84	75	9	16	45
55	58	32	94	100	56	25	16	31
55	58	40	94	99	32	50	16	18
55	53	51	91	87	37	26	38	42
55	53	54	91	100	25	65	38	29
55	53	57	91	82	52	21	38	45
55	53	56	91	100	23	58	38	30
55	53	48	91	80	88	0	38	46
55	53	59	91	100	9	77	38	31
55	53	47	91	100	26	69	38	21
55	53	42	91	84	65	23	38	45
55	53	32	91	100	18	64	38	31
55	53	40	91	99	25	69	38	18
55	51	54	87	100	23	72	42	29
55	51	57	87	82	26	29	42	45
55	51	56	87	100	19	70	42	30
55	51	48	87	80	88	1	42	46
55	51	59	87	100	9	70	42	31
55	51	47	87	100	23	68	42	21
55	51	42	87	84	50	15	42	45
55	51	32	87	100	19	66	42	31
55	51	40	87	99	20	62	42	18
55	54	57	100	82	77	18	29	45
55	54	56	100	100	33	52	29	30
55	54	48	100	80	95	0	29	46
55	54	59	100	100	23	49	29	31
55	54	47	100	100	24	67	29	21
55	54	42	100	84	61	19	29	45
55	54	32	100	100	27	30	29	31
55	54	40	100	99	27	62	29	18
55	57	56	82	100	19	64	45	30
55	57	48	82	80	73	0	45	46
55	57	59	82	100	8	74	45	31
55	57	47	82	100	27	54	45	21
55	57	42	82	84	55	31	45	45
55	57	32	82	100	6	73	45	31
55	57	40	82	99	6	66	45	18
55	56	48	100	80	100	0	30	46
55	56	59	100	100	22	48	30	31
55	56	47	100	100	26	62	30	21
55	56	42	100	84	77	8	30	45
55	56	32	100	100	30	58	30	31
55	56	40	100	99	23	67	30	18
55	48	59	80	100	4	89	46	31
55	48	47	80	100	13	74	46	21
55	48	42	80	84	20	25	46	45
55	48	32	80	100	1	95	46	31
55	48	40	80	99	0	95	46	18
55	59	47	100	100	30	57	31	21
55	59	42	100	84	76	8	31	45
55	59	32	100	100	20	19	31	31
55	59	40	100	99	27	62	31	18
55	47	42	100	84	72	16	21	45
55	47	32	100	100	61	26	21	31
55	47	40	100	99	27	49	21	18
55	42	32	84	100	9	83	45	31
55	42	40	84	99	16	62	45	18
55	32	40	100	99	25	62	31	18
56	54	53	98	100	68	29	23	30
56	54	68	98	66	76	6	23	42
56	54	32	98	100	53	21	23	22
56	54	47	98	100	59	26	23	25
56	54	51	98	100	59	28	23	23
56	54	59	98	100	69	13	23	37
56	54	40	98	100	28	54	23	19
56	54	25	98	76	69	9	23	43
56	54	57	98	87	60	21	23	36
56	54	42	98	81	62	24	23	45
56	54	58	98	99	59	23	23	32
56	54	81	98	89	68	26	23	37
56	54	55	98	99	73	17	23	32
56	54	45	98	1	99	0	23	47
56	53	68	100	66	62	16	30	42
56	53	32	100	100	18	72	30	22
56	53	47	100	100	23	68	30	25
56	53	51	100	100	37	58	30	23
56	53	59	100	100	61	15	30	37
56	53	40	100	100	31	70	30	19
56	53	25	100	76	60	30	30	43
56	53	57	100	87	60	23	30	36
56	53	42	100	81	80	18	30	45
56	53	58	100	99	64	13	30	32
56	53	81	100	89	71	15	30	37
56	53	55	100	99	46	34	30	32
56	53	45	100	1	99	0	30	47
56	68	32	66	100	8	75	42	22
56	68	47	66	100	12	74	42	25
56	68	51	66	100	15	67	42	23
56	68	59	66	100	4	81	42	37
56	68	40	66	100	11	76	42	19
56	68	25	66	76	5	30	42	43
56	68	57	66	87	17	67	42	36
56	68	42	66	81	11	38	42	45
56	68	58	66	99	7	79	42	32
56	68	81	66	89	14	41	42	37
56	68	55	66	99	10	82	42	32
56	68	45	66	1	58	0	42	47
56	32	47	100	100	25	38	22	25
56	32	51	100	100	19	33	22	23
56	32	59	100	100	64	11	22	37
56	32	40	100	100	29	60	22	19
56	32	25	100	76	74	5	22	43
56	32	57	100	87	74	12	22	36
56	32	42	100	81	68	11	22	45
56	32	58	100	99	65	28	22	32
56	32	81	100	89	78	12	22	37
56	32	55	100	99	56	29	22	32
56	32	45	100	1	100	0	22	47
56	47	51	100	100	37	31	25	23
56	47	59	100	100	64	23	25	37
56	47	40	100	100	26	62	25	19
56	47	25	100	76	75	7	25	43
56	47	57	100	87	59	27	25	36
56	47	42	100	81	56	23	25	45
56	47	58	100	99	54	30	25	32
56	47	81	100	89	78	5	25	37
56	47	55	100	99	52	28	25	32
56	47	45	100	1	100	0	25	47
56	51	59	100	100	63	17	23	37
56	51	40	100	100	15	74	23	19
56	51	25	100	76	62	19	23	43
56	51	57	100	87	52	24	23	36
56	51	42	100	81	64	12	23	45
56	51	58	100	99	55	27	23	32
56	51	81	100	89	70	18	23	37
56	51	55	100	99	63	29	23	32
56	51	45	100	1	100	0	23	47
56	59	40	100	100	19	58	37	19
56	59	25	100	76	70	8	37	43
56	59	57	100	87	21	56	37	36
56	59	42	100	81	73	5	37	45
56	59	58	100	99	29	50	37	32
56	59	81	100	89	69	10	37	37
56	59	55	100	99	27	65	37	32
56	59	45	100	1	98	0	37	47
56	40	25	100	76	66	10	19	43
56	40	57	100	87	71	15	19	36
56	40	42	100	81	59	20	19	45
56	40	58	100	99	67	29	19	32
56	40	81	100	89	62	20	19	37
56	40	55	100	99	69	20	19	32
56	40	45	100	1	100	0	19	47
56	25	57	76	87	24	63	43	36
56	25	42	76	81	11	19	43	45
56	25	58	76	99	8	72	43	32
56	25	81	76	89	25	39	43	37
56	25	55	76	99	8	65	43	32
56	25	45	76	1	80	0	43	47
56	57	42	87	81	64	11	36	45
56	57	58	87	99	35	21	36	32
56	57	81	87	89	64	23	36	37
56	57	55	87	99	44	37	36	32
56	57	45	87	1	88	0	36	47
56	42	58	81	99	11	70	45	32
56	42	81	81	89	20	49	45	37
56	42	55	81	99	29	55	45	32
56	42	45	81	1	91	0	45	47
56	58	81	99	89	65	12	32	37
56	58	55	99	99	40	27	32	32
56	58	45	99	1	99	0	32	47
56	81	55	89	99	14	64	37	32
56	81	45	89	1	94	0	37	47
56	55	45	99	1	99	0	32	47
57	51	46	72	78	31	31	38	37
57	51	53	72	96	19	52	38	30
57	51	81	72	68	42	19	38	36
57	51	68	72	39	73	7	38	40
57	51	43	72	82	16	60	38	31
57	51	84	72	80	46	26	38	36
57	51	55	72	63	48	27	38	44
57	51	56	72	87	30	46	38	31
57	46	53	78	96	17	60	37	30
57	46	81	78	68	43	13	37	36
57	46	68	78	39	65	9	37	40
57	46	43	78	82	22	46	37	31
57	46	84	78	80	7	18	37	36
57	46	55	78	63	16	16	37	44
57	46	56	78	87	12	59	37	31
57	53	81	96	68	73	14	30	36
57	53	68	96	39	88	0	30	40
57	53	43	96	82	47	29	30	31
57	53	84	96	80	62	19	30	36
57	53	55	96	63	60	24	30	44
57	53	56	96	87	45	33	30	31
57	81	68	68	39	40	5	36	40
57	81	43	68	82	16	63	36	31
57	81	84	68	80	22	40	36	36
57	81	55	68	63	10	20	36	44
57	81	56	68	87	10	70	36	31
57	68	43	39	82	8	75	40	31
57	68	84	39	80	7	67	40	36
57	68	55	39	63	10	54	40	44
57	68	56	39	87	11	71	40	31
57	43	84	82	80	53	26	31	36
57	43	55	82	63	73	20	31	44
57	43	56	82	87	39	26	31	31
57	84	55	80	63	41	12	36	44
57	84	56	80	87	17	62	36	31
57	55	56	63	87	21	57	44	31
58	56	45	92	95	61	17	31	43
58	56	32	92	97	55	27	31	39
58	56	55	92	100	23	62	31	21
58	56	42	92	79	70	14	31	45
58	56	59	92	100	36	35	31	29
58	56	40	92	100	25	47	31	29
58	56	47	92	100	28	64	31	21
58	56	54	92	95	66	20	31	44
58	56	51	92	88	72	18	31	44
58	56	48	92	27	81	7	31	47
58	45	32	95	97	42	20	43	39
58	45	55	95	100	9	58	43	21
58	45	42	95	79	79	6	43	45
58	45	59	95	100	27	57	43	29
58	45	40	95	100	21	56	43	29
58	45	47	95	100	24	57	43	21
58	45	54	95	95	17	56	43	44
58	45	51	95	88	48	13	43	44
58	45	48	95	27	14	52	43	47
58	32	55	97	100	22	67	39	21
58	32	42	97	79	66	14	39	45
58	32	59	97	100	15	60	39	29
58	32	40	97	100	18	53	39	29
58	32	47	97	100	28	61	39	21
58	32	54	97	95	40	26	39	44
58	32	51	97	88	47	7	39	44
58	32	48	97	27	42	13	39	47
58	55	42	100	79	74	14	21	45
58	55	59	100	100	70	30	21	29
58	55	40	100	100	64	24	21	29
58	55	47	100	100	33	38	21	21
58	55	54	100	95	67	20	21	44
58	55	51	100	88	75	15	21	44
58	55	48	100	27	89	5	21	47
58	42	59	79	100	1	89	45	29
58	42	40	79	100	5	85	45	29
58	42	47	79	100	0	98	45	21
58	42	54	79	95	5	73	45	44
58	42	51	79	88	30	39	45	44
58	42	48	79	27	45	16	45	47
58	59	40	100	100	38	33	29	29
58	59	47	100	100	21	71	29	21
58	59	54	100	95	40	35	29	44
58	59	51	100	88	74	6	29	44
58	59	48	100	27	84	4	29	47
58	40	47	100	100	23	61	29	21
58	40	54	100	95	45	33	29	44
58	40	51	100	88	58	25	29	44
58	40	48	100	27	41	6	29	47
58	47	54	100	95	54	30	21	44
58	47	51	100	88	72	18	21	44
58	47	48	100	27	74	10	21	47
58	54	51	95	88	69	11	44	44
58	54	48	95	27	81	0	44	47
58	51	48	88	27	83	1	44	47
59	40	58	91	97	36	60	41	29
59	40	47	91	98	27	68	41	35
59	40	45	91	90	60	17	41	45
59	40	55	91	100	21	65	41	31
59	40	56	91	100	26	62	41	35
59	40	54	91	59	32	38	41	47
59	58	47	97	98	39	33	29	35
59	58	45	97	90	56	22	29	45
59	58	55	97	100	50	35	29	31
59	58	56	97	100	68	20	29	35
59	58	54	97	59	88	8	29	47
59	47	45	98	90	70	25	35	45
59	47	55	98	100	31	45	35	31
59	47	56	98	100	63	23	35	35
59	47	54	98	59	85	5	35	47
59	45	55	90	100	21	65	45	31
59	45	56	90	100	16	65	45	35
59	45	54	90	59	63	5	45	47
59	55	56	100	100	63	28	31	35
59	55	54	100	59	93	5	31	47
59	56	54	100	59	85	8	35	47
60	35	48	33	94	9	72	43	27
60	35	39	33	62	12	42	43	34
60	35	34	33	72	14	52	43	34
60	35	37	33	61	51	8	43	44
60	35	42	33	61	33	16	43	45
60	35	66	33	61	16	41	43	40
60	35	45	33	48	42	10	43	43
60	35	26	33	69	32	16	43	44
60	48	39	94	62	66	11	27	34
60	48	34	94	72	57	26	27	34
60	48	37	94	61	67	11	27	44
60	48	42	94	61	66	7	27	45
60	48	66	94	61	75	7	27	40
60	48	45	94	48	69	9	27	43
60	48	26	94	69	60	14	27	44
60	39	34	62	72	21	31	34	34
60	39	37	62	61	40	17	34	44
60	39	42	62	61	40	14	34	45
60	39	66	62	61	46	16	34	40
60	39	45	62	48	69	6	34	43
60	39	26	62	69	49	15	34	44
60	34	37	72	61	45	12	34	44
60	34	42	72	61	47	11	34	45
60	34	66	72	61	24	19	34	40
60	34	45	72	48	10	0	34	43
60	34	26	72	69	0	0	34	44
60	37	42	61	61	0	1	44	45
60	37	66	61	61	0	2	44	40
60	37	45	61	48	1	0	44	43
60	37	26	61	69	1	8	44	44
60	42	66	61	61	0	1	45	40
60	42	45	61	48	9	1	45	43
60	42	26	61	69	14	0	45	44
60	66	45	61	48	51	0	40	43
60	66	26	61	69	42	4	40	44
60	45	26	48	69	5	22	43	44
63	78	64	57	98	12	46	28	28
63	78	76	57	87	53	32	28	43
63	78	68	57	82	70	11	28	40
63	78	69	57	85	69	21	28	42
63	78	8	57	25	67	5	28	45
63	78	70	57	36	80	8	28	47
63	78	77	57	51	38	35	28	47
63	64	76	98	87	68	12	28	43
63	64	68	98	82	77	8	28	40
63	64	69	98	85	72	6	28	42
63	64	8	98	25	50	30	28	45
63	64	70	98	36	89	4	28	47
63	64	77	98	51	78	6	28	47
63	76	68	87	82	35	21	43	40
63	76	69	87	85	25	31	43	42
63	76	8	87	25	56	17	43	45
63	76	70	87	36	70	8	43	47
63	76	77	87	51	49	25	43	47
63	68	69	82	85	26	43	40	42
63	68	8	82	25	18	50	40	45
63	68	70	82	36	65	5	40	47
63	68	77	82	51	43	25	40	47
63	69	8	85	25	22	27	42	45
63	69	70	85	36	62	13	42	47
63	69	77	85	51	50	15	42	47
63	8	70	25	36	88	4	45	47
63	8	77	25	51	66	16	45	47
63	70	77	36	51	5	68	47	47
64	1	13	86	0	92	0	37	65535
64	1	63	86	99	15	66	37	31
64	1	8	86	97	30	34	37	34
64	1	80	86	75	72	10	37	42
64	1	66	86	0	89	0	37	65535
64	1	4	86	0	94	0	37	65535
64	13	63	0	99	0	98	65535	31
64	13	8	0	97	1	95	65535	34
64	13	80	0	75	0	99	65535	42
64	13	66	0	0	0	5	65535	65535
64	13	4	0	0	0	0	65535	65535
64	63	8	99	97	62	28	31	34
64	63	80	99	75	64	4	31	42
64	63	66	99	0	98	0	31	65535
64	63	4	99	0	99	0	31	65535
64	8	80	97	75	77	8	34	42
64	8	66	97	0	93	1	34	65535
64	8	4	97	0	97	0	34	65535
64	80	66	75	0	97	0	42	65535
64	80	4	75	0	99	0	42	65535
64	66	4	0	0	3	0	65535	65535
65	73	82	100	100	60	36	21	29
65	73	85	100	99	54	32	21	41
65	82	85	100	99	52	33	29	41
66	20	17	99	100	18	33	41	37
66	20	13	99	99	17	63	41	36
66	20	1	99	58	77	5	41	45
66	20	64	99	1	76	0	41	46
66	20	60	99	75	49	21	41	40
66	20	126	99	1	96	0	41	45
66	20	117	99	42	79	3	41	48
66	20	80	99	96	57	10	41	44
66	17	13	100	99	33	52	37	36
66	17	1	100	58	64	10	37	45
66	17	64	100	1	96	0	37	46
66	17	60	100	75	88	8	37	40
66	17	126	100	1	100	0	37	45
66	17	117	100	42	70	6	37	48
66	17	80	100	96	73	7	37	44
66	13	1	99	58	74	7	36	45
66	13	64	99	1	89	1	36	46
66	13	60	99	75	53	12	36	40
66	13	126	99	1	99	0	36	45
66	13	117	99	42	78	4	36	48
66	13	80	99	96	65	14	36	44
66	1	64	58	1	29	11	45	46
66	1	60	58	75	8	72	45	40
66	1	126	58	1	31	3	45	45
66	1	117	58	42	13	22	45	48
66	1	80	58	96	11	31	45	44
66	64	60	1	75	1	74	46	40
66	64	126	1	1	1	1	46	45
66	64	117	1	42	5	18	46	48
66	64	80	1	96	3	27	46	44
66	60	126	75	1	78	0	40	45
66	60	117	75	42	58	8	40	48
66	60	80	75	96	39	19	40	44
66	126	117	1	42	0	37	45	48
66	126	80	1	96	0	86	45	44
66	117	80	42	96	7	49	48	44
67	8	72	93	93	27	37	42	43
67	8	70	93	96	79	4	42	45
67	8	9	93	0	92	1	42	65535
67	8	4	93	6	20	40	42	44
67	8	10	93	93	42	57	42	35
67	72	70	93	96	35	40	43	45
67	72	9	93	0	46	23	43	65535
67	72	4	93	6	39	20	43	44
67	72	10	93	93	14	41	43	35
67	70	9	96	0	73	3	45	65535
67	70	4	96	6	30	12	45	44
67	70	10	96	93	11	62	45	35
67	9	4	0	6	35	48	65535	44
67	9	10	0	93	6	83	65535	35
67	4	10	6	93	10	68	44	35
68	40	78	50	85	12	65	43	17
68	40	57	50	46	25	23	43	47
68	40	53	50	81	16	56	43	37
68	40	79	50	68	20	18	43	33
68	40	77	50	100	18	57	43	11
68	40	76	50	100	7	73	43	25
68	40	63	50	67	5	34	43	43
68	40	69	50	86	11	60	43	29
68	40	81	50	69	13	56	43	33
68	40	56	50	35	7	12	43	43
68	40	51	50	79	0	28	43	31
68	40	72	50	0	1	47	43	65535
68	40	75	50	93	8	54	43	19
68	78	57	85	46	50	9	17	47
68	78	53	85	81	56	12	17	37
68	78	79	85	68	62	18	17	33
68	78	77	85	100	21	60	17	11
68	78	76	85	100	20	45	17	25
68	78	63	85	67	31	42	17	43
68	78	69	85	86	2	88	17	29
68	78	81	85	69	34	41	17	33
68	78	56	85	35	56	21	17	43
68	78	51	85	79	55	15	17	31
68	78	72	85	0	50	28	17	65535
68	78	75	85	93	23	59	17	19
68	57	53	46	81	19	39	47	37
68	57	79	46	68	12	43	47	33
68	57	77	46	100	7	76	47	11
68	57	76	46	100	7	69	47	25
68	57	63	46	67	6	46	47	43
68	57	69	46	86	11	71	47	29
68	57	81	46	69	23	35	47	33
68	57	56	46	35	16	42	47	43
68	57	51	46	79	23	53	47	31
68	57	72	46	0	8	49	47	65535
68	57	75	46	93	11	73	47	19
68	53	79	81	68	60	15	37	33
68	53	77	81	100	21	69	37	11
68	53	76	81	100	6	62	37	25
68	53	63	81	67	54	14	37	43
68	53	69	81	86	24	58	37	29
68	53	81	81	69	53	13	37	33
68	53	56	81	35	58	20	37	43
68	53	51	81	79	15	54	37	31
68	53	72	81	0	50	6	37	65535
68	53	75	81	93	8	72	37	19
68	79	77	68	100	12	74	33	11
68	79	76	68	100	14	67	33	25
68	79	63	68	67	37	24	33	43
68	79	69	68	86	19	74	33	29
68	79	81	68	69	26	43	33	33
68	79	56	68	35	18	45	33	43
68	79	51	68	79	5	68	33	31
68	79	72	68	0	10	47	33	65535
68	79	75	68	93	12	51	33	19
68	77	76	100	100	63	22	11	25
68	77	63	100	67	69	14	11	43
68	77	69	100	86	65	25	11	29
68	77	81	100	69	56	34	11	33
68	77	56	100	35	70	11	11	43
68	77	51	100	79	50	28	11	31
68	77	72	100	0	73	15	11	65535
68	77	75	100	93	79	22	11	19
68	76	63	100	67	63	20	25	43
68	76	69	100	86	66	25	25	29
68	76	81	100	69	67	21	25	33
68	76	56	100	35	68	10	25	43
68	76	51	100	79	75	14	25	31
68	76	72	100	0	73	14	25	65535
68	76	75	100	93	37	54	25	19
68	63	69	67	86	13	66	43	29
68	63	81	67	69	14	51	43	33
68	63	56	67	35	19	10	43	43
68	63	51	67	79	13	48	43	31
68	63	72	67	0	26	5	43	65535
68	63	75	67	93	22	58	43	19
68	69	81	86	69	38	28	29	33
68	69	56	86	35	70	12	29	43
68	69	51	86	79	58	23	29	31
68	69	72	86	0	63	16	29	65535
68	69	75	86	93	29	48	29	19
68	81	56	69	35	53	27	33	43
68	81	51	69	79	26	40	33	31
68	81	72	69	0	64	9	33	65535
68	81	75	69	93	27	60	33	19
68	56	51	35	79	17	61	43	31
68	56	72	35	0	70	3	43	65535
68	56	75	35	93	26	67	43	19
68	51	72	79	0	71	13	31	65535
68	51	75	79	93	14	67	31	19
68	72	75	0	93	20	66	65535	19
69	132	123	82	86	44	21	39	45
69	132	53	82	0	78	0	39	65535
69	132	68	82	91	6	50	39	25
69	132	77	82	70	10	45	39	34
69	132	78	82	83	19	58	39	23
69	132	63	82	76	47	18	39	40
69	132	70	82	0	89	0	39	65535
69	132	136	82	8	83	0	39	47
69	132	75	82	87	29	58	39	25
69	132	81	82	77	49	9	39	38
69	132	76	82	100	19	79	39	13
69	132	79	82	75	64	16	39	41
69	132	72	82	76	76	5	39	42
69	123	53	86	0	81	0	45	65535
69	123	68	86	91	13	63	45	25
69	123	77	86	70	10	59	45	34
69	123	78	86	83	23	38	45	23
69	123	63	86	76	7	55	45	40
69	123	70	86	0	82	0	45	65535
69	123	136	86	8	78	0	45	47
69	123	75	86	87	23	61	45	25
69	123	81	86	77	19	45	45	38
69	123	76	86	100	19	71	45	13
69	123	79	86	75	32	10	45	41
69	123	72	86	76	11	16	45	42
69	53	68	0	91	0	85	65535	25
69	53	77	0	70	0	82	65535	34
69	53	78	0	83	0	84	65535	23
69	53	63	0	76	0	82	65535	40
69	53	70	0	0	0	0	65535	65535
69	53	136	0	8	0	0	65535	47
69	53	75	0	87	0	85	65535	25
69	53	81	0	77	0	62	65535	38
69	53	76	0	100	0	100	65535	13
69	53	79	0	75	0	69	65535	41
69	53	72	0	76	1	77	65535	42
69	68	77	91	70	56	22	25	34
69	68	78	91	83	32	42	25	23
69	68	63	91	76	61	21	25	40
69	68	70	91	0	97	0	25	65535
69	68	136	91	8	88	1	25	47
69	68	75	91	87	28	48	25	25
69	68	81	91	77	63	8	25	38
69	68	76	91	100	21	71	25	13
69	68	79	91	75	73	7	25	41
69	68	72	91	76	68	19	25	42
69	77	78	70	83	31	56	34	23
69	77	63	70	76	50	26	34	40
69	77	70	70	0	93	0	34	65535
69	77	136	70	8	82	0	34	47
69	77	75	70	87	33	54	34	25
69	77	81	70	77	70	12	34	38
69	77	76	70	100	26	58	34	13
69	77	79	70	75	62	12	34	41
69	77	72	70	76	49	25	34	42
69	78	63	83	76	56	28	23	40
69	78	70	83	0	84	0	23	65535
69	78	136	83	8	82	5	23	47
69	78	75	83	87	33	42	23	25
69	78	81	83	77	57	20	23	38
69	78	76	83	100	14	74	23	13
69	78	79	83	75	42	28	23	41
69	78	72	83	76	61	20	23	42
69	63	70	76	0	81	2	40	65535
69	63	136	76	8	81	1	40	47
69	63	75	76	87	23	54	40	25
69	63	81	76	77	62	1	40	38
69	63	76	76	100	16	64	40	13
69	63	79	76	75	30	6	40	41
69	63	72	76	76	42	19	40	42
69	70	136	0	8	0	0	65535	47
69	70	75	0	87	0	82	65535	25
69	70	81	0	77	0	58	65535	38
69	70	76	0	100	0	100	65535	13
69	70	79	0	75	0	70	65535	41
69	70	72	0	76	0	79	65535	42
69	136	75	8	87	0	73	47	25
69	136	81	8	77	1	46	47	38
69	136	76	8	100	0	100	47	13
69	136	79	8	75	0	60	47	41
69	136	72	8	76	0	72	47	42
69	75	81	87	77	52	15	25	38
69	75	76	87	100	24	65	25	13
69	75	79	87	75	60	18	25	41
69	75	72	87	76	55	28	25	42
69	81	76	77	100	16	71	38	13
69	81	79	77	75	12	30	38	41
69	81	72	77	76	14	33	38	42
69	76	79	100	75	69	9	13	41
69	76	72	100	76	68	20	13	42
69	79	72	75	76	12	21	41	42
70	72	67	99	83	65	16	25	43
70	72	85	99	100	30	29	25	27
70	72	73	99	96	76	6	25	42
70	72	78	99	79	64	17	25	29
70	72	71	99	89	61	23	25	44
70	67	85	83	100	10	64	43	27
70	67	73	83	96	22	14	43	42
70	67	78	83	79	28	58	43	29
70	67	71	83	89	10	6	43	44
70	85	73	100	96	64	25	27	42
70	85	78	100	79	72	5	27	29
70	85	71	100	89	68	7	27	44
70	73	78	96	79	25	56	42	29
70	73	71	96	89	8	25	42	44
70	78	71	79	89	25	57	29	44
71	72	74	100	99	23	69	33	24
71	72	78	100	68	74	20	33	40
71	72	70	100	77	70	22	33	45
71	74	78	99	68	78	6	24	40
71	74	70	99	77	63	17	24	45
71	78	70	68	77	19	45	40	45
72	76	70	83	100	7	74	42	27
72	76	71	83	100	12	64	42	33
72	76	67	83	72	52	10	42	44
72	76	68	83	80	43	9	42	38
72	76	78	83	59	30	60	42	21
72	76	69	83	74	49	20	42	43
72	76	75	83	0	81	0	42	65535
72	76	77	83	88	45	16	42	40
72	76	85	83	75	64	16	42	46
72	76	74	83	98	57	19	42	43
72	76	81	83	39	74	0	42	42
72	70	71	100	100	66	19	27	33
72	70	67	100	72	66	22	27	44
72	70	68	100	80	73	12	27	38
72	70	78	100	59	43	29	27	21
72	70	69	100	74	73	10	27	43
72	70	75	100	0	100	0	27	65535
72	70	77	100	88	71	12	27	40
72	70	85	100	75	73	15	27	46
72	70	74	100	98	65	14	27	43
72	70	81	100	39	96	0	27	42
72	71	67	100	72	62	9	33	44
72	71	68	100	80	65	8	33	38
72	71	78	100	59	42	50	33	21
72	71	69	100	74	73	11	33	43
72	71	75	100	0	99	0	33	65535
72	71	77	100	88	66	13	33	40
72	71	85	100	75	71	10	33	46
72	71	74	100	98	54	26	33	43
72	71	81	100	39	99	0	33	42
72	67	68	72	80	40	19	44	38
72	67	78	72	59	23	67	44	21
72	67	69	72	74	32	18	44	43
72	67	75	72	0	79	0	44	65535
72	67	77	72	88	38	21	44	40
72	67	85	72	75	69	7	44	46
72	67	74	72	98	61	9	44	43
72	67	81	72	39	95	0	44	42
72	68	78	80	59	35	47	38	21
72	68	69	80	74	33	22	38	43
72	68	75	80	0	82	0	38	65535
72	68	77	80	88	20	51	38	40
72	68	85	80	75	58	9	38	46
72	68	74	80	98	34	21	38	43
72	68	81	80	39	75	1	38	42
72	78	69	59	74	34	43	21	43
72	78	75	59	0	13	0	21	65535
72	78	77	59	88	43	39	21	40
72	78	85	59	75	57	20	21	46
72	78	74	59	98	62	23	21	43
72	78	81	59	39	40	2	21	42
72	69	75	74	0	53	1	43	65535
72	69	77	74	88	16	41	43	40
72	69	85	74	75	52	15	43	46
72	69	74	74	98	44	18	43	43
72	69	81	74	39	55	2	43	42
72	75	77	0	88	1	66	65535	40
72	75	85	0	75	15	33	65535	46
72	75	74	0	98	4	56	65535	43
72	75	81	0	39	5	5	65535	42
72	77	85	88	75	66	13	40	46
72	77	74	88	98	55	22	40	43
72	77	81	88	39	81	0	40	42
72	85	74	75	98	9	22	46	43
72	85	81	75	39	58	0	46	42
72	74	81	98	39	69	0	43	42
73	85	82	100	100	59	30	18	35
73	85	133	100	61	78	9	18	45
73	85	70	100	89	59	22	18	44
73	85	65	100	100	67	19	18	19
73	85	119	100	32	90	2	18	43
73	82	133	100	61	69	7	35	45
73	82	70	100	89	60	25	35	44
73	82	65	100	100	24	69	35	19
73	82	119	100	32	83	1	35	43
73	133	70	61	89	6	34	45	44
73	133	65	61	100	5	78	45	19
73	133	119	61	32	46	13	45	43
73	70	65	89	100	12	61	44	19
73	70	119	89	32	82	5	44	43
73	65	119	100	32	82	2	19	43
74	71	72	100	86	60	20	24	43
75	68	81	100	87	65	13	18	29
75	68	76	100	82	67	16	18	34
75	68	77	100	89	49	16	18	27
75	68	79	100	84	39	24	18	19
75	68	78	100	74	48	23	18	27
75	68	69	100	86	46	22	18	26
75	81	76	87	82	24	36	29	34
75	81	77	87	89	24	45	29	27
75	81	79	87	84	31	45	29	19
75	81	78	87	74	45	17	29	27
75	81	69	87	86	20	59	29	26
75	76	77	82	89	17	40	34	27
75	76	79	82	84	32	46	34	19
75	76	78	82	74	40	39	34	27
75	76	69	82	86	20	38	34	26
75	77	79	89	84	21	52	27	19
75	77	78	89	74	51	23	27	27
75	77	69	89	86	38	32	27	26
75	79	78	84	74	57	27	19	27
75	79	69	84	86	43	25	19	26
75	78	69	74	86	24	53	27	26
76	77	69	79	100	24	64	36	11
76	77	79	79	63	68	17	36	39
76	77	81	79	55	74	18	36	38
76	77	68	79	82	32	51	36	23
76	77	123	79	83	68	5	36	44
76	77	80	79	99	20	9	36	33
76	77	63	79	87	55	17	36	42
76	77	75	79	80	43	21	36	32
76	77	72	79	82	70	18	36	39
76	77	78	79	89	29	54	36	21
76	69	79	100	63	80	13	11	39
76	69	81	100	55	67	20	11	38
76	69	68	100	82	58	21	11	23
76	69	123	100	83	69	17	11	44
76	69	80	100	99	64	10	11	33
76	69	63	100	87	64	19	11	42
76	69	75	100	80	71	17	11	32
76	69	72	100	82	62	18	11	39
76	69	78	100	89	65	22	11	21
76	79	81	63	55	12	34	39	38
76	79	68	63	82	16	53	39	23
76	79	123	63	83	26	20	39	44
76	79	80	63	99	19	60	39	33
76	79	63	63	87	8	21	39	42
76	79	75	63	80	13	49	39	32
76	79	72	63	82	14	36	39	39
76	79	78	63	89	23	62	39	21
76	81	68	55	82	19	63	38	23
76	81	123	55	83	34	19	38	44
76	81	80	55	99	15	70	38	33
76	81	63	55	87	13	27	38	42
76	81	75	55	80	28	51	38	32
76	81	72	55	82	15	34	38	39
76	81	78	55	89	24	64	38	21
76	68	123	82	83	69	10	23	44
76	68	80	82	99	64	9	23	33
76	68	63	82	87	52	24	23	42
76	68	75	82	80	57	22	23	32
76	68	72	82	82	61	25	23	39
76	68	78	82	89	40	27	23	21
76	123	80	83	99	16	53	44	33
76	123	63	83	87	8	24	44	42
76	123	75	83	80	29	54	44	32
76	123	72	83	82	11	49	44	39
76	123	78	83	89	19	56	44	21
76	80	63	99	87	47	26	33	42
76	80	75	99	80	18	37	33	32
76	80	72	99	82	55	21	33	39
76	80	78	99	89	19	60	33	21
76	63	75	87	80	26	59	42	32
76	63	72	87	82	22	28	42	39
76	63	78	87	89	26	55	42	21
76	75	72	80	82	42	38	32	39
76	75	78	80	89	26	58	32	21
76	72	78	82	89	23	59	39	21
77	76	81	95	94	59	23	30	33
77	76	63	95	52	74	11	30	48
77	76	40	95	0	99	0	30	65535
77	76	78	95	89	31	61	30	17
77	76	69	95	93	74	24	30	33
77	76	72	95	89	69	15	30	41
77	76	68	95	100	23	67	30	12
77	76	53	95	66	73	5	30	43
77	76	51	95	84	70	11	30	39
77	76	75	95	82	40	46	30	23
77	76	79	95	28	90	2	30	44
77	81	63	94	52	77	8	33	48
77	81	40	94	0	59	27	33	65535
77	81	78	94	89	32	60	33	17
77	81	69	94	93	15	65	33	33
77	81	72	94	89	23	46	33	41
77	81	68	94	100	15	65	33	12
77	81	53	94	66	70	2	33	43
77	81	51	94	84	36	29	33	39
77	81	75	94	82	21	58	33	23
77	81	79	94	28	44	18	33	44
77	63	40	52	0	7	0	48	65535
77	63	78	52	89	0	85	48	17
77	63	69	52	93	0	94	48	33
77	63	72	52	89	0	93	48	41
77	63	68	52	100	0	97	48	12
77	63	53	52	66	8	37	48	43
77	63	51	52	84	0	72	48	39
77	63	75	52	82	2	82	48	23
77	63	79	52	28	10	21	48	44
77	40	78	0	89	0	83	65535	17
77	40	69	0	93	1	86	65535	33
77	40	72	0	89	1	91	65535	41
77	40	68	0	100	1	100	65535	12
77	40	53	0	66	0	33	65535	43
77	40	51	0	84	0	82	65535	39
77	40	75	0	82	4	75	65535	23
77	40	79	0	28	1	16	65535	44
77	78	69	89	93	51	31	17	33
77	78	72	89	89	64	25	17	41
77	78	68	89	100	20	62	17	12
77	78	53	89	66	64	25	17	43
77	78	51	89	84	65	22	17	39
77	78	75	89	82	44	34	17	23
77	78	79	89	28	88	0	17	44
77	69	72	93	89	59	23	33	41
77	69	68	93	100	25	66	33	12
77	69	53	93	66	60	15	33	43
77	69	51	93	84	55	10	33	39
77	69	75	93	82	30	48	33	23
77	69	79	93	28	96	0	33	44
77	72	68	89	100	19	70	41	12
77	72	53	89	66	71	9	41	43
77	72	51	89	84	57	14	41	39
77	72	75	89	82	37	45	41	23
77	72	79	89	28	98	0	41	44
77	68	53	100	66	100	0	12	43
77	68	51	100	84	66	22	12	39
77	68	75	100	82	63	28	12	23
77	68	79	100	28	74	14	12	44
77	53	51	66	84	0	82	43	39
77	53	75	66	82	13	64	43	23
77	53	79	66	28	64	6	43	44
77	51	75	84	82	21	53	39	23
77	51	79	84	28	62	12	39	44
77	75	79	82	28	53	14	23	44
78	77	72	85	87	57	16	21	28
78	77	75	85	64	56	21	21	34
78	77	69	85	85	47	22	21	26
78	77	68	85	88	25	27	21	17
78	77	81	85	54	53	21	21	42
78	77	53	85	54	61	14	21	43
78	77	71	85	65	47	17	21	44
78	77	63	85	85	54	8	21	33
78	77	70	85	82	43	12	21	33
78	77	79	85	60	55	14	21	39
78	77	76	85	85	51	23	21	26
78	72	75	87	64	61	19	28	34
78	72	69	87	85	56	19	28	26
78	72	68	87	88	17	59	28	17
78	72	81	87	54	73	12	28	42
78	72	53	87	54	71	9	28	43
78	72	71	87	65	52	21	28	44
78	72	63	87	85	59	14	28	33
78	72	70	87	82	50	24	28	33
78	72	79	87	60	64	5	28	39
78	72	76	87	85	32	31	28	26
78	75	69	64	85	23	63	34	26
78	75	68	64	88	13	57	34	17
78	75	81	64	54	45	10	34	42
78	75	53	64	54	52	12	34	43
78	75	71	64	65	45	22	34	44
78	75	63	64	85	11	47	34	33
78	75	70	64	82	10	52	34	33
78	75	79	64	60	55	13	34	39
78	75	76	64	85	20	50	34	26
78	69	68	85	88	15	27	26	17
78	69	81	85	54	55	9	26	42
78	69	53	85	54	74	0	26	43
78	69	71	85	65	60	7	26	44
78	69	63	85	85	53	17	26	33
78	69	70	85	82	50	17	26	33
78	69	79	85	60	53	14	26	39
78	69	76	85	85	18	40	26	26
78	68	81	88	54	68	6	17	42
78	68	53	88	54	65	6	17	43
78	68	71	88	65	69	6	17	44
78	68	63	88	85	59	19	17	33
78	68	70	88	82	48	10	17	33
78	68	79	88	60	64	15	17	39
78	68	76	88	85	34	32	17	26
78	81	53	54	54	24	6	42	43
78	81	71	54	65	1	70	42	44
78	81	63	54	85	1	74	42	33
78	81	70	54	82	6	71	42	33
78	81	79	54	60	9	49	42	39
78	81	76	54	85	1	75	42	26
78	53	71	54	65	0	66	43	44
78	53	63	54	85	1	87	43	33
78	53	70	54	82	0	82	43	33
78	53	79	54	60	0	54	43	39
78	53	76	54	85	1	83	43	26
78	71	63	65	85	3	63	44	33
78	71	70	65	82	11	63	44	33
78	71	79	65	60	52	13	44	39
78	71	76	65	85	8	61	44	26
78	63	70	85	82	28	32	33	33
78	63	79	85	60	59	6	33	39
78	63	76	85	85	16	61	33	26
78	70	79	82	60	67	4	33	39
78	70	76	82	85	9	56	33	26
78	79	76	60	85	14	46	39	26
79	81	76	3	77	19	33	44	43
79	81	77	3	77	35	7	44	43
79	81	69	3	57	62	0	44	45
79	81	78	3	63	18	43	44	38
79	81	75	3	100	4	70	44	18
79	81	138	3	80	3	74	44	33
79	81	68	3	65	4	40	44	34
79	76	77	77	77	38	14	43	43
79	76	69	77	57	57	0	43	45
79	76	78	77	63	39	20	43	38
79	76	75	77	100	19	66	43	18
79	76	138	77	80	14	43	43	33
79	76	68	77	65	23	37	43	34
79	77	69	77	57	6	0	43	45
79	77	78	77	63	0	67	43	38
79	77	75	77	100	0	86	43	18
79	77	138	77	80	0	76	43	33
79	77	68	77	65	15	55	43	34
79	69	78	57	63	9	46	45	38
79	69	75	57	100	0	84	45	18
79	69	138	57	80	0	87	45	33
79	69	68	57	65	0	79	45	34
79	78	75	63	100	7	75	38	18
79	78	138	63	80	11	63	38	33
79	78	68	63	65	20	40	38	34
79	75	138	100	80	64	10	18	33
79	75	68	100	65	60	22	18	34
79	138	68	80	65	48	13	33	34
80	66	64	44	98	10	53	44	41
80	66	120	44	75	19	21	44	43
80	66	69	44	58	74	0	44	46
80	66	118	44	84	12	19	44	44
80	66	76	44	100	5	70	44	35
80	66	132	44	46	22	6	44	46
80	66	2	44	82	7	57	44	37
80	66	68	44	0	53	0	44	65535
80	66	81	44	0	60	0	44	65535
80	64	120	98	75	44	6	41	43
80	64	69	98	58	72	2	41	46
80	64	118	98	84	15	8	41	44
80	64	76	98	100	7	71	41	35
80	64	132	98	46	67	11	41	46
80	64	2	98	82	18	65	41	37
80	64	68	98	0	97	0	41	65535
80	64	81	98	0	94	1	41	65535
80	120	69	75	58	44	0	43	46
80	120	118	75	84	14	38	43	44
80	120	76	75	100	7	72	43	35
80	120	132	75	46	16	13	43	46
80	120	2	75	82	7	51	43	37
80	120	68	75	0	30	0	43	65535
80	120	81	75	0	29	0	43	65535
80	69	118	58	84	0	76	46	44
80	69	76	58	100	0	100	46	35
80	69	132	58	46	0	67	46	46
80	69	2	58	82	0	99	46	37
80	69	68	58	0	0	0	46	65535
80	69	81	58	0	0	0	46	65535
80	118	76	84	100	11	78	44	35
80	118	132	84	46	20	6	44	46
80	118	2	84	82	3	49	44	37
80	118	68	84	0	57	0	44	65535
80	118	81	84	0	61	0	44	65535
80	76	132	100	46	62	17	35	46
80	76	2	100	82	66	8	35	37
80	76	68	100	0	91	0	35	65535
80	76	81	100	0	99	0	35	65535
80	132	2	46	82	7	82	46	37
80	132	68	46	0	43	0	46	65535
80	132	81	46	0	61	0	46	65535
80	2	68	82	0	99	0	37	65535
80	2	81	82	0	81	0	37	65535
80	68	81	0	0	0	0	65535	65535
81	83	75	88	90	23	50	38	31
81	83	53	88	60	69	5	38	39
81	83	56	88	82	55	7	38	37
81	83	76	88	71	9	40	38	41
81	83	77	88	62	11	41	38	45
81	83	68	88	72	35	32	38	38
81	83	57	88	68	27	13	38	44
81	83	40	88	90	39	8	38	39
81	83	78	88	4	67	3	38	43
81	83	84	88	17	83	7	38	44
81	83	51	88	90	9	53	38	33
81	83	69	88	35	50	3	38	46
81	83	54	88	57	82	3	38	45
81	83	72	88	15	63	5	38	46
81	75	53	90	60	59	12	31	39
81	75	56	90	82	40	28	31	37
81	75	76	90	71	47	17	31	41
81	75	77	90	62	55	19	31	45
81	75	68	90	72	32	50	31	38
81	75	57	90	68	59	23	31	44
81	75	40	90	90	57	16	31	39
81	75	78	90	4	61	18	31	43
81	75	84	90	17	82	2	31	44
81	75	51	90	90	46	36	31	33
81	75	69	90	35	37	31	31	46
81	75	54	90	57	44	16	31	45
81	75	72	90	15	74	5	31	46
81	53	56	60	82	10	57	39	37
81	53	76	60	71	11	66	39	41
81	53	77	60	62	19	42	39	45
81	53	68	60	72	17	63	39	38
81	53	57	60	68	30	22	39	44
81	53	40	60	90	30	27	39	39
81	53	78	60	4	54	3	39	43
81	53	84	60	17	39	17	39	44
81	53	51	60	90	38	28	39	33
81	53	69	60	35	28	33	39	46
81	53	54	60	57	18	46	39	45
81	53	72	60	15	63	2	39	46
81	56	76	82	71	19	36	37	41
81	56	77	82	62	25	49	37	45
81	56	68	82	72	11	76	37	38
81	56	57	82	68	21	50	37	44
81	56	40	82	90	44	21	37	39
81	56	78	82	4	69	8	37	43
81	56	84	82	17	67	11	37	44
81	56	51	82	90	37	43	37	33
81	56	69	82	35	34	9	37	46
81	56	54	82	57	55	10	37	45
81	56	72	82	15	88	1	37	46
81	76	77	71	62	26	37	41	45
81	76	68	71	72	46	32	41	38
81	76	57	71	68	62	9	41	44
81	76	40	71	90	45	9	41	39
81	76	78	71	4	79	5	41	43
81	76	84	71	17	74	3	41	44
81	76	51	71	90	19	50	41	33
81	76	69	71	35	82	2	41	46
81	76	54	71	57	57	11	41	45
81	76	72	71	15	74	8	41	46
81	77	68	62	72	27	35	45	38
81	77	57	62	68	41	6	45	44
81	77	40	62	90	69	9	45	39
81	77	78	62	4	93	0	45	43
81	77	84	62	17	87	0	45	44
81	77	51	62	90	39	34	45	33
81	77	69	62	35	69	12	45	46
81	77	54	62	57	64	14	45	45
81	77	72	62	15	96	0	45	46
81	68	57	72	68	59	28	38	44
81	68	40	72	90	46	26	38	39
81	68	78	72	4	65	5	38	43
81	68	84	72	17	56	4	38	44
81	68	51	72	90	31	66	38	33
81	68	69	72	35	51	13	38	46
81	68	54	72	57	51	21	38	45
81	68	72	72	15	76	0	38	46
81	57	40	68	90	23	12	44	39
81	57	78	68	4	76	0	44	43
81	57	84	68	17	52	13	44	44
81	57	51	68	90	30	47	44	33
81	57	69	68	35	49	16	44	46
81	57	54	68	57	53	18	44	45
81	57	72	68	15	77	0	44	46
81	40	78	90	4	86	0	39	43
81	40	84	90	17	70	2	39	44
81	40	51	90	90	31	63	39	33
81	40	69	90	35	40	18	39	46
81	40	54	90	57	40	21	39	45
81	40	72	90	15	61	3	39	46
81	78	84	4	17	16	19	43	44
81	78	51	4	90	7	78	43	33
81	78	69	4	35	18	11	43	46
81	78	54	4	57	10	43	43	45
81	78	72	4	15	30	0	43	46
81	84	51	17	90	7	65	44	33
81	84	69	17	35	3	57	44	46
81	84	54	17	57	10	37	44	45
81	84	72	17	15	26	2	44	46
81	51	69	90	35	64	16	33	46
81	51	54	90	57	85	1	33	45
81	51	72	90	15	75	5	33	46
81	69	54	35	57	34	25	46	45
81	69	72	35	15	44	2	46	46
81	54	72	57	15	47	5	45	46
85	82	65	100	99	64	31	23	39
85	82	70	100	100	69	10	23	28
85	82	72	100	4	81	7	23	46
85	82	73	100	98	27	59	23	16
85	65	70	99	100	11	66	39	28
85	65	72	99	4	74	8	39	46
85	65	73	99	98	34	56	39	16
85	70	72	100	4	78	7	28	46
85	70	73	100	98	28	54	28	16
85	72	73	4	98	2	79	46	16
117	130	120	84	29	75	3	22	44
117	130	122	84	11	76	4	22	49
117	130	126	84	84	25	48	22	24
117	130	132	84	80	65	7	22	44
117	130	118	84	38	55	6	22	44
117	130	124	84	85	31	43	22	13
117	130	66	84	48	76	7	22	44
117	130	128	84	82	32	40	22	24
117	120	122	29	11	58	3	44	49
117	120	126	29	84	10	48	44	24
117	120	132	29	80	13	50	44	44
117	120	118	29	38	18	50	44	44
117	120	124	29	85	11	63	44	13
117	120	66	29	48	28	4	44	44
117	120	128	29	82	5	58	44	24
117	122	126	11	84	2	75	49	24
117	122	132	11	80	3	70	49	44
117	122	118	11	38	16	3	49	44
117	122	124	11	85	1	73	49	13
117	122	66	11	48	4	40	49	44
117	122	128	11	82	4	75	49	24
117	126	132	84	80	53	24	24	44
117	126	118	84	38	85	0	24	44
117	126	124	84	85	19	61	24	13
117	126	66	84	48	68	3	24	44
117	126	128	84	82	52	28	24	24
117	132	118	80	38	57	8	44	44
117	132	124	80	85	21	53	44	13
117	132	66	80	48	66	6	44	44
117	132	128	80	82	12	56	44	24
117	118	124	38	85	22	56	44	13
117	118	66	38	48	47	10	44	44
117	118	128	38	82	10	59	44	24
117	124	66	85	48	73	5	13	44
117	124	128	85	82	53	25	13	24
117	66	128	48	82	3	73	44	24
118	117	126	70	77	13	54	44	28
118	117	124	70	67	31	24	44	37
118	117	132	70	99	9	71	44	15
118	117	136	70	95	8	60	44	33
118	117	120	70	90	7	47	44	35
118	117	80	70	59	19	18	44	43
118	117	21	70	0	65	0	44	65535
118	117	123	70	81	3	67	44	43
118	126	124	77	67	49	23	28	37
118	126	132	77	99	22	54	28	15
118	126	136	77	95	28	19	28	33
118	126	120	77	90	65	13	28	35
118	126	80	77	59	46	29	28	43
118	126	21	77	0	81	0	28	65535
118	126	123	77	81	57	21	28	43
118	124	132	67	99	7	65	37	15
118	124	136	67	95	11	66	37	33
118	124	120	67	90	20	39	37	35
118	124	80	67	59	15	21	37	43
118	124	21	67	0	61	0	37	65535
118	124	123	67	81	9	54	37	43
118	132	136	99	95	58	20	15	33
118	132	120	99	90	67	21	15	35
118	132	80	99	59	54	21	15	43
118	132	21	99	0	95	0	15	65535
118	132	123	99	81	64	21	15	43
118	136	120	95	90	53	23	33	35
118	136	80	95	59	62	10	33	43
118	136	21	95	0	83	0	33	65535
118	136	123	95	81	63	15	33	43
118	120	80	90	59	66	17	35	43
118	120	21	90	0	86	0	35	65535
118	120	123	90	81	55	20	35	43
118	80	21	59	0	71	0	43	65535
118	80	123	59	81	17	47	43	43
118	21	123	0	81	0	85	65535	43
119	139	138	88	61	70	12	27	44
119	139	133	88	100	21	64	27	14
119	139	137	88	88	24	52	27	20
119	139	73	88	78	62	6	27	42
119	139	131	88	80	64	12	27	44
119	138	133	61	100	19	65	44	14
119	138	137	61	88	19	55	44	20
119	138	73	61	78	53	11	44	42
119	138	131	61	80	42	13	44	44
119	133	137	100	88	73	26	14	20
119	133	73	100	78	67	17	14	42
119	133	131	100	80	65	11	14	44
119	137	73	88	78	67	9	20	42
119	137	131	88	80	58	25	20	44
119	73	131	78	80	13	13	42	44
120	117	126	0	71	28	17	65535	43
120	117	80	0	56	7	32	65535	45
120	117	124	0	83	4	70	65535	37
120	117	136	0	99	2	88	65535	28
120	117	123	0	64	4	77	65535	47
120	117	132	0	93	8	75	65535	38
120	117	118	0	89	2	88	65535	37
120	126	80	71	56	9	50	43	45
120	126	124	71	83	16	63	43	37
120	126	136	71	99	1	95	43	28
120	126	123	71	64	4	74	43	47
120	126	132	71	93	11	67	43	38
120	126	118	71	89	15	64	43	37
120	80	124	56	83	20	53	45	37
120	80	136	56	99	8	67	45	28
120	80	123	56	64	7	65	45	47
120	80	132	56	93	12	61	45	38
120	80	118	56	89	18	53	45	37
120	124	136	83	99	9	65	37	28
120	124	123	83	64	73	1	37	47
120	124	132	83	93	48	15	37	38
120	124	118	83	89	19	49	37	37
120	136	123	99	64	58	19	28	47
120	136	132	99	93	60	16	28	38
120	136	118	99	89	52	30	28	37
120	123	132	64	93	50	15	47	38
120	123	118	64	89	25	41	47	37
120	132	118	93	89	15	47	38	37
122	139	137	85	70	44	26	24	42
122	139	135	85	100	26	42	24	24
122	139	138	85	24	87	0	24	48
122	139	132	85	44	88	0	24	47
122	139	131	85	100	33	46	24	23
122	139	123	85	65	58	25	24	45
122	139	136	85	18	77	13	24	46
122	137	135	70	100	9	78	42	24
122	137	138	70	24	62	0	42	48
122	137	132	70	44	64	0	42	47
122	137	131	70	100	15	65	42	23
122	137	123	70	65	11	38	42	45
122	137	136	70	18	19	25	42	46
122	135	138	100	24	100	0	24	48
122	135	132	100	44	88	8	24	47
122	135	131	100	100	24	53	24	23
122	135	123	100	65	64	17	24	45
122	135	136	100	18	69	13	24	46
122	138	132	24	44	48	1	48	47
122	138	131	24	100	18	66	48	23
122	138	123	24	65	11	37	48	45
122	138	136	24	18	20	21	48	46
122	132	131	44	100	9	76	47	23
122	132	123	44	65	12	34	47	45
122	132	136	44	18	15	13	47	46
122	131	123	100	65	59	17	23	45
122	131	136	100	18	76	11	23	46
122	123	136	65	18	21	10	45	46
123	135	132	97	98	20	65	40	23
123	135	69	97	77	19	9	40	45
123	135	139	97	39	65	13	40	46
123	135	122	97	86	22	63	40	45
123	135	76	97	76	25	45	40	44
123	135	131	97	52	33	20	40	44
123	135	136	97	93	26	59	40	42
123	135	126	97	12	96	0	40	44
123	135	120	97	97	36	36	40	37
123	135	138	97	14	69	14	40	50
123	135	118	97	73	40	38	40	44
123	132	69	98	77	73	15	23	45
123	132	139	98	39	79	3	23	46
123	132	122	98	86	60	19	23	45
123	132	76	98	76	66	19	23	44
123	132	131	98	52	77	6	23	44
123	132	136	98	93	55	32	23	42
123	132	126	98	12	100	0	23	44
123	132	120	98	97	57	24	23	37
123	132	138	98	14	92	1	23	50
123	132	118	98	73	78	16	23	44
123	69	139	77	39	40	12	45	46
123	69	122	77	86	23	23	45	45
123	69	76	77	76	20	36	45	44
123	69	131	77	52	50	26	45	44
123	69	136	77	93	11	79	45	42
123	69	126	77	12	42	1	45	44
123	69	120	77	97	6	78	45	37
123	69	138	77	14	24	9	45	50
123	69	118	77	73	13	64	45	44
123	139	122	39	86	13	50	46	45
123	139	76	39	76	7	78	46	44
123	139	131	39	52	26	31	46	44
123	139	136	39	93	9	77	46	42
123	139	126	39	12	49	6	46	44
123	139	120	39	97	8	79	46	37
123	139	138	39	14	30	15	46	50
123	139	118	39	73	17	44	46	44
123	122	76	86	76	24	15	45	44
123	122	131	86	52	55	22	45	44
123	122	136	86	93	23	36	45	42
123	122	126	86	12	73	4	45	44
123	122	120	86	97	13	58	45	37
123	122	138	86	14	42	10	45	50
123	122	118	86	73	11	63	45	44
123	76	131	76	52	55	19	44	44
123	76	136	76	93	19	31	44	42
123	76	126	76	12	82	0	44	44
123	76	120	76	97	15	64	44	37
123	76	138	76	14	74	0	44	50
123	76	118	76	73	33	22	44	44
123	131	136	52	93	4	58	44	42
123	131	126	52	12	18	2	44	44
123	131	120	52	97	7	77	44	37
123	131	138	52	14	11	43	44	50
123	131	118	52	73	4	70	44	44
123	136	126	93	12	71	1	42	44
123	136	120	93	97	15	68	42	37
123	136	138	93	14	5	42	42	50
123	136	118	93	73	0	81	42	44
123	126	120	12	97	0	96	44	37
123	126	138	12	14	0	34	44	50
123	126	118	12	73	0	76	44	44
123	120	138	97	14	73	7	37	50
123	120	118	97	73	50	21	37	44
123	138	118	14	73	13	59	50	44
124	130	117	68	83	17	48	36	19
124	130	128	68	89	26	47	36	24
124	130	120	68	83	30	35	36	39
124	130	126	68	99	13	69	36	14
124	130	136	68	4	42	0	36	47
124	130	118	68	8	52	0	36	45
124	130	132	68	0	42	0	36	65535
124	117	128	83	89	63	20	19	24
124	117	120	83	83	51	28	19	39
124	117	126	83	99	24	47	19	14
124	117	136	83	4	88	0	19	47
124	117	118	83	8	75	11	19	45
124	117	132	83	0	82	0	19	65535
124	128	120	89	83	51	21	24	39
124	128	126	89	99	17	69	24	14
124	128	136	89	4	65	0	24	47
124	128	118	89	8	54	11	24	45
124	128	132	89	0	70	2	24	65535
124	120	126	83	99	13	70	39	14
124	120	136	83	4	88	0	39	47
124	120	118	83	8	77	8	39	45
124	120	132	83	0	62	13	39	65535
124	126	136	99	4	100	0	14	47
124	126	118	99	8	78	14	14	45
124	126	132	99	0	97	2	14	65535
124	136	118	4	8	0	56	47	45
124	136	132	4	0	0	0	47	65535
124	118	132	8	0	73	3	45	65535
126	124	120	84	43	63	12	12	42
126	124	128	84	64	64	17	12	31
126	124	132	84	68	63	4	12	44
126	124	118	84	73	58	22	12	30
126	124	117	84	80	68	18	12	27
126	124	130	84	39	68	12	12	38
126	120	128	43	64	26	50	42	31
126	120	132	43	68	30	13	42	44
126	120	118	43	73	29	52	42	30
126	120	117	43	80	26	53	42	27
126	120	130	43	39	23	50	42	38
126	128	132	64	68	41	17	31	44
126	128	118	64	73	10	58	31	30
126	128	117	64	80	19	60	31	27
126	128	130	64	39	49	19	31	38
126	132	118	68	73	19	48	44	30
126	132	117	68	80	17	53	44	27
126	132	130	68	39	13	19	44	38
126	118	117	73	80	24	57	30	27
126	118	130	73	39	72	4	30	38
126	117	130	80	39	51	16	27	38
128	124	117	85	83	29	44	23	26
128	124	130	85	100	22	65	23	13
128	124	126	85	72	23	39	23	34
128	117	130	83	100	25	59	26	13
128	117	126	83	72	46	17	26	34
128	130	126	100	72	70	14	13	34
130	128	126	100	75	66	18	10	38
130	128	117	100	82	69	21	10	30
130	128	124	100	72	61	13	10	34
130	126	117	75	82	23	58	38	30
130	126	124	75	72	30	18	38	34
130	117	124	82	72	45	19	30	34
131	119	135	77	83	10	67	39	31
131	119	122	77	91	10	71	39	25
131	119	137	77	79	17	33	39	32
131	119	123	77	68	11	34	39	47
131	119	133	77	26	35	3	39	46
131	119	139	77	89	8	79	39	12
131	119	138	77	65	16	38	39	42
131	135	122	83	91	17	67	31	25
131	135	137	83	79	56	14	31	32
131	135	123	83	68	55	13	31	47
131	135	133	83	26	81	3	31	46
131	135	139	83	89	24	63	31	12
131	135	138	83	65	58	19	31	42
131	122	137	91	79	70	17	25	32
131	122	123	91	68	59	22	25	47
131	122	133	91	26	94	2	25	46
131	122	139	91	89	24	56	25	12
131	122	138	91	65	67	15	25	42
131	137	123	79	68	70	17	32	47
131	137	133	79	26	61	8	32	46
131	137	139	79	89	17	62	32	12
131	137	138	79	65	36	17	32	42
131	123	133	68	26	54	11	47	46
131	123	139	68	89	20	69	47	12
131	123	138	68	65	24	45	47	42
131	133	139	26	89	7	87	46	12
131	133	138	26	65	20	36	46	42
131	139	138	89	65	72	13	12	42
132	136	135	47	98	72	8	43	40
132	136	117	47	67	77	9	43	39
132	136	120	47	97	61	28	43	23
132	136	80	47	21	69	10	43	45
132	136	122	47	0	69	9	43	65535
132	136	118	47	100	21	69	43	12
132	136	69	47	89	19	21	43	39
132	136	76	47	15	86	0	43	46
132	136	123	47	99	24	68	43	21
132	136	126	47	57	76	8	43	42
132	135	117	98	67	38	24	40	39
132	135	120	98	97	26	20	40	23
132	135	80	98	21	62	14	40	45
132	135	122	98	0	57	22	40	65535
132	135	118	98	100	8	78	40	12
132	135	69	98	89	12	45	40	39
132	135	76	98	15	78	6	40	46
132	135	123	98	99	27	56	40	21
132	135	126	98	57	53	13	40	42
132	117	120	67	97	32	47	39	23
132	117	80	67	21	49	23	39	45
132	117	122	67	0	80	0	39	65535
132	117	118	67	100	21	64	39	12
132	117	69	67	89	14	37	39	39
132	117	76	67	15	57	3	39	46
132	117	123	67	99	8	74	39	21
132	117	126	67	57	44	17	39	42
132	120	80	97	21	35	7	23	45
132	120	122	97	0	67	0	23	65535
132	120	118	97	100	27	61	23	12
132	120	69	97	89	21	24	23	39
132	120	76	97	15	82	5	23	46
132	120	123	97	99	22	68	23	21
132	120	126	97	57	57	21	23	42
132	80	122	21	0	16	1	45	65535
132	80	118	21	100	2	77	45	12
132	80	69	21	89	2	83	45	39
132	80	76	21	15	34	17	45	46
132	80	123	21	99	2	82	45	21
132	80	126	21	57	14	47	45	42
132	122	118	0	100	0	96	65535	12
132	122	69	0	89	0	86	65535	39
132	122	76	0	15	0	29	65535	46
132	122	123	0	99	0	100	65535	21
132	122	126	0	57	1	47	65535	42
132	118	69	100	89	59	18	12	39
132	118	76	100	15	83	2	12	46
132	118	123	100	99	76	20	12	21
132	118	126	100	57	79	7	12	42
132	69	76	89	15	64	9	39	46
132	69	123	89	99	29	62	39	21
132	69	126	89	57	73	2	39	42
132	76	123	15	99	8	77	46	21
132	76	126	15	57	28	14	46	42
132	123	126	99	57	78	13	21	42
133	137	73	61	73	53	8	24	42
133	137	131	61	15	65	7	24	45
133	137	138	61	18	65	5	24	48
133	137	119	61	79	18	47	24	13
133	137	139	61	77	36	20	24	35
133	73	131	73	15	39	6	42	45
133	73	138	73	18	21	32	42	48
133	73	119	73	79	20	51	42	13
133	73	139	73	77	13	48	42	35
133	131	138	15	18	16	40	45	48
133	131	119	15	79	10	65	45	13
133	131	139	15	77	13	52	45	35
133	138	119	18	79	3	89	48	13
133	138	139	18	77	2	74	48	35
133	119	139	79	77	73	18	13	35
135	123	132	89	95	39	25	45	41
135	123	139	89	89	33	58	45	33
135	123	131	89	96	32	65	45	32
135	123	122	89	100	23	65	45	28
135	123	138	89	78	63	15	45	45
135	132	139	95	89	27	57	41	33
135	132	131	95	96	18	72	41	32
135	132	122	95	100	18	62	41	28
135	132	138	95	78	26	47	41	45
135	139	131	89	96	36	38	33	32
135	139	122	89	100	20	67	33	28
135	139	138	89	78	57	13	33	45
135	131	122	96	100	31	55	32	28
135	131	138	96	78	86	8	32	45
135	122	138	100	78	67	14	28	45
136	33	123	0	88	0	6	65535	44
136	33	122	0	49	0	48	65535	47
136	33	120	0	98	0	98	65535	23
136	33	124	0	28	0	12	65535	41
136	33	132	0	94	0	89	65535	34
136	33	118	0	99	0	99	65535	29
136	33	135	0	8	0	9	65535	45
136	123	122	88	49	6	0	44	47
136	123	120	88	98	4	80	44	23
136	123	124	88	28	14	0	44	41
136	123	132	88	94	20	53	44	34
136	123	118	88	99	10	75	44	29
136	123	135	88	8	27	0	44	45
136	122	120	49	98	0	91	47	23
136	122	124	49	28	1	7	47	41
136	122	132	49	94	1	88	47	34
136	122	118	49	99	2	81	47	29
136	122	135	49	8	0	0	47	45
136	120	124	98	28	92	1	23	41
136	120	132	98	94	65	15	23	34
136	120	118	98	99	26	46	23	29
136	120	135	98	8	96	0	23	45
136	124	132	28	94	1	55	41	34
136	124	118	28	99	2	78	41	29
136	124	135	28	8	2	0	41	45
136	132	118	94	99	18	69	34	29
136	132	135	94	8	61	0	34	45
136	118	135	99	8	94	0	29	45
137	122	119	76	85	5	59	47	17
137	122	138	76	70	41	28	47	38
137	122	133	76	81	5	69	47	25
137	122	139	76	78	10	55	47	23
137	122	131	76	77	10	53	47	35
137	119	138	85	70	57	15	17	38
137	119	133	85	81	53	19	17	25
137	119	139	85	78	39	19	17	23
137	119	131	85	77	47	23	17	35
137	138	133	70	81	14	45	38	25
137	138	139	70	78	25	40	38	23
137	138	131	70	77	26	40	38	35
137	133	139	81	78	16	47	25	23
137	133	131	81	77	51	21	25	35
137	139	131	78	77	49	22	23	35
137	79	119	61	41	41	0	30	37
137	79	139	61	82	40	0	30	23
137	79	131	61	0	55	0	30	65535
137	79	133	61	0	56	0	30	65535
137	79	137	61	29	39	0	30	39
137	79	122	61	0	35	0	30	65535
137	119	139	41	82	0	0	37	23
137	119	131	41	0	0	0	37	65535
137	119	133	41	0	0	0	37	65535
137	119	137	41	29	0	33	37	39
137	119	122	41	0	0	0	37	65535
137	139	131	82	0	0	0	23	65535
137	139	133	82	0	0	0	23	65535
137	139	137	82	29	0	4	23	39
137	139	122	82	0	0	0	23	65535
137	131	133	0	0	0	0	65535	65535
137	131	137	0	29	0	19	65535	39
137	131	122	0	0	0	0	65535	65535
137	133	137	0	29	0	20	65535	39
137	133	122	0	0	0	0	65535	65535
137	137	122	29	0	30	0	39	65535
138	119	133	9	94	62	50	23	26
138	119	122	9	8	71	10	23	46
138	119	139	9	88	44	75	23	24
138	119	138	9	71	49	6	23	38
138	133	122	94	8	46	15	26	46
138	133	139	94	88	28	55	26	24
138	133	138	94	71	50	14	26	38
138	122	139	8	88	9	71	46	24
138	122	138	8	71	10	20	46	38
138	139	138	88	71	36	11	24	38
