1	37	20	98	93	65	13
1	37	3	98	100	11	76
1	37	6	98	90	29	61
1	37	80	98	97	12	16
1	37	2	98	92	9	62
1	37	16	98	70	60	12
1	37	22	98	97	12	67
1	37	35	98	98	20	61
1	37	13	98	94	47	32
1	20	3	93	100	10	67
1	20	6	93	90	22	65
1	20	80	93	97	12	61
1	20	2	93	92	11	69
1	20	16	93	70	36	19
1	20	22	93	97	11	61
1	20	35	93	98	15	65
1	20	13	93	94	14	14
1	3	6	100	90	70	27
1	3	80	100	97	68	11
1	3	2	100	92	81	14
1	3	16	100	70	68	11
1	3	22	100	97	62	14
1	3	35	100	98	65	13
1	3	13	100	94	74	12
1	6	80	90	97	64	21
1	6	2	90	92	61	19
1	6	16	90	70	52	20
1	6	22	90	97	55	35
1	6	35	90	98	48	33
1	6	13	90	94	61	24
1	80	2	97	92	13	64
1	80	16	97	70	55	25
1	80	22	97	97	16	60
1	80	35	97	98	12	63
1	80	13	97	94	61	11
1	2	16	92	70	61	13
1	2	22	92	97	13	55
1	2	35	92	98	19	27
1	2	13	92	94	65	16
1	16	22	70	97	7	68
1	16	35	70	98	14	64
1	16	13	70	94	12	25
1	22	35	97	98	50	22
1	22	13	97	94	62	35
1	35	13	98	94	59	23
2	10	1	100	100	67	14
2	10	66	100	100	74	17
2	10	3	100	100	66	19
2	10	12	100	100	23	22
2	10	17	100	100	60	26
2	10	75	100	99	69	21
2	1	66	100	100	62	15
2	1	3	100	100	34	36
2	1	12	100	100	19	66
2	1	17	100	100	65	16
2	1	75	100	99	28	61
2	66	3	100	100	11	75
2	66	12	100	100	15	69
2	66	17	100	100	26	12
2	66	75	100	99	23	67
2	3	12	100	100	35	54
2	3	17	100	100	55	37
2	3	75	100	99	25	65
2	12	17	100	100	74	27
2	12	75	100	99	74	21
2	17	75	100	99	9	65
3	6	17	94	100	14	37
3	6	10	94	97	19	71
3	6	75	94	100	15	76
3	6	2	94	100	13	63
3	6	18	94	94	17	45
3	6	12	94	95	52	25
3	17	10	100	97	34	54
3	17	75	100	100	10	57
3	17	2	100	100	27	37
3	17	18	100	94	17	63
3	17	12	100	95	64	27
3	10	75	97	100	45	24
3	10	2	97	100	54	26
3	10	18	97	94	68	26
3	10	12	97	95	55	27
3	75	2	100	100	32	27
3	75	18	100	94	68	13
3	75	12	100	95	66	14
3	2	18	100	94	47	10
3	2	12	100	95	56	34
3	18	12	94	95	59	32
4	7	8	100	100	32	52
4	7	67	100	100	23	66
4	7	19	100	0	100	0
4	7	13	100	93	67	31
4	8	67	100	100	67	13
4	8	19	100	0	100	0
4	8	13	100	93	57	37
4	67	19	100	0	100	1
4	67	13	100	93	71	16
4	19	13	0	93	2	94
5	39	8	100	100	68	17
5	39	7	100	86	70	9
5	39	77	100	87	59	14
5	8	7	100	86	70	18
5	8	77	100	87	74	9
5	7	77	86	87	23	20
6	3	13	96	93	19	67
6	3	35	96	92	21	20
6	3	18	96	82	51	25
6	3	22	96	89	52	18
6	3	16	96	89	59	15
6	3	80	96	1	96	0
6	3	15	96	29	85	4
6	3	7	96	8	92	0
6	3	37	96	92	55	17
6	3	1	96	93	21	54
6	3	33	96	38	75	6
6	13	35	93	92	67	22
6	13	18	93	82	72	23
6	13	22	93	89	51	30
6	13	16	93	89	65	14
6	13	80	93	1	94	0
6	13	15	93	29	84	5
6	13	7	93	8	86	1
6	13	37	93	92	66	20
6	13	1	93	93	32	66
6	13	33	93	38	79	4
6	35	18	92	82	58	14
6	35	22	92	89	57	27
6	35	16	92	89	55	7
6	35	80	92	1	86	1
6	35	15	92	29	81	2
6	35	7	92	8	95	0
6	35	37	92	92	59	22
6	35	1	92	93	20	61
6	35	33	92	38	64	9
6	18	22	82	89	25	39
6	18	16	82	89	24	42
6	18	80	82	1	83	0
6	18	15	82	29	77	5
6	18	7	82	8	84	1
6	18	37	82	92	16	26
6	18	1	82	93	16	64
6	18	33	82	38	61	9
6	22	16	89	89	17	15
6	22	80	89	1	95	0
6	22	15	89	29	89	3
6	22	7	89	8	95	1
6	22	37	89	92	12	14
6	22	1	89	93	33	64
6	22	33	89	38	73	6
6	16	80	89	1	94	0
6	16	15	89	29	87	2
6	16	7	89	8	88	2
6	16	37	89	92	18	19
6	16	1	89	93	23	66
6	16	33	89	38	67	3
6	80	15	1	29	2	23
6	80	7	1	8	0	4
6	80	37	1	92	1	95
6	80	1	1	93	0	92
6	80	33	1	38	1	39
6	15	7	29	8	13	3
6	15	37	29	92	2	88
6	15	1	29	93	1	88
6	15	33	29	38	7	17
6	7	37	8	92	0	97
6	7	1	8	93	1	96
6	7	33	8	38	1	41
6	37	1	92	93	28	54
6	37	33	92	38	69	6
6	1	33	93	38	71	8
7	19	8	36	100	19	76
7	19	13	36	96	12	77
7	19	26	36	100	16	84
7	19	4	36	100	18	76
7	19	5	36	91	11	69
7	8	13	100	96	35	58
7	8	26	100	100	14	70
7	8	4	100	100	35	51
7	8	5	100	91	60	29
7	13	26	96	100	13	64
7	13	4	96	100	67	29
7	13	5	96	91	68	15
7	26	4	100	100	72	11
7	26	5	100	91	69	11
7	4	5	100	91	69	14
8	5	7	100	100	33	33
8	5	4	100	100	12	62
8	5	13	100	82	66	22
8	7	4	100	100	29	70
8	7	13	100	82	65	18
8	4	13	100	82	68	21
10	18	17	82	100	30	77
10	18	2	82	100	6	61
10	18	12	82	100	16	68
10	18	3	82	94	20	60
10	18	22	82	8	0	11
10	17	2	100	100	67	25
10	17	12	100	100	32	61
10	17	3	100	94	66	28
10	17	22	100	8	72	3
10	2	12	100	100	27	62
10	2	3	100	94	63	25
10	2	22	100	8	82	4
10	12	3	100	94	61	32
10	12	22	100	8	84	4
10	3	22	94	8	82	1
12	18	2	83	100	10	73
12	18	10	83	100	20	78
12	18	3	83	98	25	48
12	18	17	83	99	18	77
12	2	10	100	100	22	60
12	2	3	100	98	58	30
12	2	17	100	99	71	28
12	10	3	100	98	64	35
12	10	17	100	99	61	27
12	3	17	98	99	28	59
13	18	4	58	96	10	73
13	18	36	58	81	19	31
13	18	35	58	41	33	12
13	18	19	58	2	71	0
13	18	37	58	96	9	67
13	18	1	58	96	10	36
13	18	8	58	78	10	24
13	18	6	58	91	19	60
13	18	7	58	98	6	78
13	18	5	58	1	55	1
13	18	22	58	42	34	22
13	4	36	96	81	62	10
13	4	35	96	41	77	6
13	4	19	96	2	92	2
13	4	37	96	96	18	69
13	4	1	96	96	64	15
13	4	8	96	78	65	23
13	4	6	96	91	18	63
13	4	7	96	98	22	63
13	4	5	96	1	93	0
13	4	22	96	42	84	9
13	36	35	81	41	32	13
13	36	19	81	2	76	1
13	36	37	81	96	19	60
13	36	1	81	96	10	31
13	36	8	81	78	15	26
13	36	6	81	91	14	72
13	36	7	81	98	13	69
13	36	5	81	1	74	0
13	36	22	81	42	40	6
13	35	19	41	2	24	1
13	35	37	41	96	14	68
13	35	1	41	96	14	55
13	35	8	41	78	11	30
13	35	6	41	91	7	62
13	35	7	41	98	8	72
13	35	5	41	1	36	2
13	35	22	41	42	16	19
13	19	37	2	96	0	95
13	19	1	2	96	1	93
13	19	8	2	78	2	71
13	19	6	2	91	0	89
13	19	7	2	98	1	89
13	19	5	2	1	2	2
13	19	22	2	42	1	42
13	37	1	96	96	65	27
13	37	8	96	78	67	11
13	37	6	96	91	57	35
13	37	7	96	98	30	22
13	37	5	96	1	89	0
13	37	22	96	42	81	9
13	1	8	96	78	28	14
13	1	6	96	91	25	57
13	1	7	96	98	14	76
13	1	5	96	1	94	0
13	1	22	96	42	55	11
13	8	6	78	91	16	67
13	8	7	78	98	24	65
13	8	5	78	1	79	1
13	8	22	78	42	44	10
13	6	7	91	98	24	56
13	6	5	91	1	95	0
13	6	22	91	42	77	18
13	7	5	98	1	90	0
13	7	22	98	42	70	4
13	5	22	1	42	0	42
14	18	16	85	79	30	43
14	18	15	85	82	20	27
14	18	21	85	97	0	97
14	18	20	85	79	0	80
14	16	15	79	82	59	18
14	16	21	79	97	1	98
14	16	20	79	79	0	82
14	15	21	82	97	25	55
14	15	20	82	79	63	20
14	21	20	97	79	68	16
15	16	18	95	75	71	17
15	16	14	95	84	67	28
15	16	21	95	100	60	37
15	16	6	95	21	61	9
15	16	20	95	97	53	39
15	18	14	75	84	18	61
15	18	21	75	100	17	70
15	18	6	75	21	38	7
15	18	20	75	97	16	72
15	14	21	84	100	29	58
15	14	6	84	21	62	3
15	14	20	84	97	25	63
15	21	6	100	21	73	5
15	21	20	100	97	30	34
15	6	20	21	97	4	83
16	15	6	98	89	63	27
16	15	18	98	53	89	13
16	15	1	98	79	70	8
16	15	21	98	95	55	39
16	15	20	98	91	62	32
16	15	14	98	84	64	21
16	15	80	98	96	53	9
16	6	18	89	53	80	13
16	6	1	89	79	47	28
16	6	21	89	95	10	70
16	6	20	89	91	14	61
16	6	14	89	84	20	56
16	6	80	89	96	15	60
16	18	1	53	79	15	37
16	18	21	53	95	16	76
16	18	20	53	91	8	80
16	18	14	53	84	12	57
16	18	80	53	96	10	70
16	1	21	79	95	11	60
16	1	20	79	91	23	61
16	1	14	79	84	20	56
16	1	80	79	96	25	64
16	21	20	95	91	66	22
16	21	14	95	84	74	24
16	21	80	95	96	55	14
16	20	14	91	84	58	25
16	20	80	91	96	51	14
16	14	80	84	96	39	23
17	18	10	11	100	5	86
17	18	22	11	100	2	98
17	18	3	11	100	1	96
17	18	2	11	98	2	89
17	18	12	11	99	3	88
17	10	22	100	100	70	24
17	10	3	100	100	52	34
17	10	2	100	98	73	24
17	10	12	100	99	66	25
17	22	3	100	100	17	65
17	22	2	100	98	29	14
17	22	12	100	99	16	66
17	3	2	100	98	66	24
17	3	12	100	99	29	61
17	2	12	98	99	30	60
18	14	15	82	78	47	28
18	14	12	82	86	50	28
18	14	3	82	97	16	23
18	14	13	82	65	67	16
18	14	10	82	90	17	43
18	14	6	82	89	56	17
18	14	17	82	14	72	2
18	14	21	82	100	27	61
18	14	16	82	52	59	12
18	14	22	82	99	14	77
18	15	12	78	86	14	23
18	15	3	78	97	11	70
18	15	13	78	65	19	12
18	15	10	78	90	18	63
18	15	6	78	89	16	31
18	15	17	78	14	44	3
18	15	21	78	100	23	69
18	15	16	78	52	25	17
18	15	22	78	99	9	72
18	12	3	86	97	27	61
18	12	13	86	65	37	7
18	12	10	86	90	28	65
18	12	6	86	89	14	12
18	12	17	86	14	60	3
18	12	21	86	100	14	74
18	12	16	86	52	52	3
18	12	22	86	99	14	68
18	3	13	97	65	68	11
18	3	10	97	90	32	60
18	3	6	97	89	48	29
18	3	17	97	14	73	2
18	3	21	97	100	15	69
18	3	16	97	52	76	8
18	3	22	97	99	22	73
18	13	10	65	90	16	59
18	13	6	65	89	20	49
18	13	17	65	14	15	1
18	13	21	65	100	10	73
18	13	16	65	52	16	7
18	13	22	65	99	19	72
18	10	6	90	89	55	19
18	10	17	90	14	69	1
18	10	21	90	100	14	73
18	10	16	90	52	66	12
18	10	22	90	99	26	66
18	6	17	89	14	70	2
18	6	21	89	100	24	73
18	6	16	89	52	58	15
18	6	22	89	99	33	61
18	17	21	14	100	3	79
18	17	16	14	52	4	27
18	17	22	14	99	4	73
18	21	16	100	52	68	19
18	21	22	100	99	17	68
18	16	22	52	99	9	74
19	7	0	36	0	0	0
20	21	15	85	100	24	65
20	21	16	85	92	22	64
20	21	1	85	91	54	20
20	21	14	85	86	47	23
20	15	16	100	92	58	34
20	15	1	100	91	66	15
20	15	14	100	86	68	19
20	16	1	92	91	52	33
20	16	14	92	86	75	18
20	1	14	91	86	26	12
21	15	20	99	83	56	28
21	15	14	99	99	33	65
21	15	22	99	0	100	0
21	15	16	99	98	51	23
21	15	18	99	99	6	90
21	20	14	83	99	22	60
21	20	22	83	0	89	0
21	20	16	83	98	24	62
21	20	18	83	99	13	61
21	14	22	99	0	99	0
21	14	16	99	98	55	31
21	14	18	99	99	60	31
21	22	16	0	98	0	95
21	22	18	0	99	0	100
21	16	18	98	99	41	32
22	17	1	97	98	13	70
22	17	6	97	96	23	19
22	17	13	97	43	77	3
22	17	18	97	100	22	64
22	17	10	97	9	83	4
22	1	6	98	96	57	31
22	1	13	98	43	65	10
22	1	18	98	100	21	71
22	1	10	98	9	94	2
22	6	13	96	43	62	13
22	6	18	96	100	16	79
22	6	10	96	9	94	1
22	13	18	43	100	9	80
22	13	10	43	9	35	4
22	18	10	100	9	97	1
24	27	31	88	91	36	58
24	27	54	88	38	80	4
24	31	54	91	38	74	19
25	28	53	89	87	63	31
25	28	44	89	82	62	16
25	28	35	89	89	62	28
25	28	58	89	59	75	11
25	53	44	87	82	66	11
25	53	35	87	89	62	18
25	53	58	87	59	56	20
25	44	35	82	89	16	54
25	44	58	82	59	20	14
25	35	58	89	59	56	9
26	57	37	77	98	11	60
26	57	7	77	100	11	75
26	57	36	77	82	15	59
26	57	39	77	1	71	0
26	37	7	98	100	17	62
26	37	36	98	82	52	21
26	37	39	98	1	95	0
26	7	36	100	82	66	15
26	7	39	100	1	100	0
26	36	39	82	1	81	0
27	52	24	66	91	16	68
27	52	41	66	79	15	53
27	52	40	66	72	18	41
27	52	42	66	90	19	70
27	52	31	66	85	12	71
27	52	30	66	6	58	1
27	52	45	66	86	16	59
27	24	41	91	79	29	45
27	24	40	91	72	30	30
27	24	42	91	90	21	67
27	24	31	91	85	17	80
27	24	30	91	6	86	0
27	24	45	91	86	24	54
27	41	40	79	72	29	20
27	41	42	79	90	26	69
27	41	31	79	85	15	83
27	41	30	79	6	70	3
27	41	45	79	86	25	64
27	40	42	72	90	26	53
27	40	31	72	85	9	65
27	40	30	72	6	66	0
27	40	45	72	86	21	59
27	42	31	90	85	9	60
27	42	30	90	6	84	3
27	42	45	90	86	32	22
27	31	30	85	6	88	0
27	31	45	85	86	74	13
27	30	45	6	86	1	78
28	25	38	89	78	56	19
28	25	35	89	88	52	34
28	25	53	89	6	85	0
28	38	35	78	88	25	36
28	38	53	78	6	71	0
28	35	53	88	6	82	1
30	43	42	1	1	53	29
30	43	38	1	1	31	27
30	43	27	1	0	80	0
30	43	55	1	79	18	51
30	43	48	1	99	16	64
30	42	38	1	1	14	62
30	42	27	1	0	70	0
30	42	55	1	79	21	59
30	42	48	1	99	24	70
30	38	27	1	0	86	2
30	38	55	1	79	18	33
30	38	48	1	99	25	64
30	27	55	0	79	0	86
30	27	48	0	99	1	97
30	55	48	79	99	22	63
31	60	27	81	100	14	63
31	60	53	81	99	14	65
31	60	54	81	71	30	17
31	60	32	81	33	69	7
31	60	24	81	100	14	74
31	60	59	81	5	81	0
31	27	53	100	99	70	16
31	27	54	100	71	76	12
31	27	32	100	33	82	5
31	27	24	100	100	59	29
31	27	59	100	5	97	0
31	53	54	99	71	70	9
31	53	32	99	33	75	6
31	53	24	99	100	22	32
31	53	59	99	5	99	1
31	54	32	71	33	52	12
31	54	24	71	100	9	76
31	54	59	71	5	56	2
31	32	24	33	100	10	84
31	32	59	33	5	46	0
31	24	59	100	5	97	0
32	50	54	87	100	20	75
32	50	34	87	99	22	69
32	50	31	87	52	59	6
32	50	60	87	96	19	43
32	54	34	100	99	36	58
32	54	31	100	52	74	8
32	54	60	100	96	64	21
32	34	31	99	52	78	8
32	34	60	99	96	74	23
32	31	60	52	96	12	61
33	1	6	51	39	21	18
33	1	37	51	8	49	2
33	1	35	51	91	11	64
33	1	60	51	60	20	39
33	1	59	51	98	6	82
33	6	37	39	8	35	5
33	6	35	39	91	6	71
33	6	60	39	60	18	37
33	6	59	39	98	13	89
33	37	35	8	91	1	82
33	37	60	8	60	1	61
33	37	59	8	98	0	92
33	35	60	91	60	52	14
33	35	59	91	98	20	40
33	60	59	60	98	11	70
34	32	54	100	72	66	22
34	32	50	100	99	57	27
34	32	60	100	91	64	27
34	54	50	72	99	20	79
34	54	60	72	91	31	69
34	50	60	99	91	74	24
35	28	36	88	82	71	10
35	28	38	88	78	57	27
35	28	1	88	92	16	25
35	28	59	88	32	72	6
35	28	6	88	95	64	30
35	28	33	88	90	75	23
35	28	22	88	0	85	1
35	28	13	88	46	75	6
35	28	37	88	90	65	29
35	28	25	88	81	48	32
35	36	38	82	78	56	29
35	36	1	82	92	13	69
35	36	59	82	32	69	11
35	36	6	82	95	17	36
35	36	33	82	90	58	25
35	36	22	82	0	83	0
35	36	13	82	46	76	14
35	36	37	82	90	42	27
35	36	25	82	81	43	23
35	38	1	78	92	14	70
35	38	59	78	32	52	6
35	38	6	78	95	15	63
35	38	33	78	90	12	28
35	38	22	78	0	78	1
35	38	13	78	46	49	11
35	38	37	78	90	24	50
35	38	25	78	81	16	30
35	1	59	92	32	77	11
35	1	6	92	95	59	28
35	1	33	92	90	57	24
35	1	22	92	0	91	0
35	1	13	92	46	63	10
35	1	37	92	90	55	31
35	1	25	92	81	66	22
35	59	6	32	95	7	76
35	59	33	32	90	6	63
35	59	22	32	0	23	4
35	59	13	32	46	13	19
35	59	37	32	90	7	71
35	59	25	32	81	8	73
35	6	33	95	90	57	27
35	6	22	95	0	88	0
35	6	13	95	46	75	14
35	6	37	95	90	54	29
35	6	25	95	81	65	18
35	33	22	90	0	86	1
35	33	13	90	46	59	5
35	33	37	90	90	22	39
35	33	25	90	81	22	18
35	22	13	0	46	0	36
35	22	37	0	90	0	93
35	22	25	0	81	1	82
35	13	37	46	90	7	65
35	13	25	46	81	11	71
35	37	25	90	81	27	15
36	26	38	83	85	26	53
36	26	39	83	93	16	60
36	26	58	83	72	23	30
36	26	13	83	76	68	12
36	26	37	83	84	46	22
36	26	59	83	21	78	2
36	26	25	83	7	76	4
36	26	35	83	90	17	48
36	38	39	85	93	55	33
36	38	58	85	72	58	12
36	38	13	85	76	58	20
36	38	37	85	84	36	37
36	38	59	85	21	80	6
36	38	25	85	7	84	1
36	38	35	85	90	59	32
36	39	58	93	72	61	12
36	39	13	93	76	63	19
36	39	37	93	84	64	26
36	39	59	93	21	90	4
36	39	25	93	7	85	1
36	39	35	93	90	39	8
36	58	13	72	76	45	19
36	58	37	72	84	51	20
36	58	59	72	21	72	0
36	58	25	72	7	73	0
36	58	35	72	90	13	35
36	13	37	76	84	18	30
36	13	59	76	21	71	5
36	13	25	76	7	75	0
36	13	35	76	90	16	49
36	37	59	84	21	69	3
36	37	25	84	7	66	1
36	37	35	84	90	22	61
36	59	25	21	7	8	7
36	59	35	21	90	1	77
36	25	35	7	90	0	83
37	6	33	92	14	82	2
37	6	26	92	92	11	28
37	6	36	92	76	58	7
37	6	1	92	97	20	28
37	6	39	92	92	62	23
37	6	59	92	79	62	16
37	6	13	92	92	26	56
37	6	38	92	85	22	54
37	6	58	92	44	75	7
37	6	35	92	89	21	32
37	33	26	14	92	0	92
37	33	36	14	76	1	55
37	33	1	14	97	3	80
37	33	39	14	92	0	82
37	33	59	14	79	1	58
37	33	13	14	92	2	82
37	33	38	14	85	1	78
37	33	58	14	44	6	29
37	33	35	14	89	1	68
37	26	36	92	76	69	22
37	26	1	92	97	26	21
37	26	39	92	92	59	27
37	26	59	92	79	73	13
37	26	13	92	92	19	62
37	26	38	92	85	27	59
37	26	58	92	44	79	14
37	26	35	92	89	50	9
37	36	1	76	97	8	62
37	36	39	76	92	36	30
37	36	59	76	79	27	22
37	36	13	76	92	20	61
37	36	38	76	85	24	53
37	36	58	76	44	48	15
37	36	35	76	89	21	53
37	1	39	97	92	59	12
37	1	59	97	79	71	13
37	1	13	97	92	25	71
37	1	38	97	85	23	65
37	1	58	97	44	73	10
37	1	35	97	89	47	27
37	39	59	92	79	25	19
37	39	13	92	92	18	72
37	39	38	92	85	26	57
37	39	58	92	44	57	7
37	39	35	92	89	13	60
37	59	13	79	92	17	67
37	59	38	79	85	19	65
37	59	58	79	44	46	11
37	59	35	79	89	25	54
37	13	38	92	85	63	15
37	13	58	92	44	84	3
37	13	35	92	89	66	24
37	38	58	85	44	62	7
37	38	35	85	89	57	26
37	58	35	44	89	2	78
38	44	37	86	84	14	65
38	44	36	86	92	13	67
38	44	43	86	80	10	42
38	44	48	86	1	80	1
38	44	39	86	87	17	60
38	44	28	86	73	14	59
38	44	30	86	90	12	56
38	44	35	86	74	66	21
38	37	36	84	92	21	63
38	37	43	84	80	27	21
38	37	48	84	1	82	1
38	37	39	84	87	28	58
38	37	28	84	73	22	18
38	37	30	84	90	36	13
38	37	35	84	74	64	19
38	36	43	92	80	54	12
38	36	48	92	1	92	0
38	36	39	92	87	25	33
38	36	28	92	73	61	13
38	36	30	92	90	61	9
38	36	35	92	74	56	26
38	43	48	80	1	74	3
38	43	39	80	87	12	67
38	43	28	80	73	13	32
38	43	30	80	90	27	44
38	43	35	80	74	48	15
38	48	39	1	87	0	85
38	48	28	1	73	1	75
38	48	30	1	90	1	84
38	48	35	1	74	1	77
38	39	28	87	73	64	9
38	39	30	87	90	62	18
38	39	35	87	74	53	6
38	28	30	73	90	40	23
38	28	35	73	74	40	27
38	30	35	90	74	61	14
39	38	36	86	95	53	44
39	38	37	86	77	53	38
39	38	57	86	100	51	41
39	38	5	86	99	15	73
39	36	37	95	77	61	28
39	36	57	95	100	17	61
39	36	5	95	99	12	68
39	37	57	77	100	12	73
39	37	5	77	99	18	65
39	57	5	100	99	12	71
40	52	46	82	87	25	50
40	52	60	82	89	22	49
40	52	43	82	79	20	50
40	52	41	82	89	19	60
40	52	27	82	71	42	15
40	52	42	82	80	16	37
40	52	50	82	90	21	42
40	52	45	82	100	24	71
40	52	69	82	76	42	22
40	52	48	82	86	21	37
40	52	54	82	22	52	5
40	52	44	82	68	55	17
40	52	55	82	61	44	12
40	46	60	87	89	45	24
40	46	43	87	79	28	35
40	46	41	87	89	22	53
40	46	27	87	71	59	22
40	46	42	87	80	31	26
40	46	50	87	90	29	22
40	46	45	87	100	21	71
40	46	69	87	76	68	9
40	46	48	87	86	51	14
40	46	54	87	22	65	10
40	46	44	87	68	72	13
40	46	55	87	61	45	12
40	60	43	89	79	11	33
40	60	41	89	89	17	28
40	60	27	89	71	60	12
40	60	42	89	80	22	56
40	60	50	89	90	31	37
40	60	45	89	100	17	68
40	60	69	89	76	58	9
40	60	48	89	86	17	35
40	60	54	89	22	51	17
40	60	44	89	68	55	13
40	60	55	89	61	64	8
40	43	41	79	89	25	28
40	43	27	79	71	57	15
40	43	42	79	80	43	18
40	43	50	79	90	39	22
40	43	45	79	100	28	56
40	43	69	79	76	61	20
40	43	48	79	86	59	16
40	43	54	79	22	51	10
40	43	44	79	68	54	14
40	43	55	79	61	61	17
40	41	27	89	71	54	28
40	41	42	89	80	45	24
40	41	50	89	90	43	31
40	41	45	89	100	24	64
40	41	69	89	76	52	27
40	41	48	89	86	53	24
40	41	54	89	22	63	21
40	41	44	89	68	67	21
40	41	55	89	61	62	16
40	27	42	71	80	20	53
40	27	50	71	90	8	61
40	27	45	71	100	17	72
40	27	69	71	76	58	23
40	27	48	71	86	10	55
40	27	54	71	22	59	5
40	27	44	71	68	54	14
40	27	55	71	61	56	11
40	42	50	80	90	29	32
40	42	45	80	100	24	62
40	42	69	80	76	45	26
40	42	48	80	86	43	35
40	42	54	80	22	54	6
40	42	44	80	68	47	20
40	42	55	80	61	57	16
40	50	45	90	100	23	69
40	50	69	90	76	64	9
40	50	48	90	86	52	20
40	50	54	90	22	57	6
40	50	44	90	68	65	12
40	50	55	90	61	66	11
40	45	69	100	76	74	16
40	45	48	100	86	72	16
40	45	54	100	22	67	13
40	45	44	100	68	81	12
40	45	55	100	61	71	20
40	69	48	76	86	30	56
40	69	54	76	22	60	10
40	69	44	76	68	46	16
40	69	55	76	61	30	19
40	48	54	86	22	67	3
40	48	44	86	68	68	11
40	48	55	86	61	64	12
40	54	44	22	68	10	19
40	54	55	22	61	17	38
40	44	55	68	61	13	37
42	48	46	78	73	68	13
42	48	43	78	100	26	76
42	48	27	78	79	23	16
42	48	40	78	64	69	23
42	48	55	78	65	51	30
42	48	41	78	86	26	29
42	48	78	78	28	90	2
42	48	45	78	79	29	38
42	48	47	78	67	64	8
42	48	52	78	32	76	9
42	48	44	78	68	66	11
42	48	50	78	67	67	6
42	48	69	78	82	65	23
42	48	30	78	73	63	25
42	46	43	73	100	26	66
42	46	27	73	79	25	49
42	46	40	73	64	27	48
42	46	55	73	65	17	31
42	46	41	73	86	20	56
42	46	78	73	28	56	7
42	46	45	73	79	30	59
42	46	47	73	67	55	16
42	46	52	73	32	62	12
42	46	44	73	68	28	23
42	46	50	73	67	52	20
42	46	69	73	82	60	25
42	46	30	73	73	58	14
42	43	27	100	79	75	13
42	43	40	100	64	66	14
42	43	55	100	65	75	18
42	43	41	100	86	67	28
42	43	78	100	28	84	7
42	43	45	100	79	69	14
42	43	47	100	67	74	11
42	43	52	100	32	75	8
42	43	44	100	68	60	17
42	43	50	100	67	71	21
42	43	69	100	82	71	17
42	43	30	100	73	57	25
42	27	40	79	64	50	14
42	27	55	79	65	71	16
42	27	41	79	86	24	41
42	27	78	79	28	78	1
42	27	45	79	79	33	45
42	27	47	79	67	65	14
42	27	52	79	32	61	5
42	27	44	79	68	61	13
42	27	50	79	67	68	12
42	27	69	79	82	65	12
42	27	30	79	73	61	24
42	40	55	64	65	43	23
42	40	41	64	86	23	52
42	40	78	64	28	72	4
42	40	45	64	79	19	48
42	40	47	64	67	55	11
42	40	52	64	32	61	9
42	40	44	64	68	53	20
42	40	50	64	67	39	24
42	40	69	64	82	51	22
42	40	30	64	73	49	21
42	55	41	65	86	20	53
42	55	78	65	28	64	5
42	55	45	65	79	17	50
42	55	47	65	67	55	16
42	55	52	65	32	69	3
42	55	44	65	68	24	19
42	55	50	65	67	66	8
42	55	69	65	82	49	29
42	55	30	65	73	55	26
42	41	78	86	28	85	2
42	41	45	86	79	30	38
42	41	47	86	67	56	27
42	41	52	86	32	76	5
42	41	44	86	68	58	26
42	41	50	86	67	56	16
42	41	69	86	82	51	15
42	41	30	86	73	54	15
42	78	45	28	79	5	64
42	78	47	28	67	4	58
42	78	52	28	32	6	28
42	78	44	28	68	1	62
42	78	50	28	67	4	58
42	78	69	28	82	3	75
42	78	30	28	73	2	72
42	45	47	79	67	41	23
42	45	52	79	32	52	13
42	45	44	79	68	48	13
42	45	50	79	67	58	11
42	45	69	79	82	55	27
42	45	30	79	73	51	21
42	47	52	67	32	39	3
42	47	44	67	68	13	56
42	47	50	67	67	24	19
42	47	69	67	82	9	47
42	47	30	67	73	8	19
42	52	44	32	68	5	55
42	52	50	32	67	2	39
42	52	69	32	82	3	69
42	52	30	32	73	3	62
42	44	50	68	67	49	9
42	44	69	68	82	48	15
42	44	30	68	73	52	22
42	50	69	67	82	5	42
42	50	30	67	73	5	42
42	69	30	82	73	19	13
43	41	48	72	100	18	70
43	41	55	72	78	17	49
43	41	46	72	60	46	13
43	41	45	72	62	38	15
43	41	78	72	61	49	17
43	41	52	72	54	47	16
43	41	42	72	100	21	75
43	41	38	72	65	31	18
43	41	30	72	78	47	20
43	41	83	72	65	47	20
43	41	40	72	67	23	49
43	41	50	72	58	49	15
43	48	55	100	78	71	23
43	48	46	100	60	79	8
43	48	45	100	62	70	18
43	48	78	100	61	78	17
43	48	52	100	54	73	12
43	48	42	100	100	48	35
43	48	38	100	65	63	18
43	48	30	100	78	68	23
43	48	83	100	65	66	22
43	48	40	100	67	76	18
43	48	50	100	58	78	6
43	55	46	78	60	58	11
43	55	45	78	62	53	13
43	55	78	78	61	57	19
43	55	52	78	54	65	9
43	55	42	78	100	32	67
43	55	38	78	65	48	7
43	55	30	78	78	58	20
43	55	83	78	65	53	14
43	55	40	78	67	30	36
43	55	50	78	58	57	9
43	46	45	60	62	13	43
43	46	78	60	61	36	21
43	46	52	60	54	18	26
43	46	42	60	100	16	68
43	46	38	60	65	7	43
43	46	30	60	78	12	53
43	46	83	60	65	23	27
43	46	40	60	67	16	50
43	46	50	60	58	19	17
43	45	78	62	61	46	18
43	45	52	62	54	38	27
43	45	42	62	100	12	68
43	45	38	62	65	8	18
43	45	30	62	78	7	28
43	45	83	62	65	52	16
43	45	40	62	67	18	46
43	45	50	62	58	40	25
43	78	52	61	54	18	43
43	78	42	61	100	23	75
43	78	38	61	65	17	49
43	78	30	61	78	17	58
43	78	83	61	65	16	19
43	78	40	61	67	20	44
43	78	50	61	58	19	27
43	52	42	54	100	17	67
43	52	38	54	65	8	39
43	52	30	54	78	8	56
43	52	83	54	65	44	19
43	52	40	54	67	13	43
43	52	50	54	58	35	17
43	42	38	100	65	76	12
43	42	30	100	78	70	15
43	42	83	100	65	70	12
43	42	40	100	67	71	16
43	42	50	100	58	82	11
43	38	30	65	78	22	28
43	38	83	65	65	46	22
43	38	40	65	67	14	52
43	38	50	65	58	44	11
43	30	83	78	65	56	14
43	30	40	78	67	24	33
43	30	50	78	58	59	8
43	83	40	65	67	19	40
43	83	50	65	58	22	13
43	40	50	67	58	48	16
44	25	38	63	71	15	48
44	25	40	63	56	28	11
44	25	52	63	12	57	4
44	25	42	63	62	16	49
44	25	41	63	57	36	17
44	38	40	71	56	65	15
44	38	52	71	12	61	3
44	38	42	71	62	8	38
44	38	41	71	57	54	9
44	40	52	56	12	37	6
44	40	42	56	62	13	46
44	40	41	56	57	19	12
44	52	42	12	62	6	56
44	52	41	12	57	9	38
44	42	41	62	57	39	19
45	40	52	98	89	42	60
45	40	60	98	61	76	10
45	40	55	98	62	69	12
45	40	27	98	72	63	16
45	40	43	98	64	69	18
45	40	42	98	76	67	18
45	40	69	98	72	71	16
45	40	50	98	75	87	17
45	40	54	98	73	77	17
45	40	48	98	64	73	16
45	40	41	98	100	27	68
45	40	47	98	57	79	7
45	40	46	98	95	61	23
45	52	60	89	61	68	15
45	52	55	89	62	69	11
45	52	27	89	72	57	21
45	52	43	89	64	62	12
45	52	42	89	76	63	18
45	52	69	89	72	63	19
45	52	50	89	75	63	17
45	52	54	89	73	63	20
45	52	48	89	64	68	22
45	52	41	89	100	23	60
45	52	47	89	57	70	5
45	52	46	89	95	55	33
45	60	55	61	62	17	48
45	60	27	61	72	13	38
45	60	43	61	64	17	38
45	60	42	61	76	17	59
45	60	69	61	72	7	40
45	60	50	61	75	27	48
45	60	54	61	73	18	44
45	60	48	61	64	17	44
45	60	41	61	100	17	76
45	60	47	61	57	26	19
45	60	46	61	95	22	57
45	55	27	62	72	14	57
45	55	43	62	64	20	30
45	55	42	62	76	12	60
45	55	69	62	72	37	34
45	55	50	62	75	12	26
45	55	54	62	73	6	52
45	55	48	62	64	47	17
45	55	41	62	100	16	79
45	55	47	62	57	55	14
45	55	46	62	95	18	68
45	27	43	72	64	66	15
45	27	42	72	76	24	53
45	27	69	72	72	64	11
45	27	50	72	75	61	16
45	27	54	72	73	57	12
45	27	48	72	64	71	11
45	27	41	72	100	21	63
45	27	47	72	57	65	10
45	27	46	72	95	24	65
45	43	42	64	76	26	53
45	43	69	64	72	55	26
45	43	50	64	75	19	25
45	43	54	64	73	18	31
45	43	48	64	64	50	16
45	43	41	64	100	26	69
45	43	47	64	57	59	21
45	43	46	64	95	21	66
45	42	69	76	72	53	36
45	42	50	76	75	55	28
45	42	54	76	73	60	20
45	42	48	76	64	58	19
45	42	41	76	100	28	67
45	42	47	76	57	53	26
45	42	46	76	95	28	56
45	69	50	72	75	9	47
45	69	54	72	73	11	49
45	69	48	72	64	32	24
45	69	41	72	100	18	77
45	69	47	72	57	35	16
45	69	46	72	95	7	69
45	50	54	75	73	25	33
45	50	48	75	64	52	13
45	50	41	75	100	18	71
45	50	47	75	57	57	15
45	50	46	75	95	18	72
45	54	48	73	64	53	10
45	54	41	73	100	21	62
45	54	47	73	57	56	14
45	54	46	73	95	25	63
45	48	41	64	100	16	75
45	48	47	64	57	40	12
45	48	46	64	95	11	69
45	41	47	100	57	72	16
45	41	46	100	95	57	32
45	47	46	57	95	18	60
46	52	54	98	88	71	23
46	52	43	98	70	68	19
46	52	40	98	83	61	22
46	52	50	98	67	74	18
46	52	41	98	88	70	24
46	52	42	98	74	66	22
46	52	45	98	97	67	26
46	52	60	98	78	71	12
46	52	27	98	15	75	9
46	52	47	98	99	66	33
46	54	43	88	70	53	17
46	54	40	88	83	23	61
46	54	50	88	67	52	18
46	54	41	88	88	35	42
46	54	42	88	74	30	29
46	54	45	88	97	29	65
46	54	60	88	78	62	20
46	54	27	88	15	73	4
46	54	47	88	99	25	68
46	43	40	70	83	20	59
46	43	50	70	67	51	10
46	43	41	70	88	26	65
46	43	42	70	74	25	50
46	43	45	70	97	16	52
46	43	60	70	78	51	15
46	43	27	70	15	47	3
46	43	47	70	99	13	71
46	40	50	83	67	53	21
46	40	41	83	88	44	36
46	40	42	83	74	56	26
46	40	45	83	97	26	73
46	40	60	83	78	63	9
46	40	27	83	15	60	4
46	40	47	83	99	18	74
46	50	41	67	88	20	78
46	50	42	67	74	13	70
46	50	45	67	97	16	68
46	50	60	67	78	27	27
46	50	27	67	15	49	3
46	50	47	67	99	18	70
46	41	42	88	74	63	21
46	41	45	88	97	34	63
46	41	60	88	78	70	16
46	41	27	88	15	77	6
46	41	47	88	99	8	69
46	42	45	74	97	21	69
46	42	60	74	78	61	19
46	42	27	74	15	66	5
46	42	47	74	99	22	62
46	45	60	97	78	71	22
46	45	27	97	15	80	6
46	45	47	97	99	27	65
46	60	27	78	15	46	7
46	60	47	78	99	14	72
46	27	47	15	99	2	75
47	45	46	72	100	21	60
47	45	52	72	90	38	29
47	45	42	72	76	37	24
47	45	41	72	18	81	0
47	45	40	72	72	31	18
47	46	52	100	90	57	32
47	46	42	100	76	63	14
47	46	41	100	18	85	4
47	46	40	100	72	88	9
47	52	42	90	76	72	11
47	52	41	90	18	62	15
47	52	40	90	72	58	23
47	42	41	76	18	28	41
47	42	40	76	72	53	15
47	41	40	18	72	17	10
48	30	45	100	81	66	18
48	30	43	100	100	29	57
48	30	41	100	49	81	6
48	30	42	100	98	22	54
48	30	38	100	18	84	3
48	30	69	100	100	65	11
48	30	52	100	63	73	6
48	30	83	100	100	67	15
48	30	78	100	100	29	36
48	30	40	100	90	56	16
48	30	57	100	91	61	9
48	30	55	100	99	25	55
48	45	43	81	100	20	66
48	45	41	81	49	48	16
48	45	42	81	98	23	60
48	45	38	81	18	58	1
48	45	69	81	100	27	61
48	45	52	81	63	58	17
48	45	83	81	100	12	68
48	45	78	81	100	18	77
48	45	40	81	90	20	56
48	45	57	81	91	11	20
48	45	55	81	99	18	68
48	43	41	100	49	61	20
48	43	42	100	98	66	33
48	43	38	100	18	86	4
48	43	69	100	100	62	15
48	43	52	100	63	75	12
48	43	83	100	100	67	31
48	43	78	100	100	53	31
48	43	40	100	90	67	21
48	43	57	100	91	58	12
48	43	55	100	99	34	33
48	41	42	49	98	17	72
48	41	38	49	18	27	6
48	41	69	49	100	13	75
48	41	52	49	63	18	14
48	41	83	49	100	8	81
48	41	78	49	100	5	80
48	41	40	49	90	16	55
48	41	57	49	91	6	64
48	41	55	49	99	9	75
48	42	38	98	18	87	2
48	42	69	98	100	62	29
48	42	52	98	63	64	19
48	42	83	98	100	66	18
48	42	78	98	100	58	23
48	42	40	98	90	72	23
48	42	57	98	91	54	19
48	42	55	98	99	34	61
48	38	69	18	100	1	86
48	38	52	18	63	8	37
48	38	83	18	100	4	89
48	38	78	18	100	3	84
48	38	40	18	90	2	74
48	38	57	18	91	3	82
48	38	55	18	99	6	85
48	69	52	100	63	75	11
48	69	83	100	100	60	30
48	69	78	100	100	29	53
48	69	40	100	90	38	35
48	69	57	100	91	65	7
48	69	55	100	99	33	51
48	52	83	63	100	8	77
48	52	78	63	100	7	76
48	52	40	63	90	13	62
48	52	57	63	91	10	62
48	52	55	63	99	10	78
48	83	78	100	100	13	55
48	83	40	100	90	26	65
48	83	57	100	91	68	17
48	83	55	100	99	22	70
48	78	40	100	90	46	13
48	78	57	100	91	66	17
48	78	55	100	99	26	57
48	40	57	90	91	56	19
48	40	55	90	99	17	68
48	57	55	91	99	28	53
50	43	40	82	94	20	59
50	43	52	82	79	18	14
50	43	42	82	77	26	31
50	43	59	82	100	12	62
50	43	32	82	92	16	23
50	43	34	82	99	16	78
50	43	46	82	84	20	39
50	43	60	82	96	18	75
50	43	41	82	77	25	20
50	43	45	82	89	28	46
50	43	54	82	99	6	79
50	40	52	94	79	53	22
50	40	42	94	77	67	17
50	40	59	94	100	51	35
50	40	32	94	92	62	25
50	40	34	94	99	56	18
50	40	46	94	84	60	18
50	40	60	94	96	27	67
50	40	41	94	77	66	19
50	40	45	94	89	68	19
50	40	54	94	99	25	52
50	52	42	79	77	29	18
50	52	59	79	100	19	60
50	52	32	79	92	19	32
50	52	34	79	99	10	74
50	52	46	79	84	21	28
50	52	60	79	96	19	64
50	52	41	79	77	29	22
50	52	45	79	89	35	40
50	52	54	79	99	22	59
50	42	59	77	100	10	56
50	42	32	77	92	10	24
50	42	34	77	99	17	74
50	42	46	77	84	28	40
50	42	60	77	96	14	73
50	42	41	77	77	26	12
50	42	45	77	89	26	53
50	42	54	77	99	11	67
50	59	32	100	92	56	13
50	59	34	100	99	7	61
50	59	46	100	84	27	7
50	59	60	100	96	20	77
50	59	41	100	77	67	8
50	59	45	100	89	30	22
50	59	54	100	99	31	75
50	32	34	92	99	22	67
50	32	46	92	84	22	25
50	32	60	92	96	24	58
50	32	41	92	77	32	12
50	32	45	92	89	25	58
50	32	54	92	99	27	70
50	34	46	99	84	69	12
50	34	60	99	96	29	61
50	34	41	99	77	76	10
50	34	45	99	89	48	10
50	34	54	99	99	23	68
50	46	60	84	96	23	65
50	46	41	84	77	40	18
50	46	45	84	89	28	47
50	46	54	84	99	25	63
50	60	41	96	77	71	19
50	60	45	96	89	72	24
50	60	54	96	99	36	52
50	41	45	77	89	26	63
50	41	54	77	99	19	74
50	45	54	89	99	21	61
52	46	59	99	90	59	9
52	46	40	99	83	62	27
52	46	27	99	70	53	26
52	46	48	99	58	73	8
52	46	50	99	80	64	22
52	46	45	99	100	65	26
52	46	54	99	99	60	28
52	46	47	99	89	73	24
52	46	60	99	72	76	16
52	46	43	99	81	69	18
52	46	44	99	55	81	6
52	46	41	99	100	51	41
52	46	42	99	23	99	0
52	59	40	90	83	18	51
52	59	27	90	70	44	12
52	59	48	90	58	53	7
52	59	50	90	80	24	23
52	59	45	90	100	15	69
52	59	54	90	99	25	67
52	59	47	90	89	20	62
52	59	60	90	72	39	23
52	59	43	90	81	18	48
52	59	44	90	55	62	0
52	59	41	90	100	11	72
52	59	42	90	23	45	2
52	40	27	83	70	76	14
52	40	48	83	58	67	13
52	40	50	83	80	63	20
52	40	45	83	100	21	68
52	40	54	83	99	24	60
52	40	47	83	89	20	23
52	40	60	83	72	57	17
52	40	43	83	81	56	20
52	40	44	83	55	57	16
52	40	41	83	100	20	71
52	40	42	83	23	82	4
52	27	48	70	58	17	10
52	27	50	70	80	13	26
52	27	45	70	100	19	77
52	27	54	70	99	14	69
52	27	47	70	89	10	65
52	27	60	70	72	18	19
52	27	43	70	81	9	53
52	27	44	70	55	15	8
52	27	41	70	100	24	65
52	27	42	70	23	29	2
52	48	50	58	80	13	22
52	48	45	58	100	14	69
52	48	54	58	99	11	71
52	48	47	58	89	7	69
52	48	60	58	72	13	23
52	48	43	58	81	18	48
52	48	44	58	55	15	17
52	48	41	58	100	23	69
52	48	42	58	23	29	10
52	50	45	80	100	23	71
52	50	54	80	99	21	64
52	50	47	80	89	16	70
52	50	60	80	72	40	26
52	50	43	80	81	23	43
52	50	44	80	55	47	4
52	50	41	80	100	26	67
52	50	42	80	23	52	9
52	45	54	100	99	59	31
52	45	47	100	89	57	28
52	45	60	100	72	67	27
52	45	43	100	81	63	20
52	45	44	100	55	81	5
52	45	41	100	100	26	65
52	45	42	100	23	83	5
52	54	47	99	89	57	25
52	54	60	99	72	70	21
52	54	43	99	81	60	10
52	54	44	99	55	83	2
52	54	41	99	100	34	57
52	54	42	99	23	78	3
52	47	60	89	72	64	11
52	47	43	89	81	62	16
52	47	44	89	55	75	0
52	47	41	89	100	14	73
52	47	42	89	23	65	7
52	60	43	72	81	20	54
52	60	44	72	55	23	9
52	60	41	72	100	13	71
52	60	42	72	23	38	3
52	43	44	81	55	57	5
52	43	41	81	100	20	61
52	43	42	81	23	62	4
52	44	41	55	100	3	81
52	44	42	55	23	4	11
52	41	42	100	23	76	7
53	28	58	34	100	9	83
53	28	31	34	89	17	63
53	28	59	34	94	9	28
53	28	25	34	89	12	67
53	58	31	100	89	73	16
53	58	59	100	94	68	11
53	58	25	100	89	59	27
53	31	59	89	94	70	18
53	31	25	89	89	69	33
53	59	25	94	89	16	63
54	45	34	89	89	53	18
54	45	40	89	54	64	11
54	45	46	89	100	26	31
54	45	32	89	100	18	26
54	45	60	89	72	58	26
54	45	52	89	100	25	62
54	45	47	89	51	71	16
54	45	50	89	100	25	70
54	45	24	89	37	60	11
54	45	31	89	89	47	15
54	45	41	89	100	20	40
54	45	59	89	97	28	27
54	34	40	89	54	75	12
54	34	46	89	100	12	51
54	34	32	89	100	29	54
54	34	60	89	72	64	26
54	34	52	89	100	12	60
54	34	47	89	51	86	3
54	34	50	89	100	36	56
54	34	24	89	37	57	9
54	34	31	89	89	22	34
54	34	41	89	100	13	52
54	34	59	89	97	14	57
54	40	46	54	100	14	71
54	40	32	54	100	9	78
54	40	60	54	72	30	28
54	40	52	54	100	19	62
54	40	47	54	51	27	14
54	40	50	54	100	14	75
54	40	24	54	37	10	23
54	40	31	54	89	17	70
54	40	41	54	100	6	77
54	40	59	54	97	14	74
54	46	32	100	100	22	26
54	46	60	100	72	64	21
54	46	52	100	100	27	81
54	46	47	100	51	65	14
54	46	50	100	100	13	82
54	46	24	100	37	22	15
54	46	31	100	89	1	89
54	46	41	100	100	22	45
54	46	59	100	97	17	35
54	32	60	100	72	46	34
54	32	52	100	100	10	70
54	32	47	100	51	78	7
54	32	50	100	100	24	56
54	32	24	100	37	74	5
54	32	31	100	89	31	28
54	32	41	100	100	17	45
54	32	59	100	97	53	16
54	60	52	72	100	21	72
54	60	47	72	51	66	12
54	60	50	72	100	21	64
54	60	24	72	37	28	9
54	60	31	72	89	18	72
54	60	41	72	100	16	62
54	60	59	72	97	26	54
54	52	47	100	51	72	16
54	52	50	100	100	31	55
54	52	24	100	37	80	2
54	52	31	100	89	64	12
54	52	41	100	100	52	39
54	52	59	100	97	60	29
54	47	50	51	100	9	90
54	47	24	51	37	9	12
54	47	31	51	89	13	82
54	47	41	51	100	3	90
54	47	59	51	97	12	79
54	50	24	100	37	76	5
54	50	31	100	89	74	12
54	50	41	100	100	48	36
54	50	59	100	97	59	30
54	24	31	37	89	17	53
54	24	41	37	100	1	79
54	24	59	37	97	7	70
54	31	41	89	100	14	66
54	31	59	89	97	13	59
54	41	59	100	97	28	17
55	43	40	96	67	64	22
55	43	57	96	100	11	64
55	43	30	96	100	61	27
55	43	69	96	100	11	68
55	43	48	96	100	29	59
55	43	78	96	91	52	30
55	43	45	96	87	71	25
55	43	42	96	91	64	27
55	40	57	67	100	9	75
55	40	30	67	100	10	78
55	40	69	67	100	16	72
55	40	48	67	100	12	74
55	40	78	67	91	8	36
55	40	45	67	87	27	34
55	40	42	67	91	19	56
55	57	30	100	100	65	15
55	57	69	100	100	27	19
55	57	48	100	100	26	69
55	57	78	100	91	67	13
55	57	45	100	87	78	10
55	57	42	100	91	62	16
55	30	69	100	100	13	70
55	30	48	100	100	26	66
55	30	78	100	91	58	26
55	30	45	100	87	62	11
55	30	42	100	91	29	24
55	69	48	100	100	25	75
55	69	78	100	91	64	27
55	69	45	100	87	63	22
55	69	42	100	91	62	21
55	48	78	100	91	64	26
55	48	45	100	87	68	25
55	48	42	100	91	74	17
55	78	45	91	87	37	14
55	78	42	91	91	26	54
55	45	42	87	91	18	52
57	55	26	100	90	72	16
57	55	39	100	100	63	12
57	55	48	100	96	67	20
57	26	39	90	100	14	68
57	26	48	90	96	19	66
57	39	48	100	96	68	15
58	25	37	74	23	27	16
58	25	53	74	100	19	70
58	25	36	74	96	27	55
58	25	26	74	13	58	2
58	37	53	23	100	6	66
58	37	36	23	96	9	66
58	37	26	23	13	20	12
58	53	36	100	96	74	19
58	53	26	100	13	86	4
58	36	26	96	13	69	3
59	52	50	60	55	35	28
59	52	80	60	94	13	74
59	52	53	60	92	13	36
59	52	31	60	6	58	1
59	52	37	60	89	15	30
59	52	40	60	34	61	10
59	52	60	60	84	29	41
59	52	35	60	0	40	10
59	52	54	60	95	21	56
59	52	33	60	97	19	42
59	50	80	55	94	19	67
59	50	53	55	92	22	24
59	50	31	55	6	63	2
59	50	37	55	89	21	25
59	50	40	55	34	54	5
59	50	60	55	84	24	32
59	50	35	55	0	44	12
59	50	54	55	95	34	62
59	50	33	55	97	7	24
59	80	53	94	92	70	18
59	80	31	94	6	87	1
59	80	37	94	89	67	9
59	80	40	94	34	85	3
59	80	60	94	84	72	18
59	80	35	94	0	83	2
59	80	54	94	95	58	27
59	80	33	94	97	64	22
59	53	31	92	6	76	0
59	53	37	92	89	18	20
59	53	40	92	34	72	3
59	53	60	92	84	19	19
59	53	35	92	0	32	13
59	53	54	92	95	16	67
59	53	33	92	97	11	15
59	31	37	6	89	1	64
59	31	40	6	34	8	8
59	31	60	6	84	3	71
59	31	35	6	0	5	59
59	31	54	6	95	3	79
59	31	33	6	97	2	86
59	37	40	89	34	77	6
59	37	60	89	84	28	25
59	37	35	89	0	38	30
59	37	54	89	95	23	63
59	37	33	89	97	12	19
59	40	60	34	84	10	66
59	40	35	34	0	4	77
59	40	54	34	95	1	89
59	40	33	34	97	3	77
59	60	35	84	0	25	19
59	60	54	84	95	18	65
59	60	33	84	97	32	28
59	35	54	0	95	9	82
59	35	33	0	97	9	79
59	54	33	95	97	60	13
60	46	31	68	86	17	48
60	46	52	68	87	11	65
60	46	59	68	89	24	34
60	46	34	68	100	14	71
60	46	45	68	82	22	39
60	46	32	68	98	4	72
60	46	33	68	69	54	27
60	46	50	68	100	15	68
60	46	41	68	3	63	2
60	46	40	68	99	15	66
60	46	47	68	1	70	0
60	46	54	68	96	18	41
60	31	52	86	87	28	22
60	31	59	86	89	24	30
60	31	34	86	100	16	59
60	31	45	86	82	50	20
60	31	32	86	98	22	34
60	31	33	86	69	66	17
60	31	50	86	100	11	72
60	31	41	86	3	81	2
60	31	40	86	99	11	59
60	31	47	86	1	87	0
60	31	54	86	96	27	27
60	52	59	87	89	34	27
60	52	34	87	100	13	50
60	52	45	87	82	55	23
60	52	32	87	98	30	22
60	52	33	87	69	65	16
60	52	50	87	100	27	70
60	52	41	87	3	80	0
60	52	40	87	99	25	67
60	52	47	87	1	89	0
60	52	54	87	96	29	42
60	59	34	89	100	13	74
60	59	45	89	82	17	11
60	59	32	89	98	20	31
60	59	33	89	69	54	18
60	59	50	89	100	31	61
60	59	41	89	3	82	0
60	59	40	89	99	27	69
60	59	47	89	1	87	0
60	59	54	89	96	24	24
60	34	45	100	82	75	12
60	34	32	100	98	58	29
60	34	33	100	69	74	17
60	34	50	100	100	30	69
60	34	41	100	3	90	0
60	34	40	100	99	17	68
60	34	47	100	1	100	0
60	34	54	100	96	54	29
60	45	32	82	98	7	42
60	45	33	82	69	41	18
60	45	50	82	100	21	58
60	45	41	82	3	62	7
60	45	40	82	99	23	53
60	45	47	82	1	83	0
60	45	54	82	96	36	25
60	32	33	98	69	66	13
60	32	50	98	100	20	62
60	32	41	98	3	96	1
60	32	40	98	99	27	56
60	32	47	98	1	100	0
60	32	54	98	96	47	33
60	33	50	69	100	14	66
60	33	41	69	3	31	10
60	33	40	69	99	16	67
60	33	47	69	1	79	0
60	33	54	69	96	13	60
60	50	41	100	3	82	4
60	50	40	100	99	34	43
60	50	47	100	1	99	0
60	50	54	100	96	69	20
60	41	40	3	99	14	65
60	41	47	3	1	37	2
60	41	54	3	96	14	82
60	40	47	99	1	98	0
60	40	54	99	96	70	26
60	47	54	1	96	0	95
63	83	73	97	100	68	31
63	83	65	97	100	76	22
63	83	68	97	100	68	24
63	83	82	97	96	67	27
63	83	135	97	23	94	3
63	83	84	97	9	84	4
63	73	65	100	100	26	68
63	73	68	100	100	22	24
63	73	82	100	96	25	39
63	73	135	100	23	87	4
63	73	84	100	9	74	6
63	65	68	100	100	60	29
63	65	82	100	96	75	15
63	65	135	100	23	94	0
63	65	84	100	9	72	2
63	68	82	100	96	29	27
63	68	135	100	23	99	0
63	68	84	100	9	60	3
63	82	135	96	23	91	0
63	82	84	96	9	76	1
63	135	84	23	9	4	8
65	82	84	96	88	61	26
65	82	123	96	89	62	21
65	82	83	96	100	59	29
65	82	69	96	99	64	30
65	82	63	96	100	65	28
65	82	133	96	10	98	1
65	82	67	96	100	71	24
65	82	126	96	1	98	0
65	82	129	96	94	58	32
65	82	68	96	13	89	1
65	84	123	88	89	63	19
65	84	83	88	100	45	35
65	84	69	88	99	50	28
65	84	63	88	100	47	32
65	84	133	88	10	82	2
65	84	67	88	100	59	27
65	84	126	88	1	86	2
65	84	129	88	94	63	25
65	84	68	88	13	82	2
65	123	83	89	100	17	66
65	123	69	89	99	18	23
65	123	63	89	100	9	62
65	123	133	89	10	93	0
65	123	67	89	100	25	29
65	123	126	89	1	98	0
65	123	129	89	94	60	28
65	123	68	89	13	92	1
65	83	69	100	99	70	26
65	83	63	100	100	54	28
65	83	133	100	10	95	1
65	83	67	100	100	60	14
65	83	126	100	1	100	1
65	83	129	100	94	71	11
65	83	68	100	13	88	3
65	69	63	99	100	18	57
65	69	133	99	10	95	0
65	69	67	99	100	17	23
65	69	126	99	1	99	0
65	69	129	99	94	61	9
65	69	68	99	13	87	3
65	63	133	100	10	95	1
65	63	67	100	100	46	20
65	63	126	100	1	98	0
65	63	129	100	94	71	11
65	63	68	100	13	93	3
65	133	67	10	100	0	92
65	133	126	10	1	7	0
65	133	129	10	94	2	83
65	133	68	10	13	5	5
65	67	126	100	1	99	1
65	67	129	100	94	72	16
65	67	68	100	13	93	0
65	126	129	1	94	1	94
65	126	68	1	13	0	6
65	129	68	94	13	79	2
66	82	83	96	87	54	24
66	82	2	96	100	53	24
66	82	119	96	100	64	27
66	82	84	96	88	23	63
66	82	75	96	100	11	70
66	82	65	96	0	90	0
66	82	73	96	12	86	2
66	83	2	87	100	15	28
66	83	119	87	100	14	25
66	83	84	87	88	23	52
66	83	75	87	100	13	66
66	83	65	87	0	91	0
66	83	73	87	12	72	8
66	2	119	100	100	24	14
66	2	84	100	88	25	58
66	2	75	100	100	27	65
66	2	65	100	0	98	0
66	2	73	100	12	87	3
66	119	84	100	88	27	54
66	119	75	100	100	12	68
66	119	65	100	0	99	0
66	119	73	100	12	78	5
66	84	75	88	100	16	70
66	84	65	88	0	88	0
66	84	73	88	12	82	9
66	75	65	100	0	100	0
66	75	73	100	12	91	5
66	65	73	0	12	0	30
67	65	133	98	100	32	25
67	65	82	98	87	48	23
67	65	4	98	100	17	62
67	65	123	98	83	59	24
67	133	82	100	87	41	13
67	133	4	100	100	16	66
67	133	123	100	83	70	24
67	82	4	87	100	12	70
67	82	123	87	83	53	28
67	4	123	100	83	74	12
68	69	135	53	100	8	75
68	69	82	53	100	18	77
68	69	63	53	100	7	56
68	69	83	53	96	20	47
68	69	84	53	88	19	34
68	69	136	53	68	37	3
68	135	82	100	100	15	36
68	135	63	100	100	59	26
68	135	83	100	96	69	10
68	135	84	100	88	70	8
68	135	136	100	68	84	12
68	82	63	100	100	49	31
68	82	83	100	96	70	26
68	82	84	100	88	62	23
68	82	136	100	68	77	8
68	63	83	100	96	27	33
68	63	84	100	88	36	23
68	63	136	100	68	74	9
68	83	84	96	88	31	30
68	83	136	96	68	57	9
68	84	136	88	68	32	13
69	40	42	82	87	22	29
69	40	65	82	100	12	60
69	40	78	82	94	18	36
69	40	83	82	100	11	65
69	40	55	82	97	25	64
69	40	68	82	52	58	16
69	40	84	82	80	27	23
69	40	82	82	100	14	74
69	40	73	82	95	24	29
69	40	45	82	94	29	24
69	40	77	82	100	26	29
69	40	48	82	99	24	74
69	42	65	87	100	18	60
69	42	78	87	94	19	34
69	42	83	87	100	10	57
69	42	55	87	97	25	60
69	42	68	87	52	65	15
69	42	84	87	80	41	26
69	42	82	87	100	9	70
69	42	73	87	95	33	21
69	42	45	87	94	36	30
69	42	77	87	100	35	20
69	42	48	87	99	24	60
69	65	78	100	94	63	11
69	65	83	100	100	21	32
69	65	55	100	97	16	71
69	65	68	100	52	74	14
69	65	84	100	80	62	27
69	65	82	100	100	27	68
69	65	73	100	95	67	32
69	65	45	100	94	68	7
69	65	77	100	100	62	20
69	65	48	100	99	31	51
69	78	83	94	100	15	74
69	78	55	94	97	29	59
69	78	68	94	52	59	12
69	78	84	94	80	29	11
69	78	82	94	100	18	68
69	78	73	94	95	21	20
69	78	45	94	94	41	9
69	78	77	94	100	19	24
69	78	48	94	99	35	56
69	83	55	100	97	15	71
69	83	68	100	52	80	17
69	83	84	100	80	64	27
69	83	82	100	100	26	70
69	83	73	100	95	63	25
69	83	45	100	94	64	17
69	83	77	100	100	70	16
69	83	48	100	99	35	52
69	55	68	97	52	82	8
69	55	84	97	80	63	8
69	55	82	97	100	53	16
69	55	73	97	95	66	19
69	55	45	97	94	56	27
69	55	77	97	100	69	15
69	55	48	97	99	60	22
69	68	84	52	80	19	48
69	68	82	52	100	18	83
69	68	73	52	95	12	43
69	68	45	52	94	22	58
69	68	77	52	100	5	54
69	68	48	52	99	7	70
69	84	82	80	100	20	67
69	84	73	80	95	31	35
69	84	45	80	94	21	33
69	84	77	80	100	16	29
69	84	48	80	99	19	59
69	82	73	100	95	66	21
69	82	45	100	94	69	13
69	82	77	100	100	62	12
69	82	48	100	99	71	17
69	73	45	95	94	27	25
69	73	77	95	100	12	12
69	73	48	95	99	12	73
69	45	77	94	100	25	28
69	45	48	94	99	16	68
69	77	48	100	99	11	68
70	71	74	37	87	11	75
70	71	85	37	100	7	85
70	71	76	37	99	4	87
70	74	85	87	100	27	70
70	74	76	87	99	24	55
70	85	76	100	99	69	33
71	72	82	95	0	99	0
71	72	73	95	100	35	69
71	72	85	95	100	16	69
71	72	70	95	30	66	9
71	72	84	95	88	32	61
71	72	74	95	70	35	15
71	82	73	0	100	0	100
71	82	85	0	100	0	100
71	82	70	0	30	0	8
71	82	84	0	88	0	90
71	82	74	0	70	0	84
71	73	85	100	100	60	27
71	73	70	100	30	85	4
71	73	84	100	88	57	22
71	73	74	100	70	60	10
71	85	70	100	30	65	12
71	85	84	100	88	73	12
71	85	74	100	70	65	25
71	70	84	30	88	9	68
71	70	74	30	70	12	38
71	84	74	88	70	63	18
72	79	84	100	88	74	11
72	79	73	100	100	59	20
72	79	71	100	79	69	9
72	84	73	88	100	31	58
72	84	71	88	79	22	36
72	73	71	100	79	64	27
73	84	71	88	100	29	62
73	84	63	88	100	46	44
73	84	80	88	83	57	20
73	84	72	88	100	19	48
73	84	79	88	100	47	27
73	84	69	88	100	53	38
73	84	83	88	88	47	35
73	84	66	88	27	70	3
73	71	63	100	100	62	12
73	71	80	100	83	79	11
73	71	72	100	100	52	36
73	71	79	100	100	61	16
73	71	69	100	100	70	19
73	71	83	100	88	73	13
73	71	66	100	27	74	5
73	63	80	100	83	65	9
73	63	72	100	100	15	63
73	63	79	100	100	10	13
73	63	69	100	100	57	15
73	63	83	100	88	49	30
73	63	66	100	27	73	3
73	80	72	83	100	16	77
73	80	79	83	100	12	68
73	80	69	83	100	6	22
73	80	83	83	88	21	32
73	80	66	83	27	28	12
73	72	79	100	100	44	32
73	72	69	100	100	67	12
73	72	83	100	88	70	9
73	72	66	100	27	75	3
73	79	69	100	100	55	12
73	79	83	100	88	50	13
73	79	66	100	27	73	2
73	69	83	100	88	30	27
73	69	66	100	27	51	8
73	83	66	88	27	59	3
74	71	70	85	86	23	58
74	71	85	85	98	17	68
74	71	124	85	88	14	18
74	71	76	85	92	13	64
74	70	85	86	98	29	58
74	70	124	86	88	38	15
74	70	76	86	92	21	58
74	85	124	98	88	58	9
74	85	76	98	92	59	26
74	124	76	88	92	8	60
75	3	2	100	100	27	61
75	3	66	100	100	12	68
75	3	80	100	25	97	0
75	3	10	100	1	98	1
75	2	66	100	100	26	73
75	2	80	100	25	100	0
75	2	10	100	1	100	0
75	66	80	100	25	100	0
75	66	10	100	1	100	0
75	80	10	25	1	0	2
76	74	85	92	100	61	34
76	74	70	92	99	59	37
76	85	70	100	99	26	57
77	69	5	98	67	37	12
78	69	43	95	71	34	9
78	69	48	95	100	20	66
78	69	55	95	89	36	32
78	43	48	71	100	12	70
78	43	55	71	89	22	48
78	48	55	100	89	61	24
79	73	72	98	99	26	64
80	1	59	98	95	15	66
80	1	16	98	92	19	59
80	1	73	98	81	56	18
80	59	16	95	92	25	19
80	59	73	95	81	66	12
80	16	73	92	81	62	21
82	123	66	90	94	15	19
82	123	69	90	100	18	72
82	123	63	90	93	28	17
82	123	84	90	88	22	65
82	123	67	90	88	31	26
82	123	65	90	100	30	62
82	123	68	90	98	13	60
82	123	116	90	42	36	9
82	123	83	90	90	22	38
82	123	129	90	86	24	27
82	66	69	94	100	18	70
82	66	63	94	93	28	17
82	66	84	94	88	32	52
82	66	67	94	88	18	13
82	66	65	94	100	23	68
82	66	68	94	98	21	70
82	66	116	94	42	31	2
82	66	83	94	90	27	29
82	66	129	94	86	8	6
82	69	63	100	93	71	14
82	69	84	100	88	37	51
82	69	67	100	88	67	10
82	69	65	100	100	25	61
82	69	68	100	98	64	19
82	69	116	100	42	71	4
82	69	83	100	90	59	31
82	69	129	100	86	70	17
82	63	84	93	88	28	54
82	63	67	93	88	17	14
82	63	65	93	100	28	64
82	63	68	93	98	33	54
82	63	116	93	42	42	3
82	63	83	93	90	22	30
82	63	129	93	86	12	13
82	84	67	88	88	58	28
82	84	65	88	100	21	72
82	84	68	88	98	52	35
82	84	116	88	42	69	11
82	84	83	88	90	58	35
82	84	129	88	86	67	19
82	67	65	88	100	25	70
82	67	68	88	98	9	71
82	67	116	88	42	19	4
82	67	83	88	90	12	14
82	67	129	88	86	15	14
82	65	68	100	98	64	18
82	65	116	100	42	76	10
82	65	83	100	90	65	27
82	65	129	100	86	81	25
82	68	116	98	42	73	5
82	68	83	98	90	61	28
82	68	129	98	86	67	13
82	116	83	42	90	7	53
82	116	129	42	86	12	27
82	83	129	90	86	24	19
83	43	73	86	87	12	39
83	43	66	86	90	13	30
83	43	68	86	52	54	18
83	43	63	86	100	10	68
83	43	82	86	100	18	69
83	43	84	86	90	21	69
83	43	55	86	6	79	0
83	43	42	86	0	69	0
83	43	65	86	100	15	74
83	43	69	86	100	9	74
83	43	48	86	91	19	64
83	73	66	87	90	36	21
83	73	68	87	52	50	19
83	73	63	87	100	25	69
83	73	82	87	100	14	76
83	73	84	87	90	28	52
83	73	55	87	6	94	0
83	73	42	87	0	93	0
83	73	65	87	100	21	55
83	73	69	87	100	28	66
83	73	48	87	91	20	61
83	66	68	90	52	48	10
83	66	63	90	100	13	69
83	66	82	90	100	20	63
83	66	84	90	90	34	54
83	66	55	90	6	89	0
83	66	42	90	0	93	0
83	66	65	90	100	20	74
83	66	69	90	100	17	71
83	66	48	90	91	19	62
83	68	63	52	100	21	66
83	68	82	52	100	28	66
83	68	84	52	90	26	54
83	68	55	52	6	54	0
83	68	42	52	0	66	0
83	68	65	52	100	17	73
83	68	69	52	100	15	69
83	68	48	52	91	25	64
83	63	82	100	100	62	29
83	63	84	100	90	71	22
83	63	55	100	6	100	0
83	63	42	100	0	100	0
83	63	65	100	100	72	27
83	63	69	100	100	75	10
83	63	48	100	91	65	13
83	82	84	100	90	26	56
83	82	55	100	6	97	0
83	82	42	100	0	97	0
83	82	65	100	100	26	65
83	82	69	100	100	28	31
83	82	48	100	91	23	45
83	84	55	90	6	89	0
83	84	42	90	0	86	0
83	84	65	90	100	47	36
83	84	69	90	100	53	40
83	84	48	90	91	66	17
83	55	42	6	0	0	0
83	55	65	6	100	0	100
83	55	69	6	100	0	99
83	55	48	6	91	0	90
83	42	65	0	100	0	100
83	42	69	0	100	0	100
83	42	48	0	91	0	90
83	65	69	100	100	64	28
83	65	48	100	91	70	6
83	69	48	100	91	39	37
84	73	66	91	89	27	30
84	73	82	91	90	13	59
84	73	69	91	86	58	21
84	73	65	91	88	14	66
84	73	72	91	90	55	27
84	73	83	91	89	19	58
84	73	117	91	88	64	17
84	73	71	91	88	26	56
84	73	68	91	86	64	15
84	66	82	89	90	25	62
84	66	69	89	86	64	11
84	66	65	89	88	22	59
84	66	72	89	90	59	17
84	66	83	89	89	18	65
84	66	117	89	88	51	17
84	66	71	89	88	11	54
84	66	68	89	86	67	10
84	82	69	90	86	47	27
84	82	65	90	88	49	33
84	82	72	90	90	61	13
84	82	83	90	89	48	29
84	82	117	90	88	73	11
84	82	71	90	88	67	17
84	82	68	90	86	58	20
84	69	65	86	88	24	56
84	69	72	86	90	18	18
84	69	83	86	89	23	65
84	69	117	86	88	15	11
84	69	71	86	88	9	63
84	69	68	86	86	23	30
84	65	72	88	90	59	15
84	65	83	88	89	23	50
84	65	117	88	88	63	15
84	65	71	88	88	32	18
84	65	68	88	86	58	32
84	72	83	90	89	13	58
84	72	117	90	88	11	16
84	72	71	90	88	25	56
84	72	68	90	86	13	17
84	83	117	89	88	56	16
84	83	71	89	88	61	13
84	83	68	89	86	62	20
84	117	71	88	88	17	53
84	117	68	88	86	10	11
84	71	68	88	86	52	15
85	71	76	100	99	67	14
85	71	74	100	99	33	61
85	71	70	100	99	23	70
85	76	74	99	99	31	63
85	76	70	99	99	31	68
85	74	70	99	99	24	50
115	117	132	99	93	70	22
115	117	116	99	100	66	22
115	117	138	99	99	55	30
115	117	121	99	100	62	26
115	117	123	99	96	62	31
115	117	119	99	100	77	22
115	117	118	99	100	23	66
115	117	129	99	32	91	0
115	117	66	99	0	98	0
115	117	128	99	0	100	0
115	132	116	93	100	22	74
115	132	138	93	99	24	17
115	132	121	93	100	28	64
115	132	123	93	96	35	33
115	132	119	93	100	29	61
115	132	118	93	100	23	67
115	132	129	93	32	85	4
115	132	66	93	0	96	0
115	132	128	93	0	96	0
115	116	138	100	99	62	26
115	116	121	100	100	22	66
115	116	123	100	96	74	21
115	116	119	100	100	31	67
115	116	118	100	100	25	64
115	116	129	100	32	82	5
115	116	66	100	0	100	0
115	116	128	100	0	100	0
115	138	121	99	100	9	66
115	138	123	99	96	28	27
115	138	119	99	100	10	64
115	138	118	99	100	22	75
115	138	129	99	32	89	6
115	138	66	99	0	98	0
115	138	128	99	0	99	0
115	121	123	100	96	56	20
115	121	119	100	100	33	57
115	121	118	100	100	35	64
115	121	129	100	32	89	1
115	121	66	100	0	99	0
115	121	128	100	0	100	0
115	123	119	96	100	23	75
115	123	118	96	100	30	59
115	123	129	96	32	96	6
115	123	66	96	0	95	0
115	123	128	96	0	97	0
115	119	118	100	100	30	63
115	119	129	100	32	91	4
115	119	66	100	0	100	0
115	119	128	100	0	100	0
115	118	129	100	32	89	4
115	118	66	100	0	100	0
115	118	128	100	0	100	0
115	129	66	32	0	22	1
115	129	128	32	0	22	0
115	66	128	0	0	1	0
116	117	82	97	28	90	4
116	117	126	97	19	84	6
116	117	133	97	99	76	22
116	117	136	97	63	77	5
116	117	121	97	99	75	25
116	117	123	97	100	69	26
116	117	119	97	100	63	23
116	117	118	97	100	64	24
116	117	138	97	93	64	18
116	117	129	97	100	57	31
116	117	115	97	100	54	27
116	117	122	97	99	70	30
116	117	128	97	99	23	70
116	82	126	28	19	22	17
116	82	133	28	99	5	91
116	82	136	28	63	19	39
116	82	121	28	99	8	91
116	82	123	28	100	5	89
116	82	119	28	100	9	94
116	82	118	28	100	5	88
116	82	138	28	93	9	63
116	82	129	28	100	7	87
116	82	115	28	100	8	87
116	82	122	28	99	3	91
116	82	128	28	99	3	88
116	126	133	19	99	4	89
116	126	136	19	63	6	35
116	126	121	19	99	1	86
116	126	123	19	100	3	98
116	126	119	19	100	0	92
116	126	118	19	100	3	85
116	126	138	19	93	4	72
116	126	129	19	100	7	88
116	126	115	19	100	3	88
116	126	122	19	99	8	91
116	126	128	19	99	6	91
116	133	136	99	63	77	8
116	133	121	99	99	56	19
116	133	123	99	100	38	27
116	133	119	99	100	35	65
116	133	118	99	100	49	27
116	133	138	99	93	67	22
116	133	129	99	100	26	63
116	133	115	99	100	12	39
116	133	122	99	99	21	52
116	133	128	99	99	16	69
116	136	121	63	99	8	81
116	136	123	63	100	12	81
116	136	119	63	100	5	71
116	136	118	63	100	5	76
116	136	138	63	93	9	50
116	136	129	63	100	9	79
116	136	115	63	100	7	79
116	136	122	63	99	14	57
116	136	128	63	99	16	73
116	121	123	99	100	16	29
116	121	119	99	100	30	57
116	121	118	99	100	25	25
116	121	138	99	93	62	11
116	121	129	99	100	28	66
116	121	115	99	100	25	70
116	121	122	99	99	17	58
116	121	128	99	99	19	68
116	123	119	100	100	28	63
116	123	118	100	100	41	37
116	123	138	100	93	71	29
116	123	129	100	100	26	66
116	123	115	100	100	19	59
116	123	122	100	99	16	62
116	123	128	100	99	32	66
116	119	118	100	100	54	34
116	119	138	100	93	63	13
116	119	129	100	100	34	24
116	119	115	100	100	75	22
116	119	122	100	99	66	15
116	119	128	100	99	13	62
116	118	138	100	93	64	33
116	118	129	100	100	29	61
116	118	115	100	100	33	54
116	118	122	100	99	14	62
116	118	128	100	99	20	75
116	138	129	93	100	30	65
116	138	115	93	100	29	63
116	138	122	93	99	14	74
116	138	128	93	99	18	62
116	129	115	100	100	73	13
116	129	122	100	99	67	22
116	129	128	100	99	25	73
116	115	122	100	99	16	27
116	115	128	100	99	16	62
116	122	128	99	99	35	56
117	129	120	99	100	63	9
117	129	132	99	95	34	59
117	129	138	99	94	59	33
117	129	119	99	100	30	57
117	129	116	99	100	28	70
117	129	118	99	100	27	63
117	129	122	99	41	77	4
117	129	126	99	87	65	24
117	129	133	99	97	37	25
117	129	123	99	100	30	74
117	129	128	99	100	34	52
117	129	121	99	100	22	70
117	129	115	99	100	18	71
117	129	84	99	91	67	7
117	120	132	100	95	38	48
117	120	138	100	94	68	13
117	120	119	100	100	30	56
117	120	116	100	100	18	75
117	120	118	100	100	20	67
117	120	122	100	41	83	8
117	120	126	100	87	21	13
117	120	133	100	97	15	44
117	120	123	100	100	19	69
117	120	128	100	100	13	57
117	120	121	100	100	33	62
117	120	115	100	100	14	66
117	120	84	100	91	55	13
117	132	138	95	94	66	14
117	132	119	95	100	29	65
117	132	116	95	100	23	61
117	132	118	95	100	30	63
117	132	122	95	41	83	7
117	132	126	95	87	64	12
117	132	133	95	97	59	35
117	132	123	95	100	20	81
117	132	128	95	100	63	23
117	132	121	95	100	30	63
117	132	115	95	100	29	64
117	132	84	95	91	70	10
117	138	119	94	100	10	70
117	138	116	94	100	28	57
117	138	118	94	100	25	69
117	138	122	94	41	62	7
117	138	126	94	87	32	47
117	138	133	94	97	26	64
117	138	123	94	100	23	61
117	138	128	94	100	10	62
117	138	121	94	100	15	73
117	138	115	94	100	22	65
117	138	84	94	91	24	20
117	119	116	100	100	66	27
117	119	118	100	100	31	79
117	119	122	100	41	90	3
117	119	126	100	87	72	10
117	119	133	100	97	63	28
117	119	123	100	100	42	24
117	119	128	100	100	63	28
117	119	121	100	100	34	48
117	119	115	100	100	58	35
117	119	84	100	91	71	14
117	116	118	100	100	24	72
117	116	122	100	41	77	6
117	116	126	100	87	56	27
117	116	133	100	97	65	23
117	116	123	100	100	26	65
117	116	128	100	100	75	34
117	116	121	100	100	29	64
117	116	115	100	100	30	59
117	116	84	100	91	70	15
117	118	122	100	41	82	5
117	118	126	100	87	68	27
117	118	133	100	97	68	19
117	118	123	100	100	64	35
117	118	128	100	100	67	20
117	118	121	100	100	58	29
117	118	115	100	100	65	23
117	118	84	100	91	68	13
117	122	126	41	87	7	81
117	122	133	41	97	5	85
117	122	123	41	100	8	77
117	122	128	41	100	7	76
117	122	121	41	100	5	86
117	122	115	41	100	11	85
117	122	84	41	91	4	65
117	126	133	87	97	16	64
117	126	123	87	100	25	70
117	126	128	87	100	19	66
117	126	121	87	100	10	64
117	126	115	87	100	10	72
117	126	84	87	91	41	17
117	133	123	97	100	31	59
117	133	128	97	100	17	70
117	133	121	97	100	35	68
117	133	115	97	100	12	71
117	133	84	97	91	71	6
117	123	128	100	100	69	16
117	123	121	100	100	23	62
117	123	115	100	100	52	23
117	123	84	100	91	69	12
117	128	121	100	100	16	65
117	128	115	100	100	32	64
117	128	84	100	91	71	11
117	121	115	100	100	63	29
117	121	84	100	91	71	8
117	115	84	100	91	74	11
118	126	121	85	100	12	73
118	126	133	85	100	32	60
118	126	117	85	100	26	52
118	126	115	85	100	10	56
118	126	129	85	100	24	70
118	126	128	85	100	23	32
118	126	132	85	96	13	64
118	126	119	85	100	13	75
118	126	123	85	98	23	54
118	126	138	85	96	30	38
118	126	137	85	97	23	27
118	126	116	85	99	28	58
118	121	133	100	100	64	29
118	121	117	100	100	26	66
118	121	115	100	100	30	62
118	121	129	100	100	56	29
118	121	128	100	100	65	12
118	121	132	100	96	76	32
118	121	119	100	100	34	57
118	121	123	100	98	65	15
118	121	138	100	96	65	19
118	121	137	100	97	63	20
118	121	116	100	99	62	29
118	133	117	100	100	31	63
118	133	115	100	100	13	66
118	133	129	100	100	26	27
118	133	128	100	100	64	15
118	133	132	100	96	49	25
118	133	119	100	100	27	55
118	133	123	100	98	52	27
118	133	138	100	96	69	29
118	133	137	100	97	58	33
118	133	116	100	99	55	37
118	117	115	100	100	61	30
118	117	129	100	100	60	29
118	117	128	100	100	65	23
118	117	132	100	96	71	19
118	117	119	100	100	65	24
118	117	123	100	98	67	22
118	117	138	100	96	61	26
118	117	137	100	97	59	13
118	117	116	100	99	75	21
118	115	129	100	100	62	24
118	115	128	100	100	65	29
118	115	132	100	96	53	29
118	115	119	100	100	26	44
118	115	123	100	98	64	33
118	115	138	100	96	62	32
118	115	137	100	97	68	12
118	115	116	100	99	69	25
118	129	128	100	100	68	25
118	129	132	100	96	45	31
118	129	119	100	100	32	60
118	129	123	100	98	65	29
118	129	138	100	96	68	29
118	129	137	100	97	64	17
118	129	116	100	99	68	22
118	128	132	100	96	17	64
118	128	119	100	100	24	59
118	128	123	100	98	30	64
118	128	138	100	96	18	16
118	128	137	100	97	22	20
118	128	116	100	99	31	62
118	132	119	96	100	35	68
118	132	123	96	98	60	25
118	132	138	96	96	63	12
118	132	137	96	97	58	32
118	132	116	96	99	66	25
118	119	123	100	98	67	24
118	119	138	100	96	67	9
118	119	137	100	97	65	17
118	119	116	100	99	62	31
118	123	138	98	96	53	35
118	123	137	98	97	49	17
118	123	116	98	99	33	42
118	138	137	96	97	33	38
118	138	116	96	99	26	62
118	137	116	97	99	18	68
119	121	118	98	100	27	63
119	121	132	98	85	65	25
119	121	115	98	99	32	34
119	121	66	98	100	67	25
119	121	133	98	95	58	25
119	121	117	98	100	29	64
119	121	123	98	96	54	22
119	121	129	98	100	66	28
119	121	120	98	97	66	28
119	121	116	98	99	49	32
119	118	132	100	85	58	27
119	118	115	100	99	66	27
119	118	66	100	100	72	15
119	118	133	100	95	63	23
119	118	117	100	100	62	34
119	118	123	100	96	66	22
119	118	129	100	100	63	38
119	118	120	100	97	68	10
119	118	116	100	99	64	17
119	132	115	85	99	25	61
119	132	66	85	100	13	32
119	132	133	85	95	25	57
119	132	117	85	100	20	71
119	132	123	85	96	20	70
119	132	129	85	100	24	68
119	132	120	85	97	36	33
119	132	116	85	99	10	69
119	115	66	99	100	57	35
119	115	133	99	95	71	12
119	115	117	99	100	33	65
119	115	123	99	96	68	25
119	115	129	99	100	62	23
119	115	120	99	97	69	19
119	115	116	99	99	64	30
119	66	133	100	95	11	37
119	66	117	100	100	18	71
119	66	123	100	96	19	67
119	66	129	100	100	14	68
119	66	120	100	97	25	18
119	66	116	100	99	16	59
119	133	117	95	100	29	59
119	133	123	95	96	24	41
119	133	129	95	100	25	52
119	133	120	95	97	51	16
119	133	116	95	99	37	56
119	117	123	100	96	69	25
119	117	129	100	100	65	25
119	117	120	100	97	72	27
119	117	116	100	99	66	29
119	123	129	96	100	33	37
119	123	120	96	97	60	20
119	123	116	96	99	31	66
119	129	120	100	97	71	17
119	129	116	100	99	29	66
119	120	116	97	99	10	66
120	130	121	99	100	63	19
120	130	117	99	100	65	20
120	130	119	99	95	63	11
120	130	137	99	100	65	26
120	130	80	99	4	100	0
120	130	132	99	93	40	27
120	121	117	100	100	78	21
120	121	119	100	95	63	29
120	121	137	100	100	23	30
120	121	80	100	4	100	0
120	121	132	100	93	28	54
120	117	119	100	95	62	30
120	117	137	100	100	12	68
120	117	80	100	4	99	0
120	117	132	100	93	21	60
120	119	137	95	100	13	62
120	119	80	95	4	94	0
120	119	132	95	93	35	58
120	137	80	100	4	96	0
120	137	132	100	93	30	69
120	80	132	4	93	0	95
121	120	115	96	100	12	65
121	120	117	96	100	31	61
121	120	118	96	100	13	76
121	120	116	96	100	46	13
121	120	133	96	98	42	12
121	120	132	96	96	26	34
121	120	129	96	100	17	22
121	120	119	96	99	24	69
121	115	117	100	100	27	59
121	115	118	100	100	31	54
121	115	116	100	100	64	27
121	115	133	100	98	60	18
121	115	132	100	96	62	27
121	115	129	100	100	69	28
121	115	119	100	99	24	61
121	117	118	100	100	60	29
121	117	116	100	100	70	24
121	117	133	100	98	52	32
121	117	132	100	96	62	33
121	117	129	100	100	70	25
121	117	119	100	99	57	21
121	118	116	100	100	69	19
121	118	133	100	98	52	36
121	118	132	100	96	61	25
121	118	129	100	100	70	27
121	118	119	100	99	26	58
121	116	133	100	98	26	27
121	116	132	100	96	23	27
121	116	129	100	100	33	36
121	116	119	100	99	25	66
121	133	132	98	96	28	29
121	133	129	98	100	23	52
121	133	119	98	99	27	66
121	132	129	96	100	15	26
121	132	119	96	99	31	54
121	129	119	100	99	30	59
122	128	127	100	98	66	24
122	128	136	100	100	32	47
122	128	117	100	47	74	15
122	128	116	100	100	72	22
122	128	135	100	100	57	29
122	128	124	100	86	76	13
122	127	136	98	100	30	64
122	127	117	98	47	77	12
122	127	116	98	100	61	15
122	127	135	98	100	62	37
122	127	124	98	86	65	26
122	136	117	100	47	79	7
122	136	116	100	100	56	33
122	136	135	100	100	77	23
122	136	124	100	86	65	20
122	117	116	47	100	8	70
122	117	135	47	100	5	84
122	117	124	47	86	8	38
122	116	135	100	100	70	16
122	116	124	100	86	71	12
122	135	124	100	86	62	28
123	129	126	100	94	58	26
123	129	115	100	88	70	19
123	129	117	100	100	58	36
123	129	132	100	83	62	17
123	129	119	100	97	60	30
123	129	138	100	100	65	24
123	129	133	100	100	72	29
123	129	118	100	96	56	27
123	129	82	100	93	69	22
123	129	67	100	78	71	9
123	129	65	100	94	68	17
123	129	116	100	100	61	24
123	129	128	100	8	82	5
123	126	115	94	88	49	24
123	126	117	94	100	33	61
123	126	132	94	83	59	15
123	126	119	94	97	39	23
123	126	138	94	100	29	53
123	126	133	94	100	29	57
123	126	118	94	96	28	45
123	126	82	94	93	41	29
123	126	67	94	78	74	16
123	126	65	94	94	27	31
123	126	116	94	100	23	47
123	126	128	94	8	87	0
123	115	117	88	100	23	74
123	115	132	88	83	39	20
123	115	119	88	97	23	33
123	115	138	88	100	36	62
123	115	133	88	100	14	71
123	115	118	88	96	24	50
123	115	82	88	93	14	25
123	115	67	88	78	40	15
123	115	65	88	94	12	64
123	115	116	88	100	25	61
123	115	128	88	8	73	3
123	117	132	100	83	71	20
123	117	119	100	97	69	21
123	117	138	100	100	62	25
123	117	133	100	100	61	24
123	117	118	100	96	76	23
123	117	82	100	93	69	12
123	117	67	100	78	67	15
123	117	65	100	94	66	14
123	117	116	100	100	67	24
123	117	128	100	8	88	2
123	132	119	83	97	25	54
123	132	138	83	100	22	62
123	132	133	83	100	19	68
123	132	118	83	96	24	60
123	132	82	83	93	21	65
123	132	67	83	78	22	25
123	132	65	83	94	16	65
123	132	116	83	100	7	71
123	132	128	83	8	64	1
123	119	138	97	100	18	65
123	119	133	97	100	27	54
123	119	118	97	96	21	40
123	119	82	97	93	18	18
123	119	67	97	78	62	12
123	119	65	97	94	11	46
123	119	116	97	100	32	60
123	119	128	97	8	84	2
123	138	133	100	100	30	63
123	138	118	100	96	54	27
123	138	82	100	93	66	12
123	138	67	100	78	70	9
123	138	65	100	94	60	13
123	138	116	100	100	42	30
123	138	128	100	8	95	0
123	133	118	100	96	67	24
123	133	82	100	93	75	10
123	133	67	100	78	58	26
123	133	65	100	94	69	20
123	133	116	100	100	65	27
123	133	128	100	8	84	3
123	118	82	96	93	23	19
123	118	67	96	78	70	11
123	118	65	96	94	15	21
123	118	116	96	100	27	43
123	118	128	96	8	82	2
123	82	67	93	78	62	21
123	82	65	93	94	23	47
123	82	116	93	100	25	53
123	82	128	93	8	75	1
123	67	65	78	94	28	63
123	67	116	78	100	13	63
123	67	128	78	8	60	1
123	65	116	94	100	24	52
123	65	128	94	8	92	1
123	116	128	100	8	80	1
124	127	135	100	100	59	29
124	127	74	100	90	76	18
124	127	122	100	88	63	25
124	127	131	100	92	73	19
124	127	136	100	99	54	34
124	135	74	100	90	73	12
124	135	122	100	88	60	27
124	135	131	100	92	36	33
124	135	136	100	99	27	27
124	74	122	90	88	12	20
124	74	131	90	92	15	61
124	74	136	90	99	10	71
124	122	131	88	92	16	57
124	122	136	88	99	18	67
124	131	136	92	99	56	28
126	129	138	92	100	24	67
126	129	123	92	89	58	31
126	129	118	92	87	63	24
126	129	130	92	90	68	11
126	129	117	92	86	59	29
126	129	133	92	97	57	27
126	129	116	92	45	67	15
126	138	123	100	89	63	33
126	138	118	100	87	72	25
126	138	130	100	90	61	28
126	138	117	100	86	58	28
126	138	133	100	97	65	24
126	138	116	100	45	74	8
126	123	118	89	87	38	42
126	123	130	89	90	23	24
126	123	117	89	86	52	28
126	123	133	89	97	23	39
126	123	116	89	45	61	10
126	118	130	87	90	10	54
126	118	117	87	86	22	32
126	118	133	87	97	21	67
126	118	116	87	45	41	10
126	130	117	90	86	49	10
126	130	133	90	97	26	47
126	130	116	90	45	61	4
126	117	133	86	97	23	59
126	117	116	86	45	63	4
126	133	116	97	45	63	11
127	135	136	88	92	27	33
127	135	128	88	87	57	22
127	135	124	88	100	33	56
127	135	122	88	95	26	61
127	136	128	92	87	57	27
127	136	124	92	100	29	61
127	136	122	92	95	32	40
127	128	124	87	100	13	74
127	128	122	87	95	29	60
127	124	122	100	95	73	18
128	127	129	89	98	14	27
128	127	118	89	99	22	29
128	127	136	89	100	21	65
128	127	135	89	99	20	61
128	127	122	89	99	22	71
128	127	117	89	100	16	66
128	127	116	89	99	13	64
128	129	118	98	99	36	34
128	129	136	98	100	14	66
128	129	135	98	99	26	62
128	129	122	98	99	14	74
128	129	117	98	100	28	61
128	129	116	98	99	30	57
128	118	136	99	100	15	72
128	118	135	99	99	22	65
128	118	122	99	99	16	70
128	118	117	99	100	15	76
128	118	116	99	99	19	72
128	136	135	100	99	58	37
128	136	122	100	99	22	66
128	136	117	100	100	69	12
128	136	116	100	99	24	54
128	135	122	99	99	30	66
128	135	117	99	100	18	75
128	135	116	99	99	11	63
128	122	117	99	100	56	34
128	122	116	99	99	61	36
128	117	116	100	99	28	59
129	118	119	96	100	61	32
129	118	123	96	100	30	60
129	118	82	96	91	67	15
129	118	115	96	8	74	2
129	118	117	96	100	60	34
129	118	116	96	100	29	67
129	118	138	96	100	66	27
129	118	135	96	100	67	9
129	118	122	96	1	99	0
129	118	132	96	90	59	33
129	118	128	96	98	59	30
129	118	133	96	100	24	65
129	118	126	96	99	40	26
129	118	121	96	99	56	28
129	118	65	96	100	69	9
129	118	131	96	52	85	4
129	119	123	100	100	31	62
129	119	82	100	91	29	10
129	119	115	100	8	68	3
129	119	117	100	100	29	49
129	119	116	100	100	26	70
129	119	138	100	100	12	54
129	119	135	100	100	12	22
129	119	122	100	1	99	0
129	119	132	100	90	54	26
129	119	128	100	98	62	17
129	119	133	100	100	32	64
129	119	126	100	99	14	65
129	119	121	100	99	29	59
129	119	65	100	100	70	15
129	119	131	100	52	88	16
129	123	82	100	91	64	23
129	123	115	100	8	73	7
129	123	117	100	100	60	33
129	123	116	100	100	59	24
129	123	138	100	100	49	33
129	123	135	100	100	69	14
129	123	122	100	1	99	0
129	123	132	100	90	68	26
129	123	128	100	98	64	23
129	123	133	100	100	59	29
129	123	126	100	99	64	27
129	123	121	100	99	67	17
129	123	65	100	100	59	27
129	123	131	100	52	85	2
129	82	115	91	8	75	5
129	82	117	91	100	15	65
129	82	116	91	100	28	61
129	82	138	91	100	9	64
129	82	135	91	100	13	49
129	82	122	91	1	93	0
129	82	132	91	90	62	22
129	82	128	91	98	36	25
129	82	133	91	100	18	84
129	82	126	91	99	17	71
129	82	121	91	99	5	65
129	82	65	91	100	56	33
129	82	131	91	52	69	10
129	115	117	8	100	7	72
129	115	116	8	100	1	77
129	115	138	8	100	4	68
129	115	135	8	100	3	79
129	115	122	8	1	21	0
129	115	132	8	90	7	31
129	115	128	8	98	0	85
129	115	133	8	100	6	89
129	115	126	8	99	2	76
129	115	121	8	99	1	69
129	115	65	8	100	1	76
129	115	131	8	52	6	16
129	117	116	100	100	27	66
129	117	138	100	100	35	32
129	117	135	100	100	28	14
129	117	122	100	1	100	0
129	117	132	100	90	65	21
129	117	128	100	98	54	37
129	117	133	100	100	27	63
129	117	126	100	99	30	63
129	117	121	100	99	23	35
129	117	65	100	100	64	9
129	117	131	100	52	79	4
129	116	138	100	100	56	36
129	116	135	100	100	72	17
129	116	122	100	1	98	0
129	116	132	100	90	69	10
129	116	128	100	98	63	29
129	116	133	100	100	29	48
129	116	126	100	99	56	24
129	116	121	100	99	71	32
129	116	65	100	100	71	20
129	116	131	100	52	81	8
129	138	135	100	100	36	14
129	138	122	100	1	99	0
129	138	132	100	90	67	13
129	138	128	100	98	65	21
129	138	133	100	100	26	55
129	138	126	100	99	40	45
129	138	121	100	99	18	32
129	138	65	100	100	69	16
129	138	131	100	52	86	5
129	135	122	100	1	100	0
129	135	132	100	90	74	12
129	135	128	100	98	60	31
129	135	133	100	100	16	71
129	135	126	100	99	18	68
129	135	121	100	99	17	54
129	135	65	100	100	70	19
129	135	131	100	52	79	10
129	122	132	1	90	0	92
129	122	128	1	98	0	100
129	122	133	1	100	0	100
129	122	126	1	99	0	99
129	122	121	1	99	0	100
129	122	65	1	100	0	99
129	122	131	1	52	0	60
129	132	128	90	98	11	70
129	132	133	90	100	26	66
129	132	126	90	99	21	76
129	132	121	90	99	22	73
129	132	65	90	100	19	46
129	132	131	90	52	42	13
129	128	133	98	100	12	58
129	128	126	98	99	22	64
129	128	121	98	99	17	63
129	128	65	98	100	36	8
129	128	131	98	52	73	8
129	133	126	100	99	63	31
129	133	121	100	99	57	35
129	133	65	100	100	64	26
129	133	131	100	52	83	8
129	126	121	99	99	72	12
129	126	65	99	100	76	19
129	126	131	99	52	79	7
129	121	65	99	100	72	16
129	121	131	99	52	87	9
129	65	131	100	52	46	5
130	132	138	95	100	66	22
130	132	126	95	98	59	18
130	132	137	95	100	23	70
130	132	120	95	100	55	33
130	132	133	95	53	72	16
130	138	126	100	98	59	27
130	138	137	100	100	33	54
130	138	120	100	100	14	58
130	138	133	100	53	62	18
130	126	137	98	100	19	70
130	126	120	98	100	12	76
130	126	133	98	53	71	12
130	137	120	100	100	74	24
130	137	133	100	53	72	17
130	120	133	100	53	77	9
131	135	136	100	100	69	27
131	135	124	100	87	68	21
131	135	129	100	73	74	20
131	136	124	100	87	56	29
131	136	129	100	73	77	8
131	124	129	87	73	74	11
132	130	137	93	95	54	33
132	130	117	93	91	69	17
132	130	133	93	91	68	19
132	130	115	93	96	66	20
132	130	129	93	78	64	11
132	130	119	93	75	66	18
132	130	123	93	81	70	17
132	130	121	93	95	63	10
132	130	120	93	95	59	31
132	130	118	93	94	62	14
132	137	117	95	91	18	59
132	137	133	95	91	59	29
132	137	115	95	96	67	14
132	137	129	95	78	63	11
132	137	119	95	75	75	7
132	137	123	95	81	68	20
132	137	121	95	95	63	18
132	137	120	95	95	33	68
132	137	118	95	94	70	17
132	117	133	91	91	51	31
132	117	115	91	96	59	29
132	117	129	91	78	62	25
132	117	119	91	75	60	17
132	117	123	91	81	64	24
132	117	121	91	95	69	25
132	117	120	91	95	27	66
132	117	118	91	94	58	24
132	133	115	91	96	68	10
132	133	129	91	78	53	31
132	133	119	91	75	72	22
132	133	123	91	81	69	28
132	133	121	91	95	22	45
132	133	120	91	95	12	54
132	133	118	91	94	22	56
132	115	129	96	78	47	29
132	115	119	96	75	64	18
132	115	123	96	81	35	19
132	115	121	96	95	28	56
132	115	120	96	95	17	64
132	115	118	96	94	21	70
132	129	119	78	75	29	26
132	129	123	78	81	21	29
132	129	121	78	95	19	61
132	129	120	78	95	16	69
132	129	118	78	94	15	71
132	119	123	75	81	18	35
132	119	121	75	95	14	61
132	119	120	75	95	11	74
132	119	118	75	94	13	70
132	123	121	81	95	13	71
132	123	120	81	95	17	62
132	123	118	81	94	23	68
132	121	120	95	95	24	58
132	121	118	95	94	36	58
132	120	118	95	94	52	29
133	132	130	93	58	62	15
133	132	126	93	97	20	41
133	132	123	93	100	26	66
133	132	116	93	100	14	39
133	132	138	93	100	25	62
133	132	117	93	99	36	27
133	132	121	93	99	25	29
133	132	137	93	100	25	72
133	132	118	93	100	30	59
133	132	129	93	100	25	64
133	132	119	93	96	67	23
133	132	67	93	96	15	28
133	130	126	58	97	8	80
133	130	123	58	100	12	71
133	130	116	58	100	4	73
133	130	138	58	100	13	66
133	130	117	58	99	7	70
133	130	121	58	99	10	73
133	130	137	58	100	15	81
133	130	118	58	100	2	64
133	130	129	58	100	10	78
133	130	119	58	96	6	48
133	130	67	58	96	11	73
133	126	123	97	100	24	63
133	126	116	97	100	26	23
133	126	138	97	100	31	59
133	126	117	97	99	52	26
133	126	121	97	99	34	16
133	126	137	97	100	16	70
133	126	118	97	100	22	67
133	126	129	97	100	30	64
133	126	119	97	96	61	12
133	126	67	97	96	26	15
133	123	116	100	100	72	26
133	123	138	100	100	31	42
133	123	117	100	99	64	21
133	123	121	100	99	62	11
133	123	137	100	100	19	77
133	123	118	100	100	69	25
133	123	129	100	100	34	31
133	123	119	100	96	62	26
133	123	67	100	96	67	28
133	116	138	100	100	34	63
133	116	117	100	99	61	26
133	116	121	100	99	46	26
133	116	137	100	100	16	67
133	116	118	100	100	28	56
133	116	129	100	100	26	70
133	116	119	100	96	57	30
133	116	67	100	96	31	13
133	138	117	100	99	51	37
133	138	121	100	99	60	22
133	138	137	100	100	30	56
133	138	118	100	100	49	29
133	138	129	100	100	53	32
133	138	119	100	96	63	15
133	138	67	100	96	61	15
133	117	121	99	99	32	27
133	117	137	99	100	11	60
133	117	118	99	100	30	61
133	117	129	99	100	32	62
133	117	119	99	96	62	23
133	117	67	99	96	20	22
133	121	137	99	100	12	66
133	121	118	99	100	29	55
133	121	129	99	100	27	66
133	121	119	99	96	71	22
133	121	67	99	96	13	21
133	137	118	100	100	57	40
133	137	129	100	100	66	18
133	137	119	100	96	66	15
133	137	67	100	96	65	10
133	118	129	100	100	22	71
133	118	119	100	96	57	27
133	118	67	100	96	65	12
133	129	119	100	96	73	21
133	129	67	100	96	67	16
133	119	67	96	96	14	67
135	136	129	97	81	64	15
135	136	124	97	97	68	25
135	136	131	97	99	22	63
135	136	68	97	97	63	26
135	136	122	97	98	54	27
135	136	128	97	92	60	28
135	136	127	97	90	59	28
135	129	124	81	97	11	60
135	129	131	81	99	25	62
135	129	68	81	97	21	65
135	129	122	81	98	31	59
135	129	128	81	92	25	32
135	129	127	81	90	20	58
135	124	131	97	99	27	61
135	124	68	97	97	19	14
135	124	122	97	98	42	24
135	124	128	97	92	61	18
135	124	127	97	90	31	40
135	131	68	99	97	61	19
135	131	122	99	98	69	9
135	131	128	99	92	66	14
135	131	127	99	90	63	14
135	68	122	97	98	15	13
135	68	128	97	92	43	15
135	68	127	97	90	21	50
135	122	128	98	92	59	17
135	122	127	98	90	36	48
135	128	127	92	90	26	57
136	68	135	26	99	5	84
136	68	122	26	100	6	87
136	68	127	26	99	6	84
136	68	131	26	88	11	76
136	68	124	26	95	1	82
136	68	128	26	99	4	86
136	135	122	99	100	29	61
136	135	127	99	99	56	29
136	135	131	99	88	32	41
136	135	124	99	95	61	29
136	135	128	99	99	38	27
136	122	127	100	99	56	26
136	122	131	100	88	75	13
136	122	124	100	95	66	27
136	122	128	100	99	56	30
136	127	131	99	88	13	64
136	127	124	99	95	71	25
136	127	128	99	99	35	54
136	131	124	88	95	62	32
136	131	128	88	99	40	16
136	124	128	95	99	13	62
137	130	120	99	100	65	30
137	130	133	99	100	65	25
137	130	138	99	70	81	15
137	130	132	99	96	68	27
137	130	118	99	92	68	20
137	120	133	100	100	18	63
137	120	138	100	70	80	14
137	120	132	100	96	37	64
137	120	118	100	92	62	17
137	133	138	100	70	55	21
137	133	132	100	96	70	27
137	133	118	100	92	67	17
137	138	132	70	96	7	70
137	138	118	70	92	9	53
137	132	118	96	92	56	29
138	116	130	79	100	11	74
138	116	133	79	100	23	67
138	116	117	79	78	39	22
138	116	126	79	100	20	71
138	116	115	79	87	33	16
138	116	129	79	98	25	68
138	116	137	79	61	29	5
138	116	123	79	99	26	63
138	116	118	79	81	26	25
138	130	133	100	100	25	66
138	130	117	100	78	67	9
138	130	126	100	100	30	57
138	130	115	100	87	69	10
138	130	129	100	98	73	17
138	130	137	100	61	83	8
138	130	123	100	99	60	25
138	130	118	100	81	68	13
138	133	117	100	78	64	20
138	133	126	100	100	36	57
138	133	115	100	87	66	16
138	133	129	100	98	53	32
138	133	137	100	61	83	10
138	133	123	100	99	66	19
138	133	118	100	81	66	28
138	117	126	78	100	25	64
138	117	115	78	87	20	23
138	117	129	78	98	27	60
138	117	137	78	61	64	4
138	117	123	78	99	28	67
138	117	118	78	81	24	25
138	126	115	100	87	63	12
138	126	129	100	98	76	29
138	126	137	100	61	84	10
138	126	123	100	99	80	16
138	126	118	100	81	76	21
138	115	129	87	98	27	60
138	115	137	87	61	34	10
138	115	123	87	99	25	78
138	115	118	87	81	34	21
138	129	137	98	61	69	3
138	129	123	98	99	30	52
138	129	118	98	81	71	27
138	137	123	61	99	8	79
138	137	118	61	81	22	37
138	123	118	99	81	61	25
