1	17	37	36	84	4	69
1	17	20	36	82	6	64
1	17	3	36	87	8	65
1	17	6	36	98	5	75
1	17	80	36	88	6	58
1	17	35	36	88	7	66
1	17	16	36	74	8	50
1	17	2	36	75	10	58
1	17	22	36	80	11	57
1	17	13	36	65	5	62
1	17	75	36	4	25	5
1	17	33	36	83	9	59
1	37	20	84	82	54	16
1	37	3	84	87	16	68
1	37	6	84	98	21	65
1	37	80	84	88	9	16
1	37	35	84	88	22	59
1	37	16	84	74	61	13
1	37	2	84	75	19	55
1	37	22	84	80	31	55
1	37	13	84	65	64	17
1	37	75	84	4	76	3
1	37	33	84	83	60	30
1	20	3	82	87	17	65
1	20	6	82	98	29	52
1	20	80	82	88	10	53
1	20	35	82	88	10	54
1	20	16	82	74	46	23
1	20	2	82	75	19	46
1	20	22	82	80	16	45
1	20	13	82	65	25	10
1	20	75	82	4	72	4
1	20	33	82	83	48	16
1	3	6	87	98	49	38
1	3	80	87	88	63	19
1	3	35	87	88	63	25
1	3	16	87	74	58	22
1	3	2	87	75	60	27
1	3	22	87	80	70	13
1	3	13	87	65	65	9
1	3	75	87	4	85	7
1	3	33	87	83	60	21
1	6	80	98	88	70	25
1	6	35	98	88	65	26
1	6	16	98	74	58	24
1	6	2	98	75	63	23
1	6	22	98	80	53	19
1	6	13	98	65	71	18
1	6	75	98	4	94	3
1	6	33	98	83	61	24
1	80	35	88	88	13	58
1	80	16	88	74	61	24
1	80	2	88	75	33	46
1	80	22	88	80	26	52
1	80	13	88	65	53	15
1	80	75	88	4	75	0
1	80	33	88	83	63	14
1	35	16	88	74	60	11
1	35	2	88	75	26	13
1	35	22	88	80	26	54
1	35	13	88	65	55	28
1	35	75	88	4	80	0
1	35	33	88	83	67	19
1	16	2	74	75	20	51
1	16	22	74	80	15	54
1	16	13	74	65	20	41
1	16	75	74	4	57	4
1	16	33	74	83	8	13
1	2	22	75	80	13	47
1	2	13	75	65	56	10
1	2	75	75	4	69	3
1	2	33	75	83	51	24
1	22	13	80	65	44	25
1	22	75	80	4	62	4
1	22	33	80	83	50	18
1	13	75	65	4	75	2
1	13	33	65	83	36	23
1	75	33	4	83	4	71
2	3	10	73	84	23	50
2	3	75	73	78	28	35
2	3	6	73	45	60	16
2	3	1	73	74	41	24
2	3	80	73	5	75	1
2	3	17	73	78	49	28
2	3	12	73	84	25	49
2	3	66	73	1	76	1
2	10	75	84	78	58	26
2	10	6	84	45	70	19
2	10	1	84	74	63	5
2	10	80	84	5	87	0
2	10	17	84	78	66	19
2	10	12	84	84	21	34
2	10	66	84	1	88	0
2	75	6	78	45	59	8
2	75	1	78	74	50	17
2	75	80	78	5	77	1
2	75	17	78	78	63	14
2	75	12	78	84	24	52
2	75	66	78	1	82	0
2	6	1	45	74	17	46
2	6	80	45	5	51	0
2	6	17	45	78	12	55
2	6	12	45	84	21	60
2	6	66	45	1	54	2
2	1	80	74	5	76	1
2	1	17	74	78	47	20
2	1	12	74	84	24	51
2	1	66	74	1	73	1
2	80	17	5	78	0	82
2	80	12	5	84	0	87
2	80	66	5	1	2	7
2	17	12	78	84	20	49
2	17	66	78	1	74	0
2	12	66	84	1	86	1
3	2	6	78	98	48	20
3	2	17	78	80	52	13
3	2	18	78	74	53	8
3	2	75	78	81	63	21
3	2	1	78	89	25	71
3	2	10	78	86	24	29
3	2	12	78	83	64	19
3	6	17	98	80	13	32
3	6	18	98	74	27	24
3	6	75	98	81	9	34
3	6	1	98	89	19	63
3	6	10	98	86	12	54
3	6	12	98	83	51	30
3	17	18	80	74	31	22
3	17	75	80	81	12	26
3	17	1	80	89	22	65
3	17	10	80	86	20	53
3	17	12	80	83	44	28
3	18	75	74	81	11	41
3	18	1	74	89	17	60
3	18	10	74	86	17	60
3	18	12	74	83	44	30
3	75	1	81	89	20	56
3	75	10	81	86	21	46
3	75	12	81	83	63	14
3	1	10	89	86	66	18
3	1	12	89	83	69	27
3	10	12	86	83	43	27
4	7	19	99	42	62	29
4	7	8	99	100	23	59
4	7	13	99	94	59	34
4	7	67	99	94	25	15
4	19	8	42	100	14	83
4	19	13	42	94	21	71
4	19	67	42	94	34	53
4	8	13	100	94	53	33
4	8	67	100	94	59	15
4	13	67	94	94	17	70
5	7	39	100	100	14	71
5	7	4	100	14	95	4
5	7	19	100	0	99	0
5	7	8	100	100	30	67
5	7	13	100	90	66	26
5	7	77	100	86	45	25
5	39	4	100	14	96	2
5	39	19	100	0	100	0
5	39	8	100	100	60	30
5	39	13	100	90	71	9
5	39	77	100	86	65	15
5	4	19	14	0	13	0
5	4	8	14	100	6	89
5	4	13	14	90	1	74
5	4	77	14	86	2	77
5	19	8	0	100	0	98
5	19	13	0	90	0	73
5	19	77	0	86	0	89
5	8	13	100	90	59	20
5	8	77	100	86	72	15
5	13	77	90	86	22	57
6	2	33	66	81	7	43
6	2	35	66	86	9	66
6	2	3	66	67	17	64
6	2	15	66	82	9	55
6	2	13	66	83	9	58
6	2	16	66	89	11	63
6	2	80	66	62	14	25
6	2	14	66	1	49	3
6	2	1	66	95	15	67
6	2	18	66	81	10	57
6	2	22	66	78	10	58
6	2	37	66	84	7	58
6	2	7	66	85	10	64
6	2	20	66	90	13	58
6	2	12	66	18	19	6
6	2	10	66	3	49	0
6	33	35	81	86	23	56
6	33	3	81	67	23	55
6	33	15	81	82	13	17
6	33	13	81	83	21	67
6	33	16	81	89	14	59
6	33	80	81	62	33	8
6	33	14	81	1	76	2
6	33	1	81	95	21	54
6	33	18	81	81	20	55
6	33	22	81	78	18	51
6	33	37	81	84	22	59
6	33	7	81	85	9	46
6	33	20	81	90	12	61
6	33	12	81	18	61	2
6	33	10	81	3	79	0
6	35	3	86	67	30	18
6	35	15	86	82	61	15
6	35	13	86	83	20	60
6	35	16	86	89	58	12
6	35	80	86	62	58	11
6	35	14	86	1	84	0
6	35	1	86	95	24	63
6	35	18	86	81	49	29
6	35	22	86	78	71	13
6	35	37	86	84	58	33
6	35	7	86	85	57	17
6	35	20	86	90	51	9
6	35	12	86	18	71	5
6	35	10	86	3	86	0
6	3	15	67	82	54	21
6	3	13	67	83	14	54
6	3	16	67	89	55	18
6	3	80	67	62	52	11
6	3	14	67	1	72	0
6	3	1	67	95	24	57
6	3	18	67	81	37	32
6	3	22	67	78	48	10
6	3	37	67	84	61	22
6	3	7	67	85	56	23
6	3	20	67	90	54	20
6	3	12	67	18	61	5
6	3	10	67	3	73	0
6	15	13	82	83	8	64
6	15	16	82	89	25	51
6	15	80	82	62	49	18
6	15	14	82	1	77	0
6	15	1	82	95	13	64
6	15	18	82	81	24	53
6	15	22	82	78	22	56
6	15	37	82	84	12	52
6	15	7	82	85	18	18
6	15	20	82	90	19	55
6	15	12	82	18	71	5
6	15	10	82	3	82	0
6	13	16	83	89	52	10
6	13	80	83	62	58	14
6	13	14	83	1	77	0
6	13	1	83	95	22	63
6	13	18	83	81	49	31
6	13	22	83	78	55	21
6	13	37	83	84	63	20
6	13	7	83	85	61	25
6	13	20	83	90	53	14
6	13	12	83	18	72	2
6	13	10	83	3	85	0
6	16	80	89	62	72	12
6	16	14	89	1	77	0
6	16	1	89	95	23	68
6	16	18	89	81	35	25
6	16	22	89	78	24	19
6	16	37	89	84	9	15
6	16	7	89	85	48	17
6	16	20	89	90	31	27
6	16	12	89	18	71	2
6	16	10	89	3	80	0
6	80	14	62	1	54	0
6	80	1	62	95	18	79
6	80	18	62	81	18	51
6	80	22	62	78	18	44
6	80	37	62	84	14	62
6	80	7	62	85	9	46
6	80	20	62	90	12	61
6	80	12	62	18	64	4
6	80	10	62	3	73	0
6	14	1	1	95	0	95
6	14	18	1	81	0	69
6	14	22	1	78	1	77
6	14	37	1	84	0	82
6	14	7	1	85	1	80
6	14	20	1	90	0	81
6	14	12	1	18	1	16
6	14	10	1	3	5	1
6	1	18	95	81	64	26
6	1	22	95	78	68	20
6	1	37	95	84	57	26
6	1	7	95	85	68	8
6	1	20	95	90	66	25
6	1	12	95	18	70	8
6	1	10	95	3	96	0
6	18	22	81	78	29	23
6	18	37	81	84	12	22
6	18	7	81	85	52	24
6	18	20	81	90	11	21
6	18	12	81	18	57	2
6	18	10	81	3	67	0
6	22	37	78	84	14	26
6	22	7	78	85	48	25
6	22	20	78	90	16	24
6	22	12	78	18	61	2
6	22	10	78	3	69	1
6	37	7	84	85	58	16
6	37	20	84	90	7	13
6	37	12	84	18	67	5
6	37	10	84	3	85	0
6	7	20	85	90	10	50
6	7	12	85	18	74	3
6	7	10	85	3	82	0
6	20	12	90	18	80	3
6	20	10	90	3	86	0
6	12	10	18	3	22	0
7	26	19	99	86	27	64
7	26	8	99	87	70	11
7	26	5	99	93	75	17
7	26	4	99	100	62	12
7	26	36	99	75	78	22
7	26	13	99	98	18	25
7	26	6	99	71	68	17
7	19	8	86	87	52	33
7	19	5	86	93	48	36
7	19	4	86	100	48	39
7	19	36	86	75	52	18
7	19	13	86	98	45	35
7	19	6	86	71	65	32
7	8	5	87	93	32	65
7	8	4	87	100	33	52
7	8	36	87	75	63	10
7	8	13	87	98	42	46
7	8	6	87	71	53	9
7	5	4	93	100	33	54
7	5	36	93	75	66	10
7	5	13	93	98	31	58
7	5	6	93	71	69	12
7	4	36	100	75	68	14
7	4	13	100	98	36	56
7	4	6	100	71	70	16
7	36	13	75	98	27	64
7	36	6	75	71	21	42
7	13	6	98	71	61	22
8	13	7	90	88	56	32
8	13	39	90	70	74	13
8	13	5	90	99	35	31
8	13	19	90	4	94	1
8	13	4	90	100	23	77
8	13	67	90	0	92	0
8	7	39	88	70	68	20
8	7	5	88	99	25	63
8	7	19	88	4	94	0
8	7	4	88	100	25	72
8	7	67	88	0	99	0
8	39	5	70	99	20	70
8	39	19	70	4	65	2
8	39	4	70	100	11	82
8	39	67	70	0	68	0
8	5	19	99	4	100	0
8	5	4	99	100	27	60
8	5	67	99	0	100	0
8	19	4	4	100	0	100
8	19	67	4	0	3	0
8	4	67	100	0	99	0
10	12	22	93	82	48	29
10	12	3	93	87	59	24
10	12	73	93	12	91	1
10	12	18	93	86	66	19
10	12	17	93	84	58	24
10	12	2	93	87	68	19
10	22	3	82	87	16	65
10	22	73	82	12	85	1
10	22	18	82	86	22	72
10	22	17	82	84	24	57
10	22	2	82	87	10	62
10	3	73	87	12	85	0
10	3	18	87	86	50	25
10	3	17	87	84	22	55
10	3	2	87	87	28	62
10	73	18	12	86	3	81
10	73	17	12	84	9	70
10	73	2	12	87	4	69
10	18	17	86	84	24	53
10	18	2	86	87	11	49
10	17	2	84	87	60	21
12	10	3	94	86	72	25
12	10	2	94	85	75	24
12	10	75	94	20	90	2
12	10	17	94	88	60	21
12	10	18	94	85	66	22
12	10	1	94	18	86	0
12	10	21	94	2	86	0
12	3	2	86	85	33	52
12	3	75	86	20	72	3
12	3	17	86	88	28	55
12	3	18	86	85	30	21
12	3	1	86	18	79	4
12	3	21	86	2	85	0
12	2	75	85	20	82	6
12	2	17	85	88	62	21
12	2	18	85	85	63	10
12	2	1	85	18	78	6
12	2	21	85	2	89	0
12	75	17	20	88	4	90
12	75	18	20	85	2	75
12	75	1	20	18	15	18
12	75	21	20	2	35	3
12	17	18	88	85	40	40
12	17	1	88	18	78	2
12	17	21	88	2	80	0
12	18	1	85	18	80	2
12	18	21	85	2	86	0
12	1	21	18	2	18	1
13	35	8	79	92	17	64
13	35	5	79	85	29	19
13	35	19	79	38	53	29
13	35	18	79	63	31	15
13	35	7	79	95	14	68
13	35	33	79	59	51	23
13	35	4	79	92	15	64
13	35	6	79	80	29	56
13	35	22	79	75	44	24
13	35	1	79	80	33	26
13	35	37	79	95	28	66
13	35	36	79	78	28	11
13	35	80	79	1	89	2
13	8	5	92	85	64	24
13	8	19	92	38	53	30
13	8	18	92	63	72	11
13	8	7	92	95	28	60
13	8	33	92	59	66	7
13	8	4	92	92	49	29
13	8	6	92	80	31	48
13	8	22	92	75	71	15
13	8	1	92	80	69	8
13	8	37	92	95	16	65
13	8	36	92	78	65	15
13	8	80	92	1	93	0
13	5	19	85	38	52	26
13	5	18	85	63	31	11
13	5	7	85	95	26	55
13	5	33	85	59	56	12
13	5	4	85	92	19	69
13	5	6	85	80	32	56
13	5	22	85	75	22	15
13	5	1	85	80	31	32
13	5	37	85	95	14	59
13	5	36	85	78	24	13
13	5	80	85	1	86	1
13	19	18	38	63	37	41
13	19	7	38	95	34	48
13	19	33	38	59	31	30
13	19	4	38	92	31	56
13	19	6	38	80	34	46
13	19	22	38	75	34	47
13	19	1	38	80	45	32
13	19	37	38	95	32	50
13	19	36	38	78	30	41
13	19	80	38	1	50	2
13	18	7	63	95	14	75
13	18	33	63	59	41	17
13	18	4	63	92	10	72
13	18	6	63	80	14	58
13	18	22	63	75	27	27
13	18	1	63	80	24	23
13	18	37	63	95	11	75
13	18	36	63	78	11	25
13	18	80	63	1	66	0
13	7	33	95	59	77	11
13	7	4	95	92	60	29
13	7	6	95	80	63	30
13	7	22	95	75	74	6
13	7	1	95	80	71	16
13	7	37	95	95	18	16
13	7	36	95	78	70	15
13	7	80	95	1	91	1
13	33	4	59	92	7	68
13	33	6	59	80	26	53
13	33	22	59	75	23	40
13	33	1	59	80	16	47
13	33	37	59	95	16	66
13	33	36	59	78	12	58
13	33	80	59	1	66	0
13	4	6	92	80	26	55
13	4	22	92	75	72	10
13	4	1	92	80	68	11
13	4	37	92	95	14	59
13	4	36	92	78	62	13
13	4	80	92	1	99	0
13	6	22	80	75	49	27
13	6	1	80	80	38	25
13	6	37	80	95	22	59
13	6	36	80	78	58	22
13	6	80	80	1	81	0
13	22	1	75	80	24	42
13	22	37	75	95	9	68
13	22	36	75	78	20	25
13	22	80	75	1	68	0
13	1	37	80	95	24	56
13	1	36	80	78	28	25
13	1	80	80	1	71	1
13	37	36	95	78	64	21
13	37	80	95	1	90	0
13	36	80	78	1	54	7
14	20	15	86	86	18	63
14	20	18	86	73	19	54
14	20	21	86	100	22	66
14	20	16	86	83	25	56
14	15	18	86	73	15	57
14	15	21	86	100	24	69
14	15	16	86	83	29	62
14	18	21	73	100	24	65
14	18	16	73	83	27	66
14	21	16	100	83	68	16
15	6	14	85	88	21	61
15	6	20	85	100	25	71
15	6	18	85	81	29	44
15	6	16	85	100	17	69
15	6	21	85	100	7	72
15	6	80	85	21	51	13
15	14	20	88	100	24	70
15	14	18	88	81	55	26
15	14	16	88	100	20	75
15	14	21	88	100	19	65
15	14	80	88	21	77	8
15	20	18	100	81	75	15
15	20	16	100	100	27	69
15	20	21	100	100	48	22
15	20	80	100	21	87	4
15	18	16	81	100	25	68
15	18	21	81	100	15	78
15	18	80	81	21	71	10
15	16	21	100	100	49	36
15	16	80	100	21	80	10
15	21	80	100	21	83	8
16	6	14	79	85	23	60
16	6	20	79	99	21	55
16	6	80	79	96	16	77
16	6	21	79	97	10	73
16	6	1	79	83	44	23
16	6	15	79	100	25	62
16	6	18	79	73	58	13
16	14	20	85	99	25	60
16	14	80	85	96	52	24
16	14	21	85	97	24	54
16	14	1	85	83	62	22
16	14	15	85	100	22	59
16	14	18	85	73	58	19
16	20	80	99	96	52	13
16	20	21	99	97	40	55
16	20	1	99	83	63	14
16	20	15	99	100	34	56
16	20	18	99	73	68	12
16	80	21	96	97	17	64
16	80	1	96	83	53	30
16	80	15	96	100	26	59
16	80	18	96	73	66	8
16	21	1	97	83	69	9
16	21	15	97	100	32	52
16	21	18	97	73	22	55
16	1	15	83	100	10	78
16	1	18	83	73	24	20
16	15	18	100	73	46	41
17	3	2	77	79	59	20
17	3	12	77	87	23	60
17	3	22	77	75	53	16
17	3	10	77	88	16	56
17	3	18	77	69	53	14
17	3	1	77	26	55	9
17	2	12	79	87	23	51
17	2	22	79	75	4	16
17	2	10	79	88	16	68
17	2	18	79	69	45	9
17	2	1	79	26	65	10
17	12	22	87	75	65	13
17	12	10	87	88	21	60
17	12	18	87	69	59	17
17	12	1	87	26	63	12
17	22	10	75	88	26	61
17	22	18	75	69	55	21
17	22	1	75	26	59	4
17	10	18	88	69	53	18
17	10	1	88	26	70	8
17	18	1	69	26	43	14
18	14	22	80	90	10	67
18	14	16	80	77	56	24
18	14	6	80	76	60	18
18	14	12	80	86	62	18
18	14	17	80	66	58	17
18	14	15	80	81	55	28
18	14	13	80	69	49	16
18	14	10	80	88	15	43
18	14	80	80	44	70	3
18	14	35	80	60	64	23
18	14	3	80	76	44	20
18	22	16	90	77	61	9
18	22	6	90	76	64	20
18	22	12	90	86	62	15
18	22	17	90	66	67	14
18	22	15	90	81	67	14
18	22	13	90	69	50	16
18	22	10	90	88	62	26
18	22	80	90	44	72	2
18	22	35	90	60	60	13
18	22	3	90	76	67	13
18	16	6	77	76	23	45
18	16	12	77	86	22	59
18	16	17	77	66	22	16
18	16	15	77	81	20	42
18	16	13	77	69	30	22
18	16	10	77	88	21	56
18	16	80	77	44	57	12
18	16	35	77	60	50	9
18	16	3	77	76	19	46
18	6	12	76	86	26	27
18	6	17	76	66	48	9
18	6	15	76	81	34	32
18	6	13	76	69	48	22
18	6	10	76	88	18	59
18	6	80	76	44	50	11
18	6	35	76	60	54	16
18	6	3	76	76	15	56
18	12	17	86	66	53	15
18	12	15	86	81	21	23
18	12	13	86	69	58	9
18	12	10	86	88	23	57
18	12	80	86	44	67	8
18	12	35	86	60	62	11
18	12	3	86	76	28	46
18	17	15	66	81	11	58
18	17	13	66	69	10	10
18	17	10	66	88	14	62
18	17	80	66	44	37	8
18	17	35	66	60	26	16
18	17	3	66	76	12	56
18	15	13	81	69	57	7
18	15	10	81	88	26	62
18	15	80	81	44	63	7
18	15	35	81	60	69	5
18	15	3	81	76	19	50
18	13	10	69	88	8	55
18	13	80	69	44	35	10
18	13	35	69	60	45	14
18	13	3	69	76	8	53
18	10	80	88	44	72	4
18	10	35	88	60	74	16
18	10	3	88	76	50	21
18	80	35	44	60	15	32
18	80	3	44	76	5	67
18	35	3	60	76	13	51
19	7	13	75	49	29	10
20	16	14	95	81	62	22
20	16	1	95	83	59	22
20	16	6	95	89	68	21
20	16	15	95	100	33	57
20	16	21	95	89	58	29
20	14	1	81	83	19	43
20	14	6	81	89	25	54
20	14	15	81	100	24	63
20	14	21	81	89	26	66
20	1	6	83	89	28	49
20	1	15	83	100	14	71
20	1	21	83	89	15	63
20	6	15	89	100	23	66
20	6	21	89	89	17	63
20	15	21	100	89	62	29
21	18	20	88	88	63	20
21	18	22	88	63	48	27
21	18	16	88	97	37	38
21	18	15	88	100	27	54
21	18	14	88	100	24	70
21	18	12	88	3	86	0
21	20	22	88	63	67	10
21	20	16	88	97	29	47
21	20	15	88	100	29	57
21	20	14	88	100	29	61
21	20	12	88	3	81	0
21	22	16	63	97	10	79
21	22	15	63	100	5	75
21	22	14	63	100	10	74
21	22	12	63	3	66	0
21	16	15	97	100	21	55
21	16	14	97	100	24	58
21	16	12	97	3	93	0
21	15	14	100	100	28	68
21	15	12	100	3	98	0
21	14	12	100	3	97	0
22	17	18	79	90	20	58
22	17	1	79	74	14	59
22	17	35	79	78	54	20
22	17	10	79	87	50	27
22	17	6	79	75	16	34
22	17	21	79	67	57	6
22	17	13	79	81	56	11
22	17	80	79	2	75	0
22	18	1	90	74	61	17
22	18	35	90	78	75	25
22	18	10	90	87	55	25
22	18	6	90	75	52	23
22	18	21	90	67	41	28
22	18	13	90	81	63	24
22	18	80	90	2	87	0
22	1	35	74	78	57	30
22	1	10	74	87	52	11
22	1	6	74	75	51	15
22	1	21	74	67	54	11
22	1	13	74	81	62	23
22	1	80	74	2	67	1
22	35	10	78	87	20	33
22	35	6	78	75	31	47
22	35	21	78	67	21	14
22	35	13	78	81	24	23
22	35	80	78	2	70	2
22	10	6	87	75	23	56
22	10	21	87	67	34	7
22	10	13	87	81	28	16
22	10	80	87	2	85	1
22	6	21	75	67	61	13
22	6	13	75	81	46	26
22	6	80	75	2	75	3
22	21	13	67	81	8	18
22	21	80	67	2	65	1
22	13	80	81	2	64	2
24	27	31	88	100	20	71
24	27	54	88	74	57	17
24	31	54	100	74	71	20
25	28	35	95	90	57	30
25	28	44	95	84	66	15
25	28	36	95	74	76	11
25	28	31	95	77	71	14
25	28	53	95	97	61	25
25	28	38	95	58	76	15
25	35	44	90	84	61	21
25	35	36	90	74	62	16
25	35	31	90	77	60	12
25	35	53	90	97	13	58
25	35	38	90	58	59	13
25	44	36	84	74	61	11
25	44	31	84	77	47	25
25	44	53	84	97	16	68
25	44	38	84	58	55	18
25	36	31	74	77	17	26
25	36	53	74	97	14	75
25	36	38	74	58	39	27
25	31	53	77	97	25	69
25	31	38	77	58	52	17
25	53	38	97	58	73	7
26	7	37	99	95	71	9
26	7	57	99	92	73	17
26	7	36	99	100	58	29
26	7	39	99	89	66	13
26	7	58	99	68	84	10
26	37	57	95	92	69	17
26	37	36	95	100	29	46
26	37	39	95	89	59	29
26	37	58	95	68	74	23
26	57	36	92	100	12	64
26	57	39	92	89	31	28
26	57	58	92	68	48	14
26	36	39	100	89	61	37
26	36	58	100	68	74	14
26	39	58	89	68	29	11
27	52	46	68	78	45	21
27	52	41	68	86	24	50
27	52	40	68	75	35	16
27	52	43	68	24	56	4
27	52	42	68	98	20	73
27	52	30	68	82	53	27
27	52	38	68	74	44	15
27	52	24	68	74	9	66
27	52	31	68	100	12	76
27	52	45	68	88	14	51
27	46	41	78	86	19	66
27	46	40	78	75	24	27
27	46	43	78	24	57	7
27	46	42	78	98	21	66
27	46	30	78	82	27	21
27	46	38	78	74	16	19
27	46	24	78	74	11	69
27	46	31	78	100	9	69
27	46	45	78	88	17	63
27	41	40	86	75	61	13
27	41	43	86	24	66	8
27	41	42	86	98	26	60
27	41	30	86	82	62	16
27	41	38	86	74	54	8
27	41	24	86	74	55	12
27	41	31	86	100	12	71
27	41	45	86	88	27	67
27	40	43	75	24	57	4
27	40	42	75	98	25	66
27	40	30	75	82	51	17
27	40	38	75	74	27	8
27	40	24	75	74	30	52
27	40	31	75	100	8	72
27	40	45	75	88	26	66
27	43	42	24	98	6	78
27	43	30	24	82	5	50
27	43	38	24	74	7	44
27	43	24	24	74	3	76
27	43	31	24	100	2	86
27	43	45	24	88	7	84
27	42	30	98	82	71	23
27	42	38	98	74	71	13
27	42	24	98	74	67	14
27	42	31	98	100	25	29
27	42	45	98	88	44	31
27	30	38	82	74	27	23
27	30	24	82	74	15	68
27	30	31	82	100	11	70
27	30	45	82	88	20	71
27	38	24	74	74	14	65
27	38	31	74	100	10	75
27	38	45	74	88	17	63
27	24	31	74	100	29	67
27	24	45	74	88	15	51
27	31	45	100	88	53	15
28	35	58	70	89	10	45
28	35	37	70	17	76	1
28	35	53	70	81	57	16
28	35	38	70	75	29	51
28	35	25	70	99	18	70
28	58	37	89	17	75	9
28	58	53	89	81	63	18
28	58	38	89	75	26	46
28	58	25	89	99	16	74
28	37	53	17	81	4	80
28	37	38	17	75	6	61
28	37	25	17	99	2	82
28	53	38	81	75	21	57
28	53	25	81	99	30	50
28	38	25	75	99	17	74
30	38	78	85	24	80	3
30	38	27	85	72	61	18
30	38	36	85	0	77	1
30	38	43	85	87	52	23
30	38	55	85	90	31	26
30	38	48	85	100	25	62
30	38	42	85	81	60	19
30	78	27	24	72	4	58
30	78	36	24	0	20	4
30	78	43	24	87	1	80
30	78	55	24	90	2	93
30	78	48	24	100	6	90
30	78	42	24	81	6	74
30	27	36	72	0	55	1
30	27	43	72	87	24	55
30	27	55	72	90	13	82
30	27	48	72	100	17	77
30	27	42	72	81	19	58
30	36	43	0	87	2	84
30	36	55	0	90	1	96
30	36	48	0	100	1	100
30	36	42	0	81	1	87
30	43	55	87	90	26	43
30	43	48	87	100	26	73
30	43	42	87	81	51	29
30	55	48	90	100	28	64
30	55	42	90	81	70	25
30	48	42	100	81	84	17
31	60	25	92	79	67	19
31	60	53	92	100	19	61
31	60	58	92	70	69	9
31	60	32	92	79	60	25
31	60	24	92	100	11	65
31	60	54	92	89	41	34
31	60	27	92	100	16	63
31	60	50	92	26	90	5
31	60	33	92	55	70	9
31	25	53	79	100	21	75
31	25	58	79	70	49	12
31	25	32	79	79	14	23
31	25	24	79	100	31	64
31	25	54	79	89	9	70
31	25	27	79	100	11	75
31	25	50	79	26	70	0
31	25	33	79	55	59	6
31	53	58	100	70	66	18
31	53	32	100	79	65	8
31	53	24	100	100	32	65
31	53	54	100	89	71	15
31	53	27	100	100	14	74
31	53	50	100	26	83	6
31	53	33	100	55	78	7
31	58	32	70	79	13	36
31	58	24	70	100	6	74
31	58	54	70	89	13	73
31	58	27	70	100	18	82
31	58	50	70	26	38	1
31	58	33	70	55	25	18
31	32	24	79	100	27	70
31	32	54	79	89	20	56
31	32	27	79	100	10	68
31	32	50	79	26	69	2
31	32	33	79	55	53	10
31	24	54	100	89	67	28
31	24	27	100	100	30	63
31	24	50	100	26	76	6
31	24	33	100	55	78	3
31	54	27	89	100	10	64
31	54	50	89	26	75	7
31	54	33	89	55	69	8
31	27	50	100	26	92	2
31	27	33	100	55	72	6
31	50	33	26	55	5	34
32	50	54	68	87	36	49
32	50	34	68	100	29	72
32	50	60	68	100	26	68
32	50	31	68	78	55	25
32	54	34	87	100	39	60
32	54	60	87	100	34	43
32	54	31	87	78	62	25
32	34	60	100	100	52	41
32	34	31	100	78	77	17
32	60	31	100	78	74	18
33	6	35	88	94	19	63
33	6	1	88	87	17	46
33	6	60	88	89	25	19
33	6	37	88	69	44	17
33	6	13	88	51	44	17
33	6	31	88	52	53	19
33	6	50	88	1	83	1
33	35	1	94	87	67	17
33	35	60	94	89	73	26
33	35	37	94	69	69	13
33	35	13	94	51	76	12
33	35	31	94	52	81	5
33	35	50	94	1	97	0
33	1	60	87	89	50	24
33	1	37	87	69	58	18
33	1	13	87	51	61	22
33	1	31	87	52	61	9
33	1	50	87	1	87	1
33	60	37	89	69	30	18
33	60	13	89	51	41	18
33	60	31	89	52	49	17
33	60	50	89	1	79	0
33	37	13	69	51	37	17
33	37	31	69	52	24	15
33	37	50	69	1	63	1
33	13	31	51	52	21	21
33	13	50	51	1	49	0
33	31	50	52	1	46	0
34	32	50	100	100	63	19
34	32	54	100	100	69	25
34	32	60	100	99	66	28
34	50	54	100	100	68	26
34	50	60	100	99	45	32
34	54	60	100	99	30	61
35	33	59	98	93	25	16
35	33	36	98	93	31	65
35	33	13	98	79	48	25
35	33	37	98	90	31	28
35	33	28	98	82	32	19
35	33	60	98	64	66	19
35	33	25	98	84	25	58
35	33	22	98	77	60	12
35	33	38	98	84	24	14
35	33	6	98	79	33	53
35	33	18	98	55	73	9
35	33	39	98	40	82	6
35	33	1	98	82	33	49
35	59	36	93	93	13	62
35	59	13	93	79	61	11
35	59	37	93	90	36	28
35	59	28	93	82	24	53
35	59	60	93	64	32	28
35	59	25	93	84	17	58
35	59	22	93	77	34	24
35	59	38	93	84	24	57
35	59	6	93	79	25	48
35	59	18	93	55	55	9
35	59	39	93	40	57	7
35	59	1	93	82	28	51
35	36	13	93	79	78	15
35	36	37	93	90	54	27
35	36	28	93	82	65	18
35	36	60	93	64	70	13
35	36	25	93	84	54	28
35	36	22	93	77	69	16
35	36	38	93	84	66	22
35	36	6	93	79	31	22
35	36	18	93	55	77	3
35	36	39	93	40	66	11
35	36	1	93	82	25	68
35	13	37	79	90	21	46
35	13	28	79	82	31	45
35	13	60	79	64	34	28
35	13	25	79	84	24	50
35	13	22	79	77	43	23
35	13	38	79	84	27	26
35	13	6	79	79	24	56
35	13	18	79	55	35	26
35	13	39	79	40	69	11
35	13	1	79	82	23	57
35	37	28	90	82	36	37
35	37	60	90	64	62	18
35	37	25	90	84	24	55
35	37	22	90	77	41	13
35	37	38	90	84	28	33
35	37	6	90	79	28	48
35	37	18	90	55	57	9
35	37	39	90	40	76	7
35	37	1	90	82	29	59
35	28	60	82	64	61	22
35	28	25	82	84	14	50
35	28	22	82	77	60	25
35	28	38	82	84	44	20
35	28	6	82	79	27	58
35	28	18	82	55	71	12
35	28	39	82	40	72	3
35	28	1	82	82	22	57
35	60	25	64	84	25	60
35	60	22	64	77	19	23
35	60	38	64	84	19	53
35	60	6	64	79	24	61
35	60	18	64	55	38	7
35	60	39	64	40	47	12
35	60	1	64	82	23	64
35	25	22	84	77	50	22
35	25	38	84	84	51	32
35	25	6	84	79	29	59
35	25	18	84	55	73	15
35	25	39	84	40	61	7
35	25	1	84	82	28	71
35	22	38	77	84	17	46
35	22	6	77	79	26	58
35	22	18	77	55	47	11
35	22	39	77	40	44	11
35	22	1	77	82	24	49
35	38	6	84	79	25	60
35	38	18	84	55	66	12
35	38	39	84	40	64	12
35	38	1	84	82	24	69
35	6	18	79	55	59	14
35	6	39	79	40	63	8
35	6	1	79	82	23	64
35	18	39	55	40	17	25
35	18	1	55	82	10	65
35	39	1	40	82	8	68
36	58	7	99	78	67	9
36	58	39	99	100	16	67
36	58	26	99	97	35	34
36	58	25	99	75	73	9
36	58	35	99	94	20	17
36	58	38	99	87	28	59
36	58	13	99	73	60	5
36	58	1	99	0	96	0
36	58	30	99	8	94	0
36	58	37	99	87	60	24
36	7	39	78	100	22	67
36	7	26	78	97	27	61
36	7	25	78	75	28	17
36	7	35	78	94	15	61
36	7	38	78	87	23	68
36	7	13	78	73	35	34
36	7	1	78	0	87	0
36	7	30	78	8	75	1
36	7	37	78	87	13	60
36	39	26	100	97	54	35
36	39	25	100	75	75	12
36	39	35	100	94	54	36
36	39	38	100	87	25	61
36	39	13	100	73	74	9
36	39	1	100	0	100	0
36	39	30	100	8	97	0
36	39	37	100	87	58	34
36	26	25	97	75	71	8
36	26	35	97	94	16	17
36	26	38	97	87	30	59
36	26	13	97	73	72	4
36	26	1	97	0	98	1
36	26	30	97	8	94	1
36	26	37	97	87	57	17
36	25	35	75	94	18	69
36	25	38	75	87	17	62
36	25	13	75	73	21	28
36	25	1	75	0	71	0
36	25	30	75	8	73	3
36	25	37	75	87	15	55
36	35	38	94	87	37	56
36	35	13	94	73	58	22
36	35	1	94	0	100	0
36	35	30	94	8	89	1
36	35	37	94	87	67	19
36	38	13	87	73	61	21
36	38	1	87	0	86	0
36	38	30	87	8	86	0
36	38	37	87	87	63	24
36	13	1	73	0	81	0
36	13	30	73	8	74	1
36	13	37	73	87	15	55
36	1	30	0	8	3	3
36	1	37	0	87	0	95
36	30	37	8	87	0	75
37	1	6	79	83	36	20
37	1	39	79	92	50	21
37	1	38	79	82	20	64
37	1	33	79	60	53	21
37	1	28	79	24	70	5
37	1	13	79	97	19	63
37	1	35	79	83	56	34
37	1	36	79	87	63	21
37	1	26	79	99	18	31
37	1	59	79	93	53	17
37	1	27	79	10	74	8
37	6	39	83	92	58	26
37	6	38	83	82	26	62
37	6	33	83	60	60	9
37	6	28	83	24	71	4
37	6	13	83	97	29	54
37	6	35	83	83	31	37
37	6	36	83	87	33	22
37	6	26	83	99	14	44
37	6	59	83	93	57	22
37	6	27	83	10	72	5
37	39	38	92	82	29	56
37	39	33	92	60	65	10
37	39	28	92	24	68	2
37	39	13	92	97	18	64
37	39	35	92	83	31	52
37	39	36	92	87	27	61
37	39	26	92	99	30	65
37	39	59	92	93	19	15
37	39	27	92	10	78	1
37	38	33	82	60	65	14
37	38	28	82	24	67	2
37	38	13	82	97	17	71
37	38	35	82	83	59	26
37	38	36	82	87	54	26
37	38	26	82	99	52	26
37	38	59	82	93	62	25
37	38	27	82	10	73	4
37	33	28	60	24	37	4
37	33	13	60	97	7	82
37	33	35	60	83	13	66
37	33	36	60	87	14	70
37	33	26	60	99	8	72
37	33	59	60	93	11	38
37	33	27	60	10	23	7
37	28	13	24	97	5	83
37	28	35	24	83	4	69
37	28	36	24	87	1	86
37	28	26	24	99	2	84
37	28	59	24	93	3	57
37	28	27	24	10	12	13
37	13	35	97	83	57	26
37	13	36	97	87	66	16
37	13	26	97	99	59	15
37	13	59	97	93	67	15
37	13	27	97	10	92	3
37	35	36	83	87	31	32
37	35	26	83	99	20	65
37	35	59	83	93	63	23
37	35	27	83	10	90	4
37	36	26	87	99	33	62
37	36	59	87	93	58	18
37	36	27	87	10	84	3
37	26	59	99	93	60	13
37	26	27	99	10	89	1
37	59	27	93	10	65	2
38	27	35	74	85	16	57
38	27	44	74	85	25	42
38	27	28	74	74	10	52
38	27	30	74	89	19	64
38	27	39	74	91	8	68
38	27	37	74	72	20	68
38	27	43	74	78	22	43
38	27	36	74	90	11	61
38	27	25	74	57	16	11
38	27	48	74	66	15	28
38	35	44	85	85	22	53
38	35	28	85	74	36	53
38	35	30	85	89	14	57
38	35	39	85	91	21	63
38	35	37	85	72	27	53
38	35	43	85	78	19	63
38	35	36	85	90	30	51
38	35	25	85	57	57	19
38	35	48	85	66	28	14
38	44	28	85	74	11	59
38	44	30	85	89	13	65
38	44	39	85	91	9	68
38	44	37	85	72	16	53
38	44	43	85	78	17	35
38	44	36	85	90	14	72
38	44	25	85	57	61	15
38	44	48	85	66	58	8
38	28	30	74	89	17	21
38	28	39	74	91	10	58
38	28	37	74	72	47	30
38	28	43	74	78	47	12
38	28	36	74	90	15	61
38	28	25	74	57	55	13
38	28	48	74	66	51	12
38	30	39	89	91	16	64
38	30	37	89	72	29	16
38	30	43	89	78	54	16
38	30	36	89	90	15	58
38	30	25	89	57	67	8
38	30	48	89	66	53	24
38	39	37	91	72	59	23
38	39	43	91	78	60	14
38	39	36	91	90	23	53
38	39	25	91	57	60	4
38	39	48	91	66	59	14
38	37	43	72	78	55	11
38	37	36	72	90	23	50
38	37	25	72	57	61	8
38	37	48	72	66	60	11
38	43	36	78	90	12	71
38	43	25	78	57	58	7
38	43	48	78	66	36	21
38	36	25	90	57	72	11
38	36	48	90	66	64	13
38	25	48	57	66	6	37
39	38	37	89	95	47	41
39	38	57	89	100	41	27
39	38	36	89	100	61	36
39	38	5	89	100	10	74
39	38	8	89	1	68	15
39	38	26	89	84	56	20
39	38	35	89	33	60	13
39	37	57	95	100	13	71
39	37	36	95	100	29	66
39	37	5	95	100	17	73
39	37	8	95	1	61	3
39	37	26	95	84	26	32
39	37	35	95	33	55	13
39	57	36	100	100	38	16
39	57	5	100	100	17	70
39	57	8	100	1	96	5
39	57	26	100	84	58	30
39	57	35	100	33	81	13
39	36	5	100	100	11	66
39	36	8	100	1	96	2
39	36	26	100	84	63	30
39	36	35	100	33	72	9
39	5	8	100	1	100	0
39	5	26	100	84	77	18
39	5	35	100	33	85	7
39	8	26	1	84	15	48
39	8	35	1	33	24	13
39	26	35	84	33	48	3
40	69	52	77	100	11	72
40	69	41	77	100	13	69
40	69	27	77	74	49	22
40	69	42	77	78	30	47
40	69	60	77	89	12	66
40	69	43	77	79	49	30
40	69	50	77	79	61	16
40	69	48	77	88	24	62
40	69	45	77	100	20	62
40	69	54	77	85	14	69
40	69	55	77	84	33	25
40	69	47	77	85	57	13
40	69	46	77	87	24	44
40	69	44	77	72	60	17
40	52	41	100	100	73	24
40	52	27	100	74	81	16
40	52	42	100	78	59	26
40	52	60	100	89	71	22
40	52	43	100	79	69	15
40	52	50	100	79	63	20
40	52	48	100	88	65	23
40	52	45	100	100	31	61
40	52	54	100	85	63	24
40	52	55	100	84	77	13
40	52	47	100	85	61	25
40	52	46	100	87	59	28
40	52	44	100	72	83	9
40	41	27	100	74	62	19
40	41	42	100	78	57	27
40	41	60	100	89	74	27
40	41	43	100	79	69	25
40	41	50	100	79	75	20
40	41	48	100	88	60	25
40	41	45	100	100	30	67
40	41	54	100	85	56	26
40	41	55	100	84	66	20
40	41	47	100	85	53	26
40	41	46	100	87	60	25
40	41	44	100	72	60	21
40	27	42	74	78	14	52
40	27	60	74	89	11	63
40	27	43	74	79	19	62
40	27	50	74	79	13	51
40	27	48	74	88	9	60
40	27	45	74	100	17	73
40	27	54	74	85	11	66
40	27	55	74	84	11	56
40	27	47	74	85	6	23
40	27	46	74	87	19	56
40	27	44	74	72	26	13
40	42	60	78	89	25	53
40	42	43	78	79	51	25
40	42	50	78	79	50	32
40	42	48	78	88	19	65
40	42	45	78	100	26	64
40	42	54	78	85	22	52
40	42	55	78	84	58	25
40	42	47	78	85	39	15
40	42	46	78	87	28	47
40	42	44	78	72	46	18
40	60	43	89	79	68	7
40	60	50	89	79	72	19
40	60	48	89	88	40	14
40	60	45	89	100	19	54
40	60	54	89	85	26	18
40	60	55	89	84	62	14
40	60	47	89	85	74	9
40	60	46	89	87	47	21
40	60	44	89	72	72	16
40	43	50	79	79	39	19
40	43	48	79	88	17	68
40	43	45	79	100	21	64
40	43	54	79	85	16	70
40	43	55	79	84	19	59
40	43	47	79	85	47	23
40	43	46	79	87	17	61
40	43	44	79	72	50	18
40	50	48	79	88	11	65
40	50	45	79	100	16	74
40	50	54	79	85	15	46
40	50	55	79	84	15	63
40	50	47	79	85	39	36
40	50	46	79	87	17	52
40	50	44	79	72	53	22
40	48	45	88	100	18	64
40	48	54	88	85	10	21
40	48	55	88	84	63	28
40	48	47	88	85	54	17
40	48	46	88	87	17	17
40	48	44	88	72	61	3
40	45	54	100	85	56	28
40	45	55	100	84	63	26
40	45	47	100	85	64	23
40	45	46	100	87	68	24
40	45	44	100	72	72	7
40	54	55	85	84	72	15
40	54	47	85	85	48	28
40	54	46	85	87	33	21
40	54	44	85	72	63	17
40	55	47	84	85	49	18
40	55	46	84	87	20	50
40	55	44	84	72	67	11
40	47	46	85	87	29	59
40	47	44	85	72	44	3
40	46	44	87	72	70	10
42	46	55	91	92	52	27
42	46	78	91	41	88	0
42	46	52	91	79	69	14
42	46	44	91	82	74	14
42	46	43	91	100	21	63
42	46	84	91	48	82	12
42	46	27	91	100	22	61
42	46	47	91	68	65	16
42	46	30	91	80	66	15
42	46	45	91	89	28	60
42	46	54	91	24	78	6
42	46	69	91	81	63	15
42	46	40	91	78	40	17
42	46	41	91	100	26	62
42	46	50	91	80	71	18
42	46	48	91	100	15	66
42	46	60	91	1	95	0
42	46	65	91	0	96	0
42	46	83	91	0	96	0
42	55	78	92	41	71	8
42	55	52	92	79	59	10
42	55	44	92	82	61	16
42	55	43	92	100	27	68
42	55	84	92	48	78	7
42	55	27	92	100	26	57
42	55	47	92	68	62	12
42	55	30	92	80	58	25
42	55	45	92	89	30	70
42	55	54	92	24	80	4
42	55	69	92	81	59	21
42	55	40	92	78	32	29
42	55	41	92	100	30	65
42	55	50	92	80	69	13
42	55	48	92	100	28	62
42	55	60	92	1	88	0
42	55	65	92	0	94	0
42	55	83	92	0	91	0
42	78	52	41	79	12	68
42	78	44	41	82	8	74
42	78	43	41	100	6	75
42	78	84	41	48	13	24
42	78	27	41	100	4	81
42	78	47	41	68	8	63
42	78	30	41	80	6	71
42	78	45	41	89	14	72
42	78	54	41	24	15	19
42	78	69	41	81	12	64
42	78	40	41	78	9	68
42	78	41	41	100	5	82
42	78	50	41	80	10	59
42	78	48	41	100	13	80
42	78	60	41	1	31	1
42	78	65	41	0	43	0
42	78	83	41	0	30	0
42	52	44	79	82	23	28
42	52	43	79	100	17	77
42	52	84	79	48	55	15
42	52	27	79	100	28	64
42	52	47	79	68	49	24
42	52	30	79	80	44	29
42	52	45	79	89	22	57
42	52	54	79	24	60	6
42	52	69	79	81	59	31
42	52	40	79	78	26	49
42	52	41	79	100	21	67
42	52	50	79	80	50	17
42	52	48	79	100	24	63
42	52	60	79	1	75	1
42	52	65	79	0	79	0
42	52	83	79	0	77	0
42	44	43	82	100	23	59
42	44	84	82	48	65	10
42	44	27	82	100	23	76
42	44	47	82	68	53	23
42	44	30	82	80	64	15
42	44	45	82	89	19	63
42	44	54	82	24	66	6
42	44	69	82	81	61	16
42	44	40	82	78	18	42
42	44	41	82	100	25	73
42	44	50	82	80	49	27
42	44	48	82	100	8	70
42	44	60	82	1	76	0
42	44	65	82	0	86	0
42	44	83	82	0	86	0
42	43	84	100	48	81	9
42	43	27	100	100	69	24
42	43	47	100	68	76	9
42	43	30	100	80	57	28
42	43	45	100	89	71	24
42	43	54	100	24	83	3
42	43	69	100	81	58	23
42	43	40	100	78	72	22
42	43	41	100	100	70	29
42	43	50	100	80	73	28
42	43	48	100	100	69	27
42	43	60	100	1	96	1
42	43	65	100	0	100	0
42	43	83	100	0	100	0
42	84	27	48	100	7	85
42	84	47	48	68	11	51
42	84	30	48	80	3	79
42	84	45	48	89	13	75
42	84	54	48	24	33	5
42	84	69	48	81	17	47
42	84	40	48	78	14	71
42	84	41	48	100	3	82
42	84	50	48	80	18	58
42	84	48	48	100	12	80
42	84	60	48	1	43	2
42	84	65	48	0	41	0
42	84	83	48	0	52	0
42	27	47	100	68	77	10
42	27	30	100	80	54	31
42	27	45	100	89	28	31
42	27	54	100	24	87	3
42	27	69	100	81	69	13
42	27	40	100	78	54	21
42	27	41	100	100	35	40
42	27	50	100	80	81	20
42	27	48	100	100	12	30
42	27	60	100	1	94	0
42	27	65	100	0	100	0
42	27	83	100	0	100	0
42	47	30	68	80	11	52
42	47	45	68	89	26	62
42	47	54	68	24	50	11
42	47	69	68	81	17	45
42	47	40	68	78	19	60
42	47	41	68	100	22	65
42	47	50	68	80	46	19
42	47	48	68	100	8	69
42	47	60	68	1	62	6
42	47	65	68	0	68	0
42	47	83	68	0	53	0
42	30	45	80	89	10	64
42	30	54	80	24	70	6
42	30	69	80	81	22	11
42	30	40	80	78	25	55
42	30	41	80	100	20	70
42	30	50	80	80	25	11
42	30	48	80	100	20	66
42	30	60	80	1	82	0
42	30	65	80	0	85	0
42	30	83	80	0	86	0
42	45	54	89	24	95	0
42	45	69	89	81	66	20
42	45	40	89	78	47	28
42	45	41	89	100	31	34
42	45	50	89	80	51	31
42	45	48	89	100	31	49
42	45	60	89	1	70	15
42	45	65	89	0	90	0
42	45	83	89	0	93	0
42	54	69	24	81	0	76
42	54	40	24	78	0	81
42	54	41	24	100	0	99
42	54	50	24	80	4	67
42	54	48	24	100	1	83
42	54	60	24	1	32	1
42	54	65	24	0	16	0
42	54	83	24	0	18	0
42	69	40	81	78	34	42
42	69	41	81	100	16	68
42	69	50	81	80	27	23
42	69	48	81	100	26	63
42	69	60	81	1	76	1
42	69	65	81	0	79	0
42	69	83	81	0	79	0
42	40	41	78	100	22	67
42	40	50	78	80	53	21
42	40	48	78	100	29	63
42	40	60	78	1	70	4
42	40	65	78	0	83	0
42	40	83	78	0	76	0
42	41	50	100	80	63	26
42	41	48	100	100	32	35
42	41	60	100	1	93	1
42	41	65	100	0	98	0
42	41	83	100	0	97	0
42	50	48	80	100	11	69
42	50	60	80	1	70	0
42	50	65	80	0	60	0
42	50	83	80	0	79	0
42	48	60	100	1	96	0
42	48	65	100	0	99	0
42	48	83	100	0	100	0
42	60	65	1	0	5	0
42	60	83	1	0	3	0
42	65	83	0	0	0	0
43	50	78	62	84	11	53
43	50	55	62	99	9	72
43	50	42	62	100	16	69
43	50	52	62	73	20	45
43	50	48	62	100	13	75
43	50	40	62	74	21	43
43	50	41	62	89	20	58
43	50	46	62	77	12	58
43	50	30	62	89	14	66
43	50	38	62	77	12	52
43	50	44	62	73	23	22
43	50	69	62	64	32	17
43	50	54	62	57	42	17
43	50	45	62	72	16	47
43	50	77	62	3	62	1
43	50	27	62	25	51	0
43	78	55	84	99	8	49
43	78	42	84	100	17	73
43	78	52	84	73	30	19
43	78	48	84	100	25	59
43	78	40	84	74	30	7
43	78	41	84	89	24	58
43	78	46	84	77	20	9
43	78	30	84	89	22	58
43	78	38	84	77	24	34
43	78	44	84	73	60	17
43	78	69	84	64	65	14
43	78	54	84	57	60	7
43	78	45	84	72	44	39
43	78	77	84	3	83	0
43	78	27	84	25	64	1
43	55	42	99	100	24	69
43	55	52	99	73	73	9
43	55	48	99	100	30	70
43	55	40	99	74	65	21
43	55	41	99	89	58	25
43	55	46	99	77	66	9
43	55	30	99	89	67	24
43	55	38	99	77	72	10
43	55	44	99	73	79	15
43	55	69	99	64	66	21
43	55	54	99	57	78	9
43	55	45	99	72	58	22
43	55	77	99	3	89	0
43	55	27	99	25	87	3
43	42	52	100	73	63	26
43	42	48	100	100	27	64
43	42	40	100	74	66	18
43	42	41	100	89	59	26
43	42	46	100	77	67	27
43	42	30	100	89	68	30
43	42	38	100	77	67	11
43	42	44	100	73	76	22
43	42	69	100	64	71	15
43	42	54	100	57	67	10
43	42	45	100	72	65	28
43	42	77	100	3	99	0
43	42	27	100	25	86	5
43	52	48	73	100	25	63
43	52	40	73	74	48	15
43	52	41	73	89	22	61
43	52	46	73	77	41	31
43	52	30	73	89	8	44
43	52	38	73	77	14	16
43	52	44	73	73	57	21
43	52	69	73	64	50	25
43	52	54	73	57	64	17
43	52	45	73	72	25	43
43	52	77	73	3	75	1
43	52	27	73	25	56	3
43	48	40	100	74	80	19
43	48	41	100	89	72	23
43	48	46	100	77	55	13
43	48	30	100	89	65	23
43	48	38	100	77	53	22
43	48	44	100	73	75	10
43	48	69	100	64	73	15
43	48	54	100	57	72	9
43	48	45	100	72	69	27
43	48	77	100	3	99	1
43	48	27	100	25	83	7
43	40	41	74	89	18	59
43	40	46	74	77	25	28
43	40	30	74	89	12	62
43	40	38	74	77	13	39
43	40	44	74	73	57	18
43	40	69	74	64	44	24
43	40	54	74	57	44	21
43	40	45	74	72	25	45
43	40	77	74	3	81	0
43	40	27	74	25	59	1
43	41	46	89	77	52	36
43	41	30	89	89	60	16
43	41	38	89	77	57	7
43	41	44	89	73	61	16
43	41	69	89	64	58	19
43	41	54	89	57	59	12
43	41	45	89	72	45	26
43	41	77	89	3	84	0
43	41	27	89	25	60	4
43	46	30	77	89	13	62
43	46	38	77	77	17	53
43	46	44	77	73	54	16
43	46	69	77	64	53	10
43	46	54	77	57	67	18
43	46	45	77	72	33	48
43	46	77	77	3	78	0
43	46	27	77	25	68	3
43	30	38	89	77	53	16
43	30	44	89	73	68	13
43	30	69	89	64	64	12
43	30	54	89	57	70	6
43	30	45	89	72	21	20
43	30	77	89	3	81	0
43	30	27	89	25	67	10
43	38	44	77	73	51	18
43	38	69	77	64	60	14
43	38	54	77	57	63	11
43	38	45	77	72	18	53
43	38	77	77	3	77	0
43	38	27	77	25	66	3
43	44	69	73	64	40	14
43	44	54	73	57	50	17
43	44	45	73	72	16	65
43	44	77	73	3	61	0
43	44	27	73	25	44	7
43	69	54	64	57	22	15
43	69	45	64	72	20	65
43	69	77	64	3	52	2
43	69	27	64	25	32	10
43	54	45	57	72	16	61
43	54	77	57	3	58	0
43	54	27	57	25	31	4
43	45	77	72	3	74	1
43	45	27	72	25	59	7
43	77	27	3	25	0	20
44	38	54	82	59	65	5
44	38	43	82	74	47	28
44	38	25	82	79	48	30
44	38	41	82	87	46	14
44	38	52	82	71	54	11
44	38	42	82	87	11	51
44	38	27	82	24	60	4
44	38	46	82	19	87	2
44	38	40	82	61	71	8
44	54	43	59	74	10	62
44	54	25	59	79	7	72
44	54	41	59	87	9	62
44	54	52	59	71	18	54
44	54	42	59	87	8	79
44	54	27	59	24	22	16
44	54	46	59	19	31	8
44	54	40	59	61	15	45
44	43	25	74	79	17	29
44	43	41	74	87	24	22
44	43	52	74	71	47	21
44	43	42	74	87	14	63
44	43	27	74	24	67	11
44	43	46	74	19	62	5
44	43	40	74	61	48	13
44	25	41	79	87	20	15
44	25	52	79	71	64	10
44	25	42	79	87	9	58
44	25	27	79	24	66	5
44	25	46	79	19	82	3
44	25	40	79	61	69	11
44	41	52	87	71	58	16
44	41	42	87	87	23	50
44	41	27	87	24	61	9
44	41	46	87	19	69	6
44	41	40	87	61	43	15
44	52	42	71	87	21	60
44	52	27	71	24	45	13
44	52	46	71	19	55	8
44	52	40	71	61	26	23
44	42	27	87	24	67	11
44	42	46	87	19	75	1
44	42	40	87	61	62	19
44	27	46	24	19	22	4
44	27	40	24	61	12	27
44	46	40	19	61	8	52
45	52	41	99	100	30	61
45	52	42	99	95	68	30
45	52	46	99	100	66	26
45	52	50	99	89	65	17
45	52	78	99	33	95	5
45	52	40	99	100	26	57
45	52	48	99	86	68	16
45	52	27	99	90	53	29
45	52	43	99	79	58	20
45	52	47	99	89	61	26
45	52	55	99	71	77	11
45	52	54	99	91	56	29
45	52	69	99	78	70	19
45	41	42	100	95	74	25
45	41	46	100	100	60	26
45	41	50	100	89	64	23
45	41	78	100	33	79	5
45	41	40	100	100	55	29
45	41	48	100	86	68	17
45	41	27	100	90	55	30
45	41	43	100	79	74	27
45	41	47	100	89	79	20
45	41	55	100	71	68	26
45	41	54	100	91	69	24
45	41	69	100	78	76	16
45	42	46	95	100	24	68
45	42	50	95	89	56	23
45	42	78	95	33	67	20
45	42	40	95	100	31	60
45	42	48	95	86	63	24
45	42	27	95	90	52	28
45	42	43	95	79	61	20
45	42	47	95	89	55	25
45	42	55	95	71	61	25
45	42	54	95	91	57	24
45	42	69	95	78	67	20
45	46	50	100	89	61	31
45	46	78	100	33	84	3
45	46	40	100	100	25	62
45	46	48	100	86	70	9
45	46	27	100	90	74	29
45	46	43	100	79	66	23
45	46	47	100	89	66	29
45	46	55	100	71	74	20
45	46	54	100	91	54	29
45	46	69	100	78	66	11
45	50	78	89	33	82	5
45	50	40	89	100	20	75
45	50	48	89	86	59	13
45	50	27	89	90	10	67
45	50	43	89	79	32	44
45	50	47	89	89	37	27
45	50	55	89	71	66	13
45	50	54	89	91	19	57
45	50	69	89	78	32	11
45	78	40	33	100	4	90
45	78	48	33	86	3	76
45	78	27	33	90	2	75
45	78	43	33	79	11	67
45	78	47	33	89	4	78
45	78	55	33	71	5	76
45	78	54	33	91	5	78
45	78	69	33	78	10	60
45	40	48	100	86	66	15
45	40	27	100	90	56	27
45	40	43	100	79	79	21
45	40	47	100	89	64	24
45	40	55	100	71	73	23
45	40	54	100	91	58	33
45	40	69	100	78	57	29
45	48	27	86	90	12	62
45	48	43	86	79	31	56
45	48	47	86	89	10	55
45	48	55	86	71	29	43
45	48	54	86	91	21	57
45	48	69	86	78	21	48
45	27	43	90	79	57	8
45	27	47	90	89	58	13
45	27	55	90	71	52	23
45	27	54	90	91	63	10
45	27	69	90	78	72	15
45	43	47	79	89	52	24
45	43	55	79	71	54	20
45	43	54	79	91	36	23
45	43	69	79	78	48	20
45	47	55	89	71	36	15
45	47	54	89	91	26	52
45	47	69	89	78	32	13
45	55	54	71	91	16	57
45	55	69	71	78	32	23
45	54	69	91	78	63	15
46	43	50	78	98	23	36
46	43	47	78	100	14	68
46	43	60	78	93	25	30
46	43	54	78	97	24	43
46	43	44	78	9	66	2
46	43	40	78	88	22	65
46	43	27	78	74	68	20
46	43	41	78	98	21	66
46	43	42	78	93	20	68
46	43	52	78	100	27	74
46	43	45	78	99	14	70
46	50	47	98	100	30	62
46	50	60	98	93	48	33
46	50	54	98	97	29	31
46	50	44	98	9	86	0
46	50	40	98	88	29	52
46	50	27	98	74	61	10
46	50	41	98	98	36	57
46	50	42	98	93	30	57
46	50	52	98	100	24	60
46	50	45	98	99	29	54
46	47	60	100	93	64	15
46	47	54	100	97	62	26
46	47	44	100	9	83	2
46	47	40	100	88	68	18
46	47	27	100	74	76	10
46	47	41	100	98	65	27
46	47	42	100	93	69	25
46	47	52	100	100	27	57
46	47	45	100	99	33	23
46	60	54	93	97	32	43
46	60	44	93	9	83	1
46	60	40	93	88	34	59
46	60	27	93	74	58	7
46	60	41	93	98	34	55
46	60	42	93	93	20	63
46	60	52	93	100	6	65
46	60	45	93	99	22	55
46	54	44	97	9	53	4
46	54	40	97	88	26	52
46	54	27	97	74	71	13
46	54	41	97	98	24	61
46	54	42	97	93	23	68
46	54	52	97	100	25	71
46	54	45	97	99	25	54
46	44	40	9	88	1	59
46	44	27	9	74	1	32
46	44	41	9	98	4	67
46	44	42	9	93	7	82
46	44	52	9	100	8	78
46	44	45	9	99	4	87
46	40	27	88	74	53	21
46	40	41	88	98	30	57
46	40	42	88	93	68	25
46	40	52	88	100	17	68
46	40	45	88	99	34	65
46	27	41	74	98	25	64
46	27	42	74	93	16	67
46	27	52	74	100	23	76
46	27	45	74	99	22	62
46	41	42	98	93	59	30
46	41	52	98	100	29	62
46	41	45	98	99	28	63
46	42	52	93	100	21	65
46	42	45	93	99	20	77
46	52	45	100	99	61	22
47	52	54	99	96	65	29
47	52	42	99	74	68	24
47	52	45	99	81	55	20
47	52	40	99	88	72	22
47	52	41	99	69	67	15
47	52	46	99	100	32	62
47	52	50	99	87	69	23
47	54	42	96	74	47	19
47	54	45	96	81	30	50
47	54	40	96	88	37	25
47	54	41	96	69	47	14
47	54	46	96	100	26	69
47	54	50	96	87	27	24
47	42	45	74	81	12	43
47	42	40	74	88	21	16
47	42	41	74	69	21	13
47	42	46	74	100	8	86
47	42	50	74	87	18	21
47	45	40	81	88	42	12
47	45	41	81	69	54	4
47	45	46	81	100	22	68
47	45	50	81	87	31	9
47	40	41	88	69	19	10
47	40	46	88	100	11	78
47	40	50	88	87	4	15
47	41	46	69	100	8	86
47	41	50	69	87	6	17
47	46	50	100	87	65	12
48	42	69	97	88	61	26
48	42	43	97	100	30	60
48	42	52	97	15	83	12
48	42	78	97	100	61	20
48	42	30	97	100	61	29
48	42	41	97	1	76	7
48	42	83	97	87	67	17
48	42	40	97	88	77	20
48	42	55	97	100	26	57
48	42	63	97	6	95	0
48	42	38	97	72	74	8
48	42	45	97	52	85	5
48	42	57	97	97	63	12
48	42	84	97	57	82	14
48	69	43	88	100	30	54
48	69	52	88	15	86	7
48	69	78	88	100	27	67
48	69	30	88	100	15	68
48	69	41	88	1	75	8
48	69	83	88	87	48	27
48	69	40	88	88	30	49
48	69	55	88	100	31	66
48	69	63	88	6	80	0
48	69	38	88	72	69	16
48	69	45	88	52	60	23
48	69	57	88	97	61	24
48	69	84	88	57	66	9
48	43	52	100	15	87	2
48	43	78	100	100	63	21
48	43	30	100	100	65	29
48	43	41	100	1	92	3
48	43	83	100	87	73	14
48	43	40	100	88	61	23
48	43	55	100	100	33	32
48	43	63	100	6	97	2
48	43	38	100	72	58	17
48	43	45	100	52	87	6
48	43	57	100	97	60	18
48	43	84	100	57	73	7
48	52	78	15	100	10	82
48	52	30	15	100	1	88
48	52	41	15	1	12	2
48	52	83	15	87	9	61
48	52	40	15	88	13	62
48	52	55	15	100	3	92
48	52	63	15	6	21	3
48	52	38	15	72	14	27
48	52	45	15	52	12	34
48	52	57	15	97	5	61
48	52	84	15	57	31	23
48	78	30	100	100	31	29
48	78	41	100	1	96	0
48	78	83	100	87	73	11
48	78	40	100	88	42	13
48	78	55	100	100	31	63
48	78	63	100	6	94	0
48	78	38	100	72	69	6
48	78	45	100	52	73	14
48	78	57	100	97	70	11
48	78	84	100	57	79	6
48	30	41	100	1	90	1
48	30	83	100	87	70	8
48	30	40	100	88	42	12
48	30	55	100	100	29	68
48	30	63	100	6	95	1
48	30	38	100	72	53	21
48	30	45	100	52	91	5
48	30	57	100	97	60	16
48	30	84	100	57	82	5
48	41	83	1	87	1	85
48	41	40	1	88	3	74
48	41	55	1	100	3	95
48	41	63	1	6	7	0
48	41	38	1	72	0	52
48	41	45	1	52	3	50
48	41	57	1	97	3	86
48	41	84	1	57	6	40
48	83	40	87	88	26	54
48	83	55	87	100	21	66
48	83	63	87	6	76	1
48	83	38	87	72	54	19
48	83	45	87	52	47	24
48	83	57	87	97	19	27
48	83	84	87	57	66	13
48	40	55	88	100	22	69
48	40	63	88	6	84	0
48	40	38	88	72	57	11
48	40	45	88	52	71	14
48	40	57	88	97	57	25
48	40	84	88	57	67	12
48	55	63	100	6	87	1
48	55	38	100	72	79	13
48	55	45	100	52	86	14
48	55	57	100	97	59	23
48	55	84	100	57	72	6
48	63	38	6	72	2	58
48	63	45	6	52	0	41
48	63	57	6	97	0	90
48	63	84	6	57	1	35
48	38	45	72	52	26	37
48	38	57	72	97	8	64
48	38	84	72	57	30	14
48	45	57	52	97	12	38
48	45	84	52	57	28	33
48	57	84	97	57	67	9
50	45	52	88	90	19	64
50	45	42	88	63	44	21
50	45	34	88	100	8	78
50	45	60	88	100	17	73
50	45	54	88	100	18	78
50	45	59	88	99	21	29
50	45	41	88	97	29	66
50	45	46	88	20	74	5
50	45	32	88	79	12	25
50	45	40	88	35	50	19
50	45	47	88	28	61	12
50	45	43	88	71	61	15
50	45	31	88	0	84	0
50	52	42	90	63	49	18
50	52	34	90	100	10	47
50	52	60	90	100	17	75
50	52	54	90	100	21	68
50	52	59	90	99	53	31
50	52	41	90	97	31	37
50	52	46	90	20	88	4
50	52	32	90	79	57	21
50	52	40	90	35	69	3
50	52	47	90	28	53	10
50	52	43	90	71	51	18
50	52	31	90	0	89	0
50	42	34	63	100	14	73
50	42	60	63	100	22	61
50	42	54	63	100	18	69
50	42	59	63	99	34	22
50	42	41	63	97	13	72
50	42	46	63	20	46	12
50	42	32	63	79	10	45
50	42	40	63	35	40	26
50	42	47	63	28	43	10
50	42	43	63	71	38	17
50	42	31	63	0	73	0
50	34	60	100	100	33	66
50	34	54	100	100	35	58
50	34	59	100	99	76	14
50	34	41	100	97	25	18
50	34	46	100	20	83	4
50	34	32	100	79	52	28
50	34	40	100	35	86	6
50	34	47	100	28	86	3
50	34	43	100	71	79	12
50	34	31	100	0	100	0
50	60	54	100	100	26	60
50	60	59	100	99	69	23
50	60	41	100	97	61	29
50	60	46	100	20	89	5
50	60	32	100	79	72	18
50	60	40	100	35	84	7
50	60	47	100	28	87	5
50	60	43	100	71	78	11
50	60	31	100	0	96	0
50	54	59	100	99	75	16
50	54	41	100	97	71	24
50	54	46	100	20	87	7
50	54	32	100	79	61	21
50	54	40	100	35	74	21
50	54	47	100	28	92	5
50	54	43	100	71	77	13
50	54	31	100	0	95	0
50	59	41	99	97	15	75
50	59	46	99	20	61	7
50	59	32	99	79	27	32
50	59	40	99	35	57	5
50	59	47	99	28	57	8
50	59	43	99	71	54	23
50	59	31	99	0	70	0
50	41	46	97	20	79	15
50	41	32	97	79	70	16
50	41	40	97	35	65	21
50	41	47	97	28	68	13
50	41	43	97	71	78	15
50	41	31	97	0	100	0
50	46	32	20	79	28	46
50	46	40	20	35	4	27
50	46	47	20	28	23	8
50	46	43	20	71	3	54
50	46	31	20	0	19	0
50	32	40	79	35	49	34
50	32	47	79	28	30	8
50	32	43	79	71	54	10
50	32	31	79	0	89	0
50	40	47	35	28	34	15
50	40	43	35	71	35	33
50	40	31	35	0	50	0
50	47	43	28	71	30	27
50	47	31	28	0	69	0
50	43	31	71	0	69	0
52	41	50	98	87	56	25
52	41	47	98	92	68	18
52	41	42	98	62	61	18
52	41	45	98	100	48	41
52	41	46	98	100	28	69
52	41	40	98	100	59	34
52	41	27	98	19	57	6
52	41	48	98	32	83	5
52	41	54	98	98	54	31
52	50	47	87	92	21	66
52	50	42	87	62	34	15
52	50	45	87	100	29	57
52	50	46	87	100	19	69
52	50	40	87	100	21	75
52	50	27	87	19	77	4
52	50	48	87	32	79	6
52	50	54	87	98	26	61
52	47	42	92	62	67	19
52	47	45	92	100	29	59
52	47	46	92	100	21	71
52	47	40	92	100	29	53
52	47	27	92	19	77	5
52	47	48	92	32	85	6
52	47	54	92	98	28	61
52	42	45	62	100	19	64
52	42	46	62	100	16	66
52	42	40	62	100	25	66
52	42	27	62	19	38	6
52	42	48	62	32	47	14
52	42	54	62	98	13	65
52	45	46	100	100	28	64
52	45	40	100	100	62	27
52	45	27	100	19	65	5
52	45	48	100	32	73	9
52	45	54	100	98	66	27
52	46	40	100	100	71	27
52	46	27	100	19	83	4
52	46	48	100	32	82	3
52	46	54	100	98	64	26
52	40	27	100	19	87	2
52	40	48	100	32	65	14
52	40	54	100	98	63	28
52	27	48	19	32	5	13
52	27	54	19	98	2	80
52	48	54	32	98	2	74
53	59	50	89	0	99	0
53	59	25	89	99	22	63
53	59	58	89	100	19	62
53	59	60	89	51	77	11
53	59	31	89	100	20	60
53	59	28	89	85	69	12
53	50	25	0	99	0	98
53	50	58	0	100	0	100
53	50	60	0	51	0	61
53	50	31	0	100	0	99
53	50	28	0	85	0	86
53	25	58	99	100	11	61
53	25	60	99	51	70	12
53	25	31	99	100	53	33
53	25	28	99	85	61	25
53	58	60	100	51	84	7
53	58	31	100	100	74	23
53	58	28	100	85	67	18
53	60	31	51	100	18	67
53	60	28	51	85	13	48
53	31	28	100	85	67	16
54	52	60	100	100	69	19
54	52	46	100	56	62	21
54	52	50	100	100	31	55
54	52	40	100	71	68	19
54	52	59	100	93	79	17
54	52	41	100	88	77	15
54	52	32	100	87	78	19
54	52	24	100	72	68	15
54	52	44	100	48	77	5
54	52	47	100	75	76	9
54	52	34	100	99	65	11
54	52	31	100	87	72	15
54	52	43	100	58	74	13
54	52	45	100	87	70	26
54	60	46	100	56	73	19
54	60	50	100	100	25	65
54	60	40	100	71	62	27
54	60	59	100	93	68	19
54	60	41	100	88	66	18
54	60	32	100	87	65	31
54	60	24	100	72	68	11
54	60	44	100	48	88	2
54	60	47	100	75	76	13
54	60	34	100	99	63	22
54	60	31	100	87	53	32
54	60	43	100	58	73	9
54	60	45	100	87	45	25
54	46	50	56	100	21	69
54	46	40	56	71	26	62
54	46	59	56	93	18	49
54	46	41	56	88	17	43
54	46	32	56	87	47	25
54	46	24	56	72	56	22
54	46	44	56	48	56	20
54	46	47	56	75	49	23
54	46	34	56	99	10	53
54	46	31	56	87	24	35
54	46	43	56	58	64	14
54	46	45	56	87	33	40
54	50	40	100	71	70	20
54	50	59	100	93	70	26
54	50	41	100	88	67	30
54	50	32	100	87	72	26
54	50	24	100	72	84	10
54	50	44	100	48	84	8
54	50	47	100	75	81	22
54	50	34	100	99	60	36
54	50	31	100	87	68	14
54	50	43	100	58	78	8
54	50	45	100	87	61	31
54	40	59	71	93	57	27
54	40	41	71	88	66	31
54	40	32	71	87	62	17
54	40	24	71	72	73	9
54	40	44	71	48	65	10
54	40	47	71	75	62	28
54	40	34	71	99	54	19
54	40	31	71	87	61	28
54	40	43	71	58	71	10
54	40	45	71	87	37	36
54	59	41	93	88	16	45
54	59	32	93	87	49	32
54	59	24	93	72	53	27
54	59	44	93	48	55	20
54	59	47	93	75	48	25
54	59	34	93	99	12	38
54	59	31	93	87	16	34
54	59	43	93	58	62	19
54	59	45	93	87	25	34
54	41	32	88	87	31	34
54	41	24	88	72	52	14
54	41	44	88	48	74	14
54	41	47	88	75	56	25
54	41	34	88	99	19	23
54	41	31	88	87	20	43
54	41	43	88	58	64	16
54	41	45	88	87	20	23
54	32	24	87	72	70	5
54	32	44	87	48	74	9
54	32	47	87	75	67	19
54	32	34	87	99	29	57
54	32	31	87	87	23	64
54	32	43	87	58	77	4
54	32	45	87	87	26	25
54	24	44	72	48	17	4
54	24	47	72	75	19	47
54	24	34	72	99	9	74
54	24	31	72	87	19	57
54	24	43	72	58	32	4
54	24	45	72	87	24	61
54	44	47	48	75	13	53
54	44	34	48	99	11	77
54	44	31	48	87	9	70
54	44	43	48	58	12	15
54	44	45	48	87	11	68
54	47	34	75	99	5	81
54	47	31	75	87	17	68
54	47	43	75	58	56	21
54	47	45	75	87	24	63
54	34	31	99	87	26	46
54	34	43	99	58	78	6
54	34	45	99	87	30	16
54	31	43	87	58	68	13
54	31	45	87	87	38	18
54	43	45	58	87	11	63
55	45	78	64	87	21	45
55	45	41	64	12	71	2
55	45	57	64	100	16	76
55	45	30	64	100	7	80
55	45	42	64	89	13	67
55	45	69	64	99	20	71
55	45	43	64	99	19	59
55	45	83	64	75	36	21
55	45	77	64	15	42	3
55	45	48	64	100	26	69
55	45	40	64	19	42	11
55	78	41	87	12	89	4
55	78	57	87	100	10	60
55	78	30	87	100	25	60
55	78	42	87	89	27	54
55	78	69	87	99	28	50
55	78	43	87	99	28	59
55	78	83	87	75	61	6
55	78	77	87	15	67	2
55	78	48	87	100	26	68
55	78	40	87	19	49	5
55	41	57	12	100	3	92
55	41	30	12	100	3	85
55	41	42	12	89	3	80
55	41	69	12	99	2	87
55	41	43	12	99	2	98
55	41	83	12	75	9	35
55	41	77	12	15	0	31
55	41	48	12	100	1	99
55	41	40	12	19	7	21
55	57	30	100	100	67	12
55	57	42	100	89	79	15
55	57	69	100	99	40	14
55	57	43	100	99	65	35
55	57	83	100	75	73	10
55	57	77	100	15	82	5
55	57	48	100	100	28	74
55	57	40	100	19	89	5
55	30	42	100	89	27	24
55	30	69	100	99	26	61
55	30	43	100	99	24	57
55	30	83	100	75	67	9
55	30	77	100	15	73	3
55	30	48	100	100	23	67
55	30	40	100	19	71	11
55	42	69	89	99	24	63
55	42	43	89	99	20	58
55	42	83	89	75	65	16
55	42	77	89	15	69	6
55	42	48	89	100	27	71
55	42	40	89	19	65	15
55	69	43	99	99	61	32
55	69	83	99	75	58	12
55	69	77	99	15	60	5
55	69	48	99	100	31	68
55	69	40	99	19	75	14
55	43	83	99	75	70	10
55	43	77	99	15	75	3
55	43	48	99	100	29	70
55	43	40	99	19	84	8
55	83	77	75	15	20	5
55	83	48	75	100	20	68
55	83	40	75	19	56	15
55	77	48	15	100	3	75
55	77	40	15	19	13	28
55	48	40	100	19	88	10
57	48	26	99	98	75	12
57	48	39	99	100	17	64
57	48	55	99	100	25	66
57	48	43	99	1	98	0
57	26	39	98	100	23	70
57	26	55	98	100	9	65
57	26	43	98	1	94	0
57	39	55	100	100	12	63
57	39	43	100	1	99	0
57	55	43	100	1	92	0
58	28	31	89	71	57	6
58	28	53	89	100	20	64
58	28	36	89	98	16	56
58	28	26	89	67	66	19
58	28	37	89	79	60	23
58	28	38	89	3	85	0
58	31	53	71	100	15	72
58	31	36	71	98	7	78
58	31	26	71	67	17	27
58	31	37	71	79	18	27
58	31	38	71	3	68	0
58	53	36	100	98	66	15
58	53	26	100	67	70	15
58	53	37	100	79	70	12
58	53	38	100	3	96	0
58	36	26	98	67	64	20
58	36	37	98	79	70	20
58	36	38	98	3	95	0
58	26	37	67	79	16	24
58	26	38	67	3	69	0
58	37	38	79	3	78	0
59	50	35	90	94	71	17
59	50	60	90	99	45	25
59	50	40	90	58	88	14
59	50	52	90	75	64	21
59	50	80	90	99	64	17
59	50	37	90	96	55	9
59	50	54	90	87	70	31
59	50	53	90	99	64	20
59	35	60	94	99	29	71
59	35	40	94	58	79	4
59	35	52	94	75	57	10
59	35	80	94	99	12	64
59	35	37	94	96	57	28
59	35	54	94	87	18	67
59	35	53	94	99	16	65
59	60	40	99	58	91	4
59	60	52	99	75	79	7
59	60	80	99	99	50	18
59	60	37	99	96	70	25
59	60	54	99	87	65	20
59	60	53	99	99	38	31
59	40	52	58	75	6	52
59	40	80	58	99	0	97
59	40	37	58	96	2	89
59	40	54	58	87	0	88
59	40	53	58	99	1	89
59	52	80	75	99	5	79
59	52	37	75	96	39	45
59	52	54	75	87	24	48
59	52	53	75	99	14	78
59	80	37	99	96	71	14
59	80	54	99	87	73	19
59	80	53	99	99	59	21
59	37	54	96	87	11	67
59	37	53	96	99	17	69
59	54	53	87	99	16	36
60	46	41	89	71	59	22
60	46	35	89	79	64	21
60	46	53	89	88	64	23
60	46	50	89	98	27	71
60	46	59	89	98	10	70
60	46	34	89	100	6	70
60	46	31	89	84	11	37
60	46	54	89	99	25	75
60	46	32	89	100	7	36
60	46	40	89	90	26	62
60	46	33	89	82	45	30
60	41	35	71	79	33	22
60	41	53	71	88	36	32
60	41	50	71	98	18	66
60	41	59	71	98	21	71
60	41	34	71	100	14	75
60	41	31	71	84	4	76
60	41	54	71	99	17	76
60	41	32	71	100	11	71
60	41	40	71	90	21	64
60	41	33	71	82	31	30
60	35	53	79	88	14	12
60	35	50	79	98	7	74
60	35	59	79	98	28	58
60	35	34	79	100	3	67
60	35	31	79	84	11	72
60	35	54	79	99	12	80
60	35	32	79	100	8	74
60	35	40	79	90	6	58
60	35	33	79	82	23	34
60	53	50	88	98	17	73
60	53	59	88	98	31	64
60	53	34	88	100	14	70
60	53	31	88	84	28	62
60	53	54	88	99	12	69
60	53	32	88	100	10	67
60	53	40	88	90	18	63
60	53	33	88	82	42	7
60	50	59	98	98	61	28
60	50	34	98	100	60	32
60	50	31	98	84	69	31
60	50	54	98	99	67	25
60	50	32	98	100	68	33
60	50	40	98	90	43	22
60	50	33	98	82	79	3
60	59	34	98	100	15	28
60	59	31	98	84	40	16
60	59	54	98	99	44	33
60	59	32	98	100	39	26
60	59	40	98	90	33	68
60	59	33	98	82	72	10
60	34	31	100	84	61	12
60	34	54	100	99	56	24
60	34	32	100	100	58	25
60	34	40	100	90	22	56
60	34	33	100	82	69	12
60	31	54	84	99	29	63
60	31	32	84	100	34	36
60	31	40	84	90	18	71
60	31	33	84	82	58	20
60	54	32	99	100	24	40
60	54	40	99	90	34	66
60	54	33	99	82	75	10
60	32	40	100	90	21	57
60	32	33	100	82	79	15
60	40	33	90	82	74	1
63	69	55	80	10	79	1
63	69	73	80	78	51	34
63	69	84	80	31	58	13
63	69	83	80	100	22	72
63	69	48	80	7	85	0
63	69	65	80	88	40	19
63	69	68	80	100	17	64
63	69	82	80	75	29	26
63	69	135	80	46	70	12
63	55	73	10	78	4	72
63	55	84	10	31	12	24
63	55	83	10	100	3	94
63	55	48	10	7	18	1
63	55	65	10	88	4	80
63	55	68	10	100	0	93
63	55	82	10	75	4	72
63	55	135	10	46	6	37
63	73	84	78	31	81	0
63	73	83	78	100	15	67
63	73	48	78	7	65	1
63	73	65	78	88	28	54
63	73	68	78	100	14	76
63	73	82	78	75	30	56
63	73	135	78	46	79	4
63	84	83	31	100	13	73
63	84	48	31	7	26	2
63	84	65	31	88	0	85
63	84	68	31	100	0	100
63	84	82	31	75	0	84
63	84	135	31	46	0	30
63	83	48	100	7	85	3
63	83	65	100	88	54	29
63	83	68	100	100	65	19
63	83	82	100	75	49	28
63	83	135	100	46	94	5
63	48	65	7	88	2	84
63	48	68	7	100	0	89
63	48	82	7	75	0	81
63	48	135	7	46	1	28
63	65	68	88	100	32	49
63	65	82	88	75	37	34
63	65	135	88	46	74	6
63	68	82	100	75	65	17
63	68	135	100	46	86	5
63	82	135	75	46	87	4
65	123	126	61	62	41	18
65	123	133	61	59	51	8
65	123	67	61	77	56	18
65	123	69	61	82	14	15
65	123	63	61	90	11	57
65	123	116	61	47	57	9
65	123	84	61	77	15	60
65	123	83	61	85	14	55
65	123	129	61	52	36	17
65	123	82	61	99	13	69
65	123	73	61	78	46	22
65	123	66	61	82	51	22
65	126	133	62	59	41	22
65	126	67	62	77	11	52
65	126	69	62	82	10	54
65	126	63	62	90	10	62
65	126	116	62	47	34	16
65	126	84	62	77	20	55
65	126	83	62	85	10	64
65	126	129	62	52	14	31
65	126	82	62	99	8	81
65	126	73	62	78	16	34
65	126	66	62	82	5	62
65	133	67	59	77	15	50
65	133	69	59	82	13	74
65	133	63	59	90	7	79
65	133	116	59	47	12	29
65	133	84	59	77	9	62
65	133	83	59	85	9	70
65	133	129	59	52	16	43
65	133	82	59	99	7	88
65	133	73	59	78	7	58
65	133	66	59	82	2	77
65	67	69	77	82	7	48
65	67	63	77	90	22	56
65	67	116	77	47	34	11
65	67	84	77	77	22	55
65	67	83	77	85	11	67
65	67	129	77	52	19	42
65	67	82	77	99	19	70
65	67	73	77	78	13	24
65	67	66	77	82	12	54
65	69	63	82	90	19	60
65	69	116	82	47	73	11
65	69	84	82	77	23	58
65	69	83	82	85	18	60
65	69	129	82	52	55	16
65	69	82	82	99	22	67
65	69	73	82	78	50	28
65	69	66	82	82	51	23
65	63	116	90	47	75	5
65	63	84	90	77	34	47
65	63	83	90	85	30	23
65	63	129	90	52	59	12
65	63	82	90	99	20	67
65	63	73	90	78	59	22
65	63	66	90	82	67	15
65	116	84	47	77	22	63
65	116	83	47	85	8	72
65	116	129	47	52	12	55
65	116	82	47	99	23	57
65	116	73	47	78	15	34
65	116	66	47	82	11	53
65	84	83	77	85	52	30
65	84	129	77	52	52	18
65	84	82	77	99	16	65
65	84	73	77	78	50	30
65	84	66	77	82	50	35
65	83	129	85	52	70	6
65	83	82	85	99	29	65
65	83	73	85	78	67	18
65	83	66	85	82	54	22
65	129	82	52	99	19	68
65	129	73	52	78	46	15
65	129	66	52	82	6	45
65	82	73	99	78	65	23
65	82	66	99	82	60	23
65	73	66	78	82	23	45
66	83	65	73	77	27	48
66	83	117	73	52	35	10
66	83	82	73	74	21	37
66	83	2	73	64	21	21
66	83	119	73	54	55	13
66	83	84	73	90	24	54
66	83	75	73	99	13	71
66	83	73	73	44	48	13
66	65	117	77	52	50	6
66	65	82	77	74	31	19
66	65	2	77	64	49	19
66	65	119	77	54	72	2
66	65	84	77	90	24	58
66	65	75	77	99	19	68
66	65	73	77	44	49	16
66	117	82	52	74	10	54
66	117	2	52	64	13	50
66	117	119	52	54	0	7
66	117	84	52	90	15	71
66	117	75	52	99	9	71
66	117	73	52	44	3	27
66	82	2	74	64	30	19
66	82	119	74	54	50	8
66	82	84	74	90	26	57
66	82	75	74	99	4	75
66	82	73	74	44	52	15
66	2	119	64	54	56	16
66	2	84	64	90	21	75
66	2	75	64	99	20	70
66	2	73	64	44	60	4
66	119	84	54	90	19	64
66	119	75	54	99	13	74
66	119	73	54	44	29	15
66	84	75	90	99	28	63
66	84	73	90	44	63	20
66	75	73	99	44	69	10
67	82	133	76	88	11	26
67	82	65	76	81	48	19
67	82	8	76	0	65	2
67	82	4	76	87	12	49
67	82	123	76	58	36	20
67	82	63	76	69	53	22
67	133	65	88	81	56	22
67	133	8	88	0	83	0
67	133	4	88	87	8	60
67	133	123	88	58	50	18
67	133	63	88	69	59	6
67	65	8	81	0	40	3
67	65	4	81	87	12	67
67	65	123	81	58	19	38
67	65	63	81	69	18	17
67	8	4	0	87	7	77
67	8	123	0	58	9	54
67	8	63	0	69	10	26
67	4	123	87	58	64	16
67	4	63	87	69	62	17
67	123	63	58	69	35	21
68	135	136	99	84	65	17
68	135	84	99	68	80	7
68	135	78	99	60	72	6
68	135	65	99	0	99	0
68	135	82	99	89	21	56
68	135	63	99	100	24	68
68	135	69	99	75	95	3
68	136	84	84	68	21	44
68	136	78	84	60	27	16
68	136	65	84	0	85	0
68	136	82	84	89	22	64
68	136	63	84	100	14	70
68	136	69	84	75	88	0
68	84	78	68	60	20	19
68	84	65	68	0	59	0
68	84	82	68	89	19	53
68	84	63	68	100	14	69
68	84	69	68	75	56	0
68	78	65	60	0	74	0
68	78	82	60	89	10	58
68	78	63	60	100	14	71
68	78	69	60	75	59	2
68	65	82	0	89	12	75
68	65	63	0	100	10	78
68	65	69	0	75	27	0
68	82	63	89	100	23	70
68	82	69	89	75	87	0
68	63	69	100	75	93	1
69	73	77	74	80	20	48
69	73	41	74	17	78	4
69	73	42	74	73	26	17
69	73	82	74	78	19	52
69	73	48	74	90	12	68
69	73	65	74	75	30	48
69	73	40	74	82	26	40
69	73	84	74	79	29	46
69	73	45	74	73	24	27
69	73	43	74	7	67	4
69	73	63	74	87	30	65
69	73	78	74	82	49	18
69	73	55	74	89	2	68
69	73	52	74	2	78	0
69	73	83	74	78	24	56
69	77	41	80	17	78	2
69	77	42	80	73	52	19
69	77	82	80	78	9	56
69	77	48	80	90	16	65
69	77	65	80	75	19	20
69	77	40	80	82	24	40
69	77	84	80	79	19	17
69	77	45	80	73	34	18
69	77	43	80	7	67	1
69	77	63	80	87	9	63
69	77	78	80	82	49	24
69	77	55	80	89	19	60
69	77	52	80	2	77	0
69	77	83	80	78	15	56
69	41	42	17	73	6	56
69	41	82	17	78	4	73
69	41	48	17	90	4	74
69	41	65	17	75	3	72
69	41	40	17	82	2	54
69	41	84	17	79	1	69
69	41	45	17	73	3	57
69	41	43	17	7	7	4
69	41	63	17	87	1	74
69	41	78	17	82	1	79
69	41	55	17	89	3	71
69	41	52	17	2	9	1
69	41	83	17	78	5	74
69	42	82	73	78	21	66
69	42	48	73	90	18	55
69	42	65	73	75	21	59
69	42	40	73	82	22	48
69	42	84	73	79	24	47
69	42	45	73	73	26	30
69	42	43	73	7	60	2
69	42	63	73	87	9	61
69	42	78	73	82	27	35
69	42	55	73	89	25	49
69	42	52	73	2	75	1
69	42	83	73	78	21	47
69	82	48	78	90	61	21
69	82	65	78	75	47	28
69	82	40	78	82	53	26
69	82	84	78	79	51	22
69	82	45	78	73	54	21
69	82	43	78	7	69	2
69	82	63	78	87	46	26
69	82	78	78	82	55	16
69	82	55	78	89	19	66
69	82	52	78	2	79	1
69	82	83	78	78	54	18
69	48	65	90	75	62	12
69	48	40	90	82	47	19
69	48	84	90	79	61	22
69	48	45	90	73	60	20
69	48	43	90	7	74	4
69	48	63	90	87	26	43
69	48	78	90	82	61	21
69	48	55	90	89	16	65
69	48	52	90	2	83	2
69	48	83	90	78	34	35
69	65	40	75	82	26	42
69	65	84	75	79	28	30
69	65	45	75	73	38	27
69	65	43	75	7	69	2
69	65	63	75	87	23	59
69	65	78	75	82	56	18
69	65	55	75	89	15	70
69	65	52	75	2	70	0
69	65	83	75	78	22	38
69	40	84	82	79	52	21
69	40	45	82	73	47	23
69	40	43	82	7	47	1
69	40	63	82	87	18	53
69	40	78	82	82	45	18
69	40	55	82	89	15	57
69	40	52	82	2	69	0
69	40	83	82	78	23	56
69	84	45	79	73	27	19
69	84	43	79	7	73	2
69	84	63	79	87	21	58
69	84	78	79	82	53	27
69	84	55	79	89	16	66
69	84	52	79	2	80	0
69	84	83	79	78	29	45
69	45	43	73	7	68	0
69	45	63	73	87	13	67
69	45	78	73	82	51	27
69	45	55	73	89	21	66
69	45	52	73	2	72	1
69	45	83	73	78	18	54
69	43	63	7	87	0	81
69	43	78	7	82	1	78
69	43	55	7	89	8	67
69	43	52	7	2	11	4
69	43	83	7	78	0	71
69	63	78	87	82	62	15
69	63	55	87	89	26	74
69	63	52	87	2	81	0
69	63	83	87	78	30	25
69	78	55	82	89	24	54
69	78	52	82	2	79	0
69	78	83	82	78	19	52
69	55	52	89	2	82	1
69	55	83	89	78	51	24
69	52	83	2	78	0	69
70	74	85	90	100	23	72
70	74	71	90	86	35	25
70	85	71	100	86	71	25
71	72	65	80	1	78	0
71	72	84	80	89	28	59
71	72	74	80	82	20	28
71	72	85	80	100	13	71
71	72	70	80	83	52	17
71	72	73	80	100	18	65
71	72	82	80	68	39	11
71	65	84	1	89	0	84
71	65	74	1	82	0	75
71	65	85	1	100	0	100
71	65	70	1	83	0	73
71	65	73	1	100	0	92
71	65	82	1	68	0	62
71	84	74	89	82	65	20
71	84	85	89	100	13	70
71	84	70	89	83	61	30
71	84	73	89	100	29	60
71	84	82	89	68	56	20
71	74	85	82	100	20	62
71	74	70	82	83	50	23
71	74	73	82	100	22	75
71	74	82	82	68	51	13
71	85	70	100	83	73	22
71	85	73	100	100	23	71
71	85	82	100	68	73	9
71	70	73	83	100	7	71
71	70	82	83	68	30	32
71	73	82	100	68	76	23
72	73	79	87	100	25	70
72	73	84	87	79	58	28
72	73	71	87	78	50	31
72	79	84	100	79	76	13
72	79	71	100	78	71	12
72	84	71	79	78	25	21
73	74	10	12	73	6	46
73	74	84	12	77	4	74
73	74	80	12	88	2	67
73	74	65	12	79	2	70
73	74	72	12	89	2	87
73	74	79	12	86	2	84
73	74	69	12	80	2	79
73	74	63	12	75	0	79
73	74	83	12	84	2	71
73	74	71	12	100	0	89
73	74	82	12	69	5	67
73	74	75	12	62	4	49
73	74	85	12	55	6	33
73	10	84	73	77	24	67
73	10	80	73	88	19	47
73	10	65	73	79	15	39
73	10	72	73	89	20	67
73	10	79	73	86	17	70
73	10	69	73	80	17	56
73	10	63	73	75	16	62
73	10	83	73	84	18	59
73	10	71	73	100	6	69
73	10	82	73	69	26	53
73	10	75	73	62	18	20
73	10	85	73	55	40	30
73	84	80	77	88	63	25
73	84	65	77	79	53	20
73	84	72	77	89	41	32
73	84	79	77	86	34	27
73	84	69	77	80	56	27
73	84	63	77	75	54	19
73	84	83	77	84	48	25
73	84	71	77	100	25	60
73	84	82	77	69	37	23
73	84	75	77	62	51	29
73	84	85	77	55	65	16
73	80	65	88	79	25	14
73	80	72	88	89	10	61
73	80	79	88	86	9	68
73	80	69	88	80	24	55
73	80	63	88	75	19	64
73	80	83	88	84	19	58
73	80	71	88	100	11	62
73	80	82	88	69	28	14
73	80	75	88	62	56	6
73	80	85	88	55	47	8
73	65	72	79	89	14	61
73	65	79	79	86	14	60
73	65	69	79	80	18	57
73	65	63	79	75	21	55
73	65	83	79	84	14	52
73	65	71	79	100	20	69
73	65	82	79	69	23	22
73	65	75	79	62	41	19
73	65	85	79	55	37	11
73	72	79	89	86	28	20
73	72	69	89	80	62	11
73	72	63	89	75	39	13
73	72	83	89	84	57	12
73	72	71	89	100	26	60
73	72	82	89	69	70	13
73	72	75	89	62	64	7
73	72	85	89	55	71	5
73	79	69	86	80	54	11
73	79	63	86	75	34	17
73	79	83	86	84	57	15
73	79	71	86	100	14	69
73	79	82	86	69	64	10
73	79	75	86	62	74	11
73	79	85	86	55	68	11
73	69	63	80	75	22	37
73	69	83	80	84	27	26
73	69	71	80	100	7	66
73	69	82	80	69	55	26
73	69	75	80	62	58	10
73	69	85	80	55	60	16
73	63	83	75	84	39	17
73	63	71	75	100	19	72
73	63	82	75	69	57	14
73	63	75	75	62	69	16
73	63	85	75	55	63	15
73	83	71	84	100	19	72
73	83	82	84	69	43	23
73	83	75	84	62	58	18
73	83	85	84	55	67	9
73	71	82	100	69	79	13
73	71	75	100	62	73	10
73	71	85	100	55	65	19
73	82	75	69	62	49	24
73	82	85	69	55	32	17
73	75	85	62	55	24	15
74	70	76	84	99	27	61
74	70	85	84	100	31	61
74	70	124	84	87	19	49
74	70	71	84	76	22	48
74	76	85	99	100	32	62
74	76	124	99	87	62	18
74	76	71	99	76	71	16
74	85	124	100	87	73	12
74	85	71	100	76	67	25
74	124	71	87	76	19	22
75	65	10	12	84	4	75
75	65	3	12	79	4	73
75	65	67	12	33	10	22
75	65	73	12	65	5	44
75	65	2	12	81	2	83
75	65	66	12	95	1	93
75	65	84	12	57	8	37
75	65	12	12	72	2	49
75	65	1	12	35	12	26
75	10	3	84	79	21	55
75	10	67	84	33	66	4
75	10	73	84	65	35	17
75	10	2	84	81	27	44
75	10	66	84	95	11	67
75	10	84	84	57	44	7
75	10	12	84	72	42	16
75	10	1	84	35	63	5
75	3	67	79	33	72	5
75	3	73	79	65	50	17
75	3	2	79	81	24	47
75	3	66	79	95	22	64
75	3	84	79	57	55	7
75	3	12	79	72	55	18
75	3	1	79	35	71	6
75	67	73	33	65	10	47
75	67	2	33	81	6	68
75	67	66	33	95	2	91
75	67	84	33	57	11	35
75	67	12	33	72	4	40
75	67	1	33	35	19	32
75	73	2	65	81	13	58
75	73	66	65	95	10	71
75	73	84	65	57	34	15
75	73	12	65	72	12	10
75	73	1	65	35	30	8
75	2	66	81	95	26	64
75	2	84	81	57	54	12
75	2	12	81	72	61	17
75	2	1	81	35	67	7
75	66	84	95	57	63	16
75	66	12	95	72	77	8
75	66	1	95	35	90	3
75	84	12	57	72	8	19
75	84	1	57	35	25	17
75	12	1	72	35	27	13
76	71	74	20	99	1	91
76	71	85	20	100	4	88
76	71	70	20	99	7	96
76	74	85	99	100	67	27
76	74	70	99	99	26	32
76	85	70	100	99	30	70
77	7	123	89	15	60	2
77	7	55	89	12	77	4
77	7	5	89	88	19	62
77	7	69	89	75	22	48
77	123	55	15	12	10	17
77	123	5	15	88	3	81
77	123	69	15	75	2	71
77	55	5	12	88	1	87
77	55	69	12	75	6	78
77	5	69	88	75	21	17
78	55	48	79	100	25	65
78	55	42	79	51	59	16
78	55	45	79	52	73	16
78	55	43	79	87	22	32
78	55	69	79	83	56	32
78	55	68	79	40	69	8
78	55	30	79	23	64	4
78	48	42	100	51	77	13
78	48	45	100	52	71	14
78	48	43	100	87	61	20
78	48	69	100	83	70	21
78	48	68	100	40	75	6
78	48	30	100	23	68	4
78	42	45	51	52	18	21
78	42	43	51	87	23	56
78	42	69	51	83	18	53
78	42	68	51	40	19	12
78	42	30	51	23	19	6
78	45	43	52	87	11	56
78	45	69	52	83	18	53
78	45	68	52	40	17	20
78	45	30	52	23	10	3
78	43	69	87	83	66	20
78	43	68	87	40	66	10
78	43	30	87	23	64	7
78	69	68	83	40	61	4
78	69	30	83	23	71	4
78	68	30	40	23	12	2
79	72	73	100	89	72	26
80	6	120	57	65	25	24
80	6	59	57	97	8	72
80	6	2	57	12	20	2
80	6	16	57	95	21	58
80	6	73	57	77	15	35
80	6	1	57	86	16	63
80	6	137	57	33	36	20
80	6	18	57	53	23	10
80	6	13	57	13	31	4
80	120	59	65	97	9	71
80	120	2	65	12	26	4
80	120	16	65	95	11	71
80	120	73	65	77	19	45
80	120	1	65	86	21	61
80	120	137	65	33	26	12
80	120	18	65	53	23	19
80	120	13	65	13	31	1
80	59	2	97	12	85	1
80	59	16	97	95	58	22
80	59	73	97	77	70	18
80	59	1	97	86	68	14
80	59	137	97	33	79	6
80	59	18	97	53	73	4
80	59	13	97	13	80	2
80	2	16	12	95	2	79
80	2	73	12	77	0	66
80	2	1	12	86	4	66
80	2	137	12	33	9	14
80	2	18	12	53	3	13
80	2	13	12	13	3	0
80	16	73	95	77	63	14
80	16	1	95	86	70	20
80	16	137	95	33	76	5
80	16	18	95	53	61	11
80	16	13	95	13	82	0
80	73	1	77	86	13	61
80	73	137	77	33	61	10
80	73	18	77	53	46	11
80	73	13	77	13	71	1
80	1	137	86	33	67	9
80	1	18	86	53	58	15
80	1	13	86	13	65	2
80	137	18	33	53	11	35
80	137	13	33	13	21	5
80	18	13	53	13	15	4
82	123	116	73	87	34	25
82	123	63	73	84	11	59
82	123	84	73	80	14	62
82	123	66	73	63	36	12
82	123	69	73	79	11	51
82	123	73	73	73	47	30
82	123	67	73	76	23	29
82	123	83	73	78	9	51
82	123	71	73	60	49	22
82	123	65	73	98	21	69
82	123	68	73	91	7	64
82	123	129	73	77	16	25
82	116	63	87	84	15	58
82	116	84	87	80	27	54
82	116	66	87	63	26	8
82	116	69	87	79	18	56
82	116	73	87	73	42	13
82	116	67	87	76	15	49
82	116	83	87	78	17	55
82	116	71	87	60	34	9
82	116	65	87	98	23	62
82	116	68	87	91	14	60
82	116	129	87	77	29	32
82	63	84	84	80	24	48
82	63	66	84	63	60	18
82	63	69	84	79	21	59
82	63	73	84	73	60	26
82	63	67	84	76	56	21
82	63	83	84	78	46	16
82	63	71	84	60	64	19
82	63	65	84	98	19	59
82	63	68	84	91	18	60
82	63	129	84	77	47	4
82	84	66	80	63	48	21
82	84	69	80	79	44	36
82	84	73	80	73	53	19
82	84	67	80	76	59	20
82	84	83	80	78	59	18
82	84	71	80	60	59	22
82	84	65	80	98	19	73
82	84	68	80	91	47	31
82	84	129	80	77	58	16
82	66	69	63	79	6	55
82	66	73	63	73	15	20
82	66	67	63	76	9	43
82	66	83	63	78	18	50
82	66	71	63	60	22	16
82	66	65	63	98	22	63
82	66	68	63	91	6	65
82	66	129	63	77	7	27
82	69	73	79	73	63	23
82	69	67	79	76	52	13
82	69	83	79	78	53	21
82	69	71	79	60	58	18
82	69	65	79	98	20	62
82	69	68	79	91	54	24
82	69	129	79	77	54	20
82	73	67	73	76	20	60
82	73	83	73	78	25	58
82	73	71	73	60	26	12
82	73	65	73	98	20	66
82	73	68	73	91	9	58
82	73	129	73	77	16	52
82	67	83	76	78	14	36
82	67	71	76	60	47	19
82	67	65	76	98	21	74
82	67	68	76	91	5	60
82	67	129	76	77	16	19
82	83	71	78	60	53	22
82	83	65	78	98	24	63
82	83	68	78	91	20	67
82	83	129	78	77	38	11
82	71	65	60	98	12	71
82	71	68	60	91	9	68
82	71	129	60	77	18	55
82	65	68	98	91	72	15
82	65	129	98	77	61	26
82	68	129	91	77	53	10
83	84	69	89	79	64	33
83	84	65	89	81	68	27
83	84	63	89	100	52	35
83	84	66	89	72	59	30
83	84	82	89	78	61	24
83	84	48	89	76	55	33
83	84	55	89	66	56	20
83	84	73	89	83	66	26
83	69	65	79	81	21	39
83	69	63	79	100	22	69
83	69	66	79	72	61	17
83	69	82	79	78	60	17
83	69	48	79	76	53	26
83	69	55	79	66	50	16
83	69	73	79	83	65	26
83	65	63	81	100	23	66
83	65	66	81	72	60	16
83	65	82	81	78	41	24
83	65	48	81	76	60	19
83	65	55	81	66	54	12
83	65	73	81	83	55	19
83	63	66	100	72	68	4
83	63	82	100	78	71	19
83	63	48	100	76	73	21
83	63	55	100	66	65	23
83	63	73	100	83	55	21
83	66	82	72	78	19	57
83	66	48	72	76	19	66
83	66	55	72	66	17	24
83	66	73	72	83	4	59
83	82	48	78	76	53	24
83	82	55	78	66	56	6
83	82	73	78	83	54	21
83	48	55	76	66	54	17
83	48	73	76	83	14	18
83	55	73	66	83	18	42
84	68	82	70	83	26	63
84	68	72	70	73	18	51
84	68	65	70	77	18	58
84	68	66	70	90	11	59
84	68	48	70	59	32	5
84	68	69	70	82	20	55
84	68	71	70	89	12	64
84	68	42	70	52	49	9
84	68	117	70	70	13	27
84	68	73	70	81	13	55
84	68	83	70	89	14	66
84	68	75	70	52	47	11
84	68	63	70	23	52	7
84	82	72	83	73	59	13
84	82	65	83	77	50	21
84	82	66	83	90	56	26
84	82	48	83	59	62	6
84	82	69	83	82	59	17
84	82	71	83	89	57	32
84	82	42	83	52	66	8
84	82	117	83	70	58	11
84	82	73	83	81	51	28
84	82	83	83	89	37	27
84	82	75	83	52	69	8
84	82	63	83	23	70	5
84	72	65	73	77	16	57
84	72	66	73	90	13	61
84	72	48	73	59	51	8
84	72	69	73	82	16	53
84	72	71	73	89	20	57
84	72	42	73	52	54	12
84	72	117	73	70	33	18
84	72	73	73	81	19	55
84	72	83	73	89	10	63
84	72	75	73	52	54	7
84	72	63	73	23	68	3
84	65	66	77	90	51	30
84	65	48	77	59	56	12
84	65	69	77	82	57	23
84	65	71	77	89	20	31
84	65	42	77	52	63	8
84	65	117	77	70	56	9
84	65	73	77	81	52	22
84	65	83	77	89	21	53
84	65	75	77	52	51	10
84	65	63	77	23	51	4
84	66	48	90	59	64	6
84	66	69	90	82	66	10
84	66	71	90	89	18	60
84	66	42	90	52	83	3
84	66	117	90	70	71	10
84	66	73	90	81	54	16
84	66	83	90	89	21	61
84	66	75	90	52	62	10
84	66	63	90	23	76	5
84	48	69	59	82	14	57
84	48	71	59	89	10	56
84	48	42	59	52	26	15
84	48	117	59	70	14	51
84	48	73	59	81	6	59
84	48	83	59	89	18	67
84	48	75	59	52	29	21
84	48	63	59	23	41	10
84	69	71	82	89	9	73
84	69	42	82	52	54	11
84	69	117	82	70	54	11
84	69	73	82	81	24	64
84	69	83	82	89	29	56
84	69	75	82	52	61	10
84	69	63	82	23	60	5
84	71	42	89	52	70	7
84	71	117	89	70	69	6
84	71	73	89	81	49	32
84	71	83	89	89	11	58
84	71	75	89	52	61	8
84	71	63	89	23	80	4
84	42	117	52	70	12	35
84	42	73	52	81	12	65
84	42	83	52	89	6	78
84	42	75	52	52	12	19
84	42	63	52	23	34	11
84	117	73	70	81	11	66
84	117	83	70	89	4	60
84	117	75	70	52	48	17
84	117	63	70	23	58	3
84	73	83	81	89	18	53
84	73	75	81	52	53	21
84	73	63	81	23	68	6
84	83	75	89	52	73	11
84	83	63	89	23	77	6
84	75	63	52	23	40	6
85	74	71	100	100	63	30
85	74	73	100	70	78	16
85	74	70	100	100	69	22
85	74	76	100	99	74	20
85	71	73	100	70	60	22
85	71	70	100	100	30	73
85	71	76	100	99	61	26
85	73	70	70	100	8	72
85	73	76	70	99	11	72
85	70	76	100	99	66	31
115	132	138	74	74	54	19
115	132	123	74	90	21	66
115	132	133	74	97	34	42
115	132	118	74	100	16	71
115	132	116	74	100	14	75
115	132	117	74	100	24	67
115	132	119	74	92	23	59
115	132	121	74	92	20	58
115	132	122	74	61	61	30
115	138	123	74	90	31	48
115	138	133	74	97	23	68
115	138	118	74	100	17	79
115	138	116	74	100	22	66
115	138	117	74	100	15	71
115	138	119	74	92	24	57
115	138	121	74	92	24	60
115	138	122	74	61	24	19
115	123	133	90	97	61	38
115	123	118	90	100	25	65
115	123	116	90	100	26	66
115	123	117	90	100	24	64
115	123	119	90	92	34	60
115	123	121	90	92	33	53
115	123	122	90	61	79	16
115	133	118	97	100	30	61
115	133	116	97	100	30	65
115	133	117	97	100	23	63
115	133	119	97	92	36	59
115	133	121	97	92	26	69
115	133	122	97	61	67	9
115	118	116	100	100	54	35
115	118	117	100	100	62	24
115	118	119	100	92	65	22
115	118	121	100	92	66	25
115	118	122	100	61	73	10
115	116	117	100	100	25	65
115	116	119	100	92	64	22
115	116	121	100	92	24	67
115	116	122	100	61	70	17
115	117	119	100	92	55	33
115	117	121	100	92	61	28
115	117	122	100	61	62	15
115	119	121	92	92	32	47
115	119	122	92	61	68	14
115	121	122	92	61	66	12
116	123	82	87	87	49	18
116	123	133	87	99	31	55
116	123	126	87	69	51	14
116	123	136	87	89	58	21
116	123	121	87	90	30	53
116	123	119	87	96	23	57
116	123	65	87	62	67	21
116	123	138	87	80	60	22
116	123	115	87	100	26	57
116	123	122	87	100	12	72
116	123	117	87	99	23	57
116	123	129	87	94	28	57
116	123	118	87	98	35	68
116	123	128	87	99	33	58
116	82	133	87	99	19	80
116	82	126	87	69	57	8
116	82	136	87	89	44	23
116	82	121	87	90	15	65
116	82	119	87	96	24	60
116	82	65	87	62	54	15
116	82	138	87	80	28	11
116	82	115	87	100	13	64
116	82	122	87	100	12	73
116	82	117	87	99	10	78
116	82	129	87	94	21	59
116	82	118	87	98	7	76
116	82	128	87	99	7	74
116	133	126	99	69	64	24
116	133	136	99	89	73	9
116	133	121	99	90	28	30
116	133	119	99	96	34	56
116	133	65	99	62	72	24
116	133	138	99	80	75	23
116	133	115	99	100	26	51
116	133	122	99	100	16	67
116	133	117	99	99	27	65
116	133	129	99	94	35	55
116	133	118	99	98	24	66
116	133	128	99	99	16	64
116	126	136	69	89	9	31
116	126	121	69	90	20	54
116	126	119	69	96	22	45
116	126	65	69	62	18	23
116	126	138	69	80	16	31
116	126	115	69	100	4	74
116	126	122	69	100	13	79
116	126	117	69	99	18	67
116	126	129	69	94	20	53
116	126	118	69	98	19	66
116	126	128	69	99	19	70
116	136	121	89	90	19	58
116	136	119	89	96	17	66
116	136	65	89	62	42	13
116	136	138	89	80	22	17
116	136	115	89	100	19	70
116	136	122	89	100	21	63
116	136	117	89	99	32	61
116	136	129	89	94	21	62
116	136	118	89	98	14	72
116	136	128	89	99	27	62
116	121	119	90	96	23	57
116	121	65	90	62	67	15
116	121	138	90	80	66	25
116	121	115	90	100	21	72
116	121	122	90	100	10	76
116	121	117	90	99	28	69
116	121	129	90	94	29	53
116	121	118	90	98	31	54
116	121	128	90	99	22	71
116	119	65	96	62	69	10
116	119	138	96	80	66	16
116	119	115	96	100	29	29
116	119	122	96	100	14	65
116	119	117	96	99	20	67
116	119	129	96	94	35	56
116	119	118	96	98	26	28
116	119	128	96	99	20	65
116	65	138	62	80	12	41
116	65	115	62	100	7	67
116	65	122	62	100	12	74
116	65	117	62	99	10	82
116	65	129	62	94	17	50
116	65	118	62	98	10	76
116	65	128	62	99	8	75
116	138	115	80	100	22	62
116	138	122	80	100	10	66
116	138	117	80	99	19	66
116	138	129	80	94	17	66
116	138	118	80	98	17	73
116	138	128	80	99	9	75
116	115	122	100	100	25	68
116	115	117	100	99	23	65
116	115	129	100	94	27	64
116	115	118	100	98	33	31
116	115	128	100	99	19	69
116	122	117	100	99	22	62
116	122	129	100	94	32	47
116	122	118	100	98	45	18
116	122	128	100	99	20	69
116	117	129	99	94	66	19
116	117	118	99	98	61	22
116	117	128	99	99	24	72
116	129	118	94	98	54	33
116	129	128	94	99	20	79
116	118	128	98	99	26	67
117	123	126	91	69	63	22
117	123	115	91	100	27	63
117	123	119	91	100	31	32
117	123	132	91	91	65	28
117	123	133	91	83	70	24
117	123	84	91	63	73	10
117	123	116	91	99	68	27
117	123	118	91	100	28	64
117	123	120	91	57	69	8
117	123	128	91	83	61	23
117	123	138	91	55	74	9
117	123	129	91	66	69	18
117	123	121	91	100	34	60
117	123	122	91	10	96	1
117	123	136	91	9	98	0
117	126	115	69	100	11	69
117	126	119	69	100	12	63
117	126	132	69	91	14	49
117	126	133	69	83	26	32
117	126	84	69	63	19	13
117	126	116	69	99	18	72
117	126	118	69	100	25	57
117	126	120	69	57	42	14
117	126	128	69	83	27	35
117	126	138	69	55	41	19
117	126	129	69	66	23	31
117	126	121	69	100	23	58
117	126	122	69	10	66	1
117	126	136	69	9	65	0
117	115	119	100	100	64	26
117	115	132	100	91	63	22
117	115	133	100	83	64	20
117	115	84	100	63	68	16
117	115	116	100	99	67	25
117	115	118	100	100	30	71
117	115	120	100	57	75	16
117	115	128	100	83	62	12
117	115	138	100	55	74	18
117	115	129	100	66	68	18
117	115	121	100	100	25	61
117	115	122	100	10	91	2
117	115	136	100	9	97	0
117	119	132	100	91	64	21
117	119	133	100	83	70	25
117	119	84	100	63	62	10
117	119	116	100	99	61	25
117	119	118	100	100	36	59
117	119	120	100	57	67	21
117	119	128	100	83	60	16
117	119	138	100	55	70	14
117	119	129	100	66	72	24
117	119	121	100	100	32	67
117	119	122	100	10	94	1
117	119	136	100	9	95	0
117	132	133	91	83	60	27
117	132	84	91	63	67	14
117	132	116	91	99	35	30
117	132	118	91	100	25	71
117	132	120	91	57	59	19
117	132	128	91	83	60	21
117	132	138	91	55	55	17
117	132	129	91	66	58	23
117	132	121	91	100	28	69
117	132	122	91	10	87	1
117	132	136	91	9	78	3
117	133	84	83	63	34	8
117	133	116	83	99	23	57
117	133	118	83	100	29	60
117	133	120	83	57	66	5
117	133	128	83	83	18	27
117	133	138	83	55	61	18
117	133	129	83	66	32	25
117	133	121	83	100	21	68
117	133	122	83	10	78	0
117	133	136	83	9	77	0
117	84	116	63	99	17	76
117	84	118	63	100	14	78
117	84	120	63	57	46	12
117	84	128	63	83	13	50
117	84	138	63	55	51	14
117	84	129	63	66	15	23
117	84	121	63	100	9	81
117	84	122	63	10	60	3
117	84	136	63	9	59	1
117	116	118	99	100	29	68
117	116	120	99	57	72	7
117	116	128	99	83	60	27
117	116	138	99	55	68	17
117	116	129	99	66	66	18
117	116	121	99	100	31	58
117	116	122	99	10	92	2
117	116	136	99	9	91	2
117	118	120	100	57	79	10
117	118	128	100	83	68	22
117	118	138	100	55	72	15
117	118	129	100	66	72	22
117	118	121	100	100	54	30
117	118	122	100	10	97	1
117	118	136	100	9	95	0
117	120	128	57	83	5	63
117	120	138	57	55	32	12
117	120	129	57	66	17	52
117	120	121	57	100	18	65
117	120	122	57	10	56	2
117	120	136	57	9	57	0
117	128	138	83	55	70	8
117	128	129	83	66	39	18
117	128	121	83	100	22	63
117	128	122	83	10	79	4
117	128	136	83	9	72	0
117	138	129	55	66	16	53
117	138	121	55	100	13	70
117	138	122	55	10	51	4
117	138	136	55	9	54	0
117	129	121	66	100	18	69
117	129	122	66	10	66	3
117	129	136	66	9	62	2
117	121	122	100	10	99	0
117	121	136	100	9	99	1
117	122	136	10	9	6	4
118	133	137	98	69	70	21
118	133	121	98	77	61	16
118	133	129	98	88	79	13
118	133	138	98	81	60	18
118	133	132	98	88	62	32
118	133	126	98	75	63	25
118	133	116	98	100	58	26
118	133	117	98	100	27	69
118	133	123	98	86	72	26
118	133	115	98	100	28	59
118	133	128	98	90	74	11
118	133	119	98	99	26	67
118	137	121	69	77	16	37
118	137	129	69	88	20	63
118	137	138	69	81	20	42
118	137	132	69	88	21	53
118	137	126	69	75	31	32
118	137	116	69	100	9	73
118	137	117	69	100	5	76
118	137	123	69	86	15	55
118	137	115	69	100	16	71
118	137	128	69	90	37	28
118	137	119	69	99	5	77
118	121	129	77	88	20	60
118	121	138	77	81	27	24
118	121	132	77	88	21	54
118	121	126	77	75	23	20
118	121	116	77	100	18	64
118	121	117	77	100	20	62
118	121	123	77	86	24	51
118	121	115	77	100	18	69
118	121	128	77	90	27	38
118	121	119	77	99	24	65
118	129	138	88	81	62	27
118	129	132	88	88	34	62
118	129	126	88	75	48	22
118	129	116	88	100	25	56
118	129	117	88	100	33	51
118	129	123	88	86	27	26
118	129	115	88	100	18	58
118	129	128	88	90	46	38
118	129	119	88	99	26	61
118	138	132	81	88	26	52
118	138	126	81	75	29	24
118	138	116	81	100	19	63
118	138	117	81	100	24	70
118	138	123	81	86	22	48
118	138	115	81	100	24	66
118	138	128	81	90	37	18
118	138	119	81	99	22	67
118	132	126	88	75	68	24
118	132	116	88	100	23	37
118	132	117	88	100	29	64
118	132	123	88	86	47	31
118	132	115	88	100	25	67
118	132	128	88	90	63	27
118	132	119	88	99	24	76
118	126	116	75	100	16	73
118	126	117	75	100	13	75
118	126	123	75	86	16	53
118	126	115	75	100	13	78
118	126	128	75	90	23	26
118	126	119	75	99	17	67
118	116	117	100	100	24	58
118	116	123	100	86	66	19
118	116	115	100	100	25	67
118	116	128	100	90	53	28
118	116	119	100	99	27	59
118	117	123	100	86	63	26
118	117	115	100	100	65	31
118	117	128	100	90	56	29
118	117	119	100	99	64	33
118	123	115	86	100	23	71
118	123	128	86	90	54	26
118	123	119	86	99	25	74
118	115	128	100	90	63	10
118	115	119	100	99	63	26
118	128	119	90	99	19	71
119	115	118	92	100	40	54
119	115	133	92	92	43	20
119	115	116	92	91	19	58
119	115	138	92	76	54	27
119	115	66	92	68	69	9
119	115	132	92	74	63	20
119	115	123	92	86	34	29
119	115	124	92	15	85	2
119	115	120	92	59	67	9
119	115	121	92	99	21	64
119	115	129	92	79	44	19
119	115	117	92	100	27	56
119	115	126	92	6	90	0
119	115	73	92	7	87	1
119	118	133	100	92	60	28
119	118	116	100	91	69	31
119	118	138	100	76	72	17
119	118	66	100	68	81	15
119	118	132	100	74	76	17
119	118	123	100	86	64	30
119	118	124	100	15	96	0
119	118	120	100	59	75	11
119	118	121	100	99	66	31
119	118	129	100	79	61	23
119	118	117	100	100	60	21
119	118	126	100	6	93	2
119	118	73	100	7	96	0
119	133	116	92	91	26	55
119	133	138	92	76	61	17
119	133	66	92	68	71	9
119	133	132	92	74	57	24
119	133	123	92	86	30	39
119	133	124	92	15	89	0
119	133	120	92	59	71	12
119	133	121	92	99	24	68
119	133	129	92	79	31	22
119	133	117	92	100	26	72
119	133	126	92	6	90	1
119	133	73	92	7	86	1
119	116	138	91	76	62	24
119	116	66	91	68	77	13
119	116	132	91	74	70	15
119	116	123	91	86	60	19
119	116	124	91	15	94	0
119	116	120	91	59	68	11
119	116	121	91	99	29	60
119	116	129	91	79	72	22
119	116	117	91	100	28	71
119	116	126	91	6	89	0
119	116	73	91	7	88	1
119	138	66	76	68	25	21
119	138	132	76	74	21	46
119	138	123	76	86	21	57
119	138	124	76	15	63	1
119	138	120	76	59	27	20
119	138	121	76	99	11	69
119	138	129	76	79	14	63
119	138	117	76	100	12	68
119	138	126	76	6	69	1
119	138	73	76	7	72	1
119	66	132	68	74	21	44
119	66	123	68	86	9	59
119	66	124	68	15	60	3
119	66	120	68	59	27	20
119	66	121	68	99	6	71
119	66	129	68	79	14	53
119	66	117	68	100	14	70
119	66	126	68	6	66	1
119	66	73	68	7	62	1
119	132	123	74	86	16	59
119	132	124	74	15	70	1
119	132	120	74	59	40	16
119	132	121	74	99	18	70
119	132	129	74	79	22	47
119	132	117	74	100	17	74
119	132	126	74	6	73	0
119	132	73	74	7	65	0
119	123	124	86	15	85	2
119	123	120	86	59	63	12
119	123	121	86	99	19	69
119	123	129	86	79	33	24
119	123	117	86	100	25	63
119	123	126	86	6	81	1
119	123	73	86	7	73	0
119	124	120	15	59	2	56
119	124	121	15	99	2	98
119	124	129	15	79	2	74
119	124	117	15	100	0	100
119	124	126	15	6	3	9
119	124	73	15	7	1	7
119	120	121	59	99	13	64
119	120	129	59	79	15	64
119	120	117	59	100	15	67
119	120	126	59	6	61	1
119	120	73	59	7	59	4
119	121	129	99	79	65	24
119	121	117	99	100	27	63
119	121	126	99	6	100	0
119	121	73	99	7	95	1
119	129	117	79	100	19	70
119	129	126	79	6	72	0
119	129	73	79	7	79	1
119	117	126	100	6	98	2
119	117	73	100	7	91	2
119	126	73	6	7	2	9
120	130	137	75	67	65	15
120	130	132	75	88	31	33
120	130	80	75	70	59	16
120	130	119	75	61	59	17
120	130	117	75	70	65	12
120	130	121	75	78	56	21
120	137	132	67	88	16	64
120	137	80	67	70	56	21
120	137	119	67	61	56	22
120	137	117	67	70	53	12
120	137	121	67	78	27	36
120	132	80	88	70	69	12
120	132	119	88	61	48	26
120	132	117	88	70	59	20
120	132	121	88	78	60	21
120	80	119	70	61	30	19
120	80	117	70	70	18	19
120	80	121	70	78	17	57
120	119	117	61	70	19	42
120	119	121	61	78	21	50
120	117	121	70	78	21	54
121	132	123	70	73	42	36
121	132	116	70	88	40	35
121	132	117	70	100	28	68
121	132	119	70	100	22	73
121	132	137	70	56	54	12
121	132	129	70	81	44	33
121	132	133	70	91	21	63
121	132	138	70	65	56	24
121	132	128	70	12	72	1
121	132	115	70	89	23	61
121	132	118	70	75	54	23
121	132	120	70	76	21	24
121	123	116	73	88	25	59
121	123	117	73	100	31	58
121	123	119	73	100	17	70
121	123	137	73	56	55	17
121	123	129	73	81	26	38
121	123	133	73	91	20	60
121	123	138	73	65	22	23
121	123	128	73	12	74	0
121	123	115	73	89	17	62
121	123	118	73	75	34	32
121	123	120	73	76	23	58
121	116	117	88	100	25	72
121	116	119	88	100	28	58
121	116	137	88	56	68	10
121	116	129	88	81	44	27
121	116	133	88	91	22	59
121	116	138	88	65	63	18
121	116	128	88	12	74	3
121	116	115	88	89	25	58
121	116	118	88	75	61	19
121	116	120	88	76	26	46
121	117	119	100	100	78	17
121	117	137	100	56	79	7
121	117	129	100	81	72	21
121	117	133	100	91	65	22
121	117	138	100	65	65	22
121	117	128	100	12	93	1
121	117	115	100	89	75	25
121	117	118	100	75	64	21
121	117	120	100	76	73	18
121	119	137	100	56	70	2
121	119	129	100	81	62	25
121	119	133	100	91	67	21
121	119	138	100	65	73	14
121	119	128	100	12	88	0
121	119	115	100	89	64	25
121	119	118	100	75	64	22
121	119	120	100	76	60	20
121	137	129	56	81	16	49
121	137	133	56	91	21	62
121	137	138	56	65	18	47
121	137	128	56	12	55	4
121	137	115	56	89	20	62
121	137	118	56	75	20	53
121	137	120	56	76	11	58
121	129	133	81	91	21	63
121	129	138	81	65	57	21
121	129	128	81	12	70	1
121	129	115	81	89	17	53
121	129	118	81	75	46	22
121	129	120	81	76	17	49
121	133	138	91	65	61	19
121	133	128	91	12	85	1
121	133	115	91	89	25	55
121	133	118	91	75	52	22
121	133	120	91	76	65	13
121	138	128	65	12	67	0
121	138	115	65	89	18	53
121	138	118	65	75	27	42
121	138	120	65	76	14	51
121	128	115	12	89	0	89
121	128	118	12	75	0	78
121	128	120	12	76	0	75
121	115	118	89	75	60	24
121	115	120	89	76	68	15
121	118	120	75	76	24	48
122	116	128	99	100	36	70
122	116	124	99	100	69	14
122	116	129	99	1	92	0
122	116	135	99	99	63	9
122	116	136	99	100	34	52
122	116	115	99	62	74	13
122	116	127	99	100	14	20
122	116	117	99	5	80	4
122	128	124	100	100	67	13
122	128	129	100	1	90	0
122	128	135	100	99	62	29
122	128	136	100	100	28	59
122	128	115	100	62	73	12
122	128	127	100	100	54	32
122	128	117	100	5	88	5
122	124	129	100	1	94	0
122	124	135	100	99	24	70
122	124	136	100	100	25	68
122	124	115	100	62	69	5
122	124	127	100	100	34	53
122	124	117	100	5	89	5
122	129	135	1	99	0	91
122	129	136	1	100	0	95
122	129	115	1	62	1	35
122	129	127	1	100	0	95
122	129	117	1	5	0	11
122	135	136	99	100	19	66
122	135	115	99	62	84	10
122	135	127	99	100	26	60
122	135	117	99	5	92	3
122	136	115	100	62	81	9
122	136	127	100	100	66	31
122	136	117	100	5	84	2
122	115	127	62	100	9	76
122	115	117	62	5	32	0
122	127	117	100	5	90	0
123	126	129	78	100	12	74
123	126	115	78	87	7	61
123	126	119	78	83	16	52
123	126	67	78	81	8	16
123	126	121	78	76	24	25
123	126	128	78	85	9	25
123	126	132	78	64	23	21
123	126	117	78	100	16	66
123	126	116	78	86	16	50
123	126	118	78	84	15	59
123	126	138	78	99	13	71
123	126	65	78	78	15	44
123	126	82	78	78	7	40
123	126	133	78	100	18	58
123	126	130	78	65	31	29
123	126	77	78	14	50	3
123	129	115	100	87	75	12
123	129	119	100	83	75	19
123	129	67	100	81	71	13
123	129	121	100	76	67	18
123	129	128	100	85	70	19
123	129	132	100	64	65	22
123	129	117	100	100	63	32
123	129	116	100	86	69	23
123	129	118	100	84	57	22
123	129	138	100	99	73	21
123	129	65	100	78	77	18
123	129	82	100	78	66	21
123	129	133	100	100	57	38
123	129	130	100	65	75	4
123	129	77	100	14	85	3
123	115	119	87	83	28	52
123	115	67	87	81	58	7
123	115	121	87	76	57	13
123	115	128	87	85	47	11
123	115	132	87	64	57	14
123	115	117	87	100	25	60
123	115	116	87	86	26	23
123	115	118	87	84	25	43
123	115	138	87	99	21	63
123	115	65	87	78	28	24
123	115	82	87	78	28	12
123	115	133	87	100	21	61
123	115	130	87	65	69	7
123	115	77	87	14	76	2
123	119	67	83	81	58	13
123	119	121	83	76	49	32
123	119	128	83	85	53	25
123	119	132	83	64	51	26
123	119	117	83	100	26	64
123	119	116	83	86	63	23
123	119	118	83	84	36	21
123	119	138	83	99	23	65
123	119	65	83	78	64	20
123	119	82	83	78	58	20
123	119	133	83	100	22	67
123	119	130	83	65	55	14
123	119	77	83	14	71	3
123	67	121	81	76	19	28
123	67	128	81	85	17	20
123	67	132	81	64	29	17
123	67	117	81	100	9	67
123	67	116	81	86	12	63
123	67	118	81	84	18	61
123	67	138	81	99	13	62
123	67	65	81	78	21	47
123	67	82	81	78	19	44
123	67	133	81	100	26	60
123	67	130	81	65	48	17
123	67	77	81	14	69	1
123	121	128	76	85	25	31
123	121	132	76	64	24	17
123	121	117	76	100	13	79
123	121	116	76	86	26	53
123	121	118	76	84	21	58
123	121	138	76	99	28	67
123	121	65	76	78	17	52
123	121	82	76	78	23	46
123	121	133	76	100	19	69
123	121	130	76	65	50	8
123	121	77	76	14	67	4
123	128	132	85	64	25	9
123	128	117	85	100	25	72
123	128	116	85	86	26	69
123	128	118	85	84	25	58
123	128	138	85	99	9	67
123	128	65	85	78	22	51
123	128	82	85	78	21	48
123	128	133	85	100	12	71
123	128	130	85	65	31	13
123	128	77	85	14	71	1
123	132	117	64	100	17	67
123	132	116	64	86	16	64
123	132	118	64	84	21	57
123	132	138	64	99	15	74
123	132	65	64	78	22	63
123	132	82	64	78	14	54
123	132	133	64	100	19	71
123	132	130	64	65	27	17
123	132	77	64	14	60	7
123	117	116	100	86	70	26
123	117	118	100	84	62	29
123	117	138	100	99	60	36
123	117	65	100	78	74	13
123	117	82	100	78	64	15
123	117	133	100	100	56	30
123	117	130	100	65	77	5
123	117	77	100	14	92	3
123	116	118	86	84	30	50
123	116	138	86	99	18	60
123	116	65	86	78	35	40
123	116	82	86	78	29	25
123	116	133	86	100	25	65
123	116	130	86	65	69	5
123	116	77	86	14	77	3
123	118	138	84	99	22	58
123	118	65	84	78	55	21
123	118	82	84	78	65	17
123	118	133	84	100	23	58
123	118	130	84	65	61	10
123	118	77	84	14	74	0
123	138	65	99	78	71	16
123	138	82	99	78	74	12
123	138	133	99	100	36	51
123	138	130	99	65	74	15
123	138	77	99	14	78	4
123	65	82	78	78	31	21
123	65	133	78	100	17	72
123	65	130	78	65	52	19
123	65	77	78	14	56	0
123	82	133	78	100	6	75
123	82	130	78	65	53	18
123	82	77	78	14	55	2
123	133	130	100	65	67	23
123	133	77	100	14	96	2
123	130	77	65	14	35	5
124	127	74	100	88	66	7
124	127	135	100	100	45	31
124	127	136	100	100	63	31
124	127	122	100	99	64	26
124	127	131	100	99	62	19
124	74	135	88	100	13	77
124	74	136	88	100	14	78
124	74	122	88	99	9	28
124	74	131	88	99	7	72
124	135	136	100	100	25	36
124	135	122	100	99	63	29
124	135	131	100	99	23	57
124	136	122	100	99	66	30
124	136	131	100	99	27	73
124	122	131	99	99	13	71
126	138	119	95	4	78	0
126	138	65	95	69	74	8
126	138	129	95	90	61	31
126	138	117	95	70	70	14
126	138	116	95	51	70	14
126	138	123	95	65	79	17
126	138	133	95	100	61	33
126	138	118	95	65	62	23
126	138	130	95	82	60	21
126	138	137	95	0	99	0
126	119	65	4	69	2	25
126	119	129	4	90	0	65
126	119	117	4	70	5	45
126	119	116	4	51	1	17
126	119	123	4	65	1	47
126	119	133	4	100	2	82
126	119	118	4	65	0	46
126	119	130	4	82	1	66
126	119	137	4	0	5	0
126	65	129	69	90	21	51
126	65	117	69	70	16	31
126	65	116	69	51	19	14
126	65	123	69	65	20	21
126	65	133	69	100	18	77
126	65	118	69	65	15	48
126	65	130	69	82	11	56
126	65	137	69	0	57	0
126	129	117	90	70	60	12
126	129	116	90	51	65	14
126	129	123	90	65	58	15
126	129	133	90	100	25	63
126	129	118	90	65	65	17
126	129	130	90	82	65	21
126	129	137	90	0	89	0
126	117	116	70	51	37	15
126	117	123	70	65	20	20
126	117	133	70	100	13	80
126	117	118	70	65	14	26
126	117	130	70	82	14	66
126	117	137	70	0	60	0
126	116	123	51	65	9	31
126	116	133	51	100	11	82
126	116	118	51	65	17	56
126	116	130	51	82	16	57
126	116	137	51	0	49	0
126	123	133	65	100	20	63
126	123	118	65	65	19	30
126	123	130	65	82	20	63
126	123	137	65	0	71	0
126	133	118	100	65	71	14
126	133	130	100	82	69	25
126	133	137	100	0	92	0
126	118	130	65	82	17	53
126	118	137	65	0	75	0
126	130	137	82	0	80	0
127	136	124	97	100	24	67
127	136	135	97	100	18	65
127	136	128	97	91	60	26
127	136	122	97	99	21	61
127	124	135	100	100	64	25
127	124	128	100	91	61	16
127	124	122	100	99	75	29
127	135	128	100	91	66	31
127	135	122	100	99	30	65
127	128	122	91	99	22	61
128	123	129	90	91	23	53
128	123	127	90	89	15	60
128	123	121	90	10	76	1
128	123	122	90	100	19	74
128	123	135	90	100	24	70
128	123	117	90	83	26	52
128	123	116	90	100	20	64
128	123	136	90	100	14	76
128	123	118	90	88	28	47
128	129	127	91	89	22	24
128	129	121	91	10	72	3
128	129	122	91	100	22	62
128	129	135	91	100	30	65
128	129	117	91	83	37	27
128	129	116	91	100	19	76
128	129	136	91	100	11	81
128	129	118	91	88	68	20
128	127	121	89	10	80	1
128	127	122	89	100	24	63
128	127	135	89	100	29	77
128	127	117	89	83	36	19
128	127	116	89	100	15	68
128	127	136	89	100	21	71
128	127	118	89	88	60	23
128	121	122	10	100	0	93
128	121	135	10	100	2	89
128	121	117	10	83	4	59
128	121	116	10	100	3	79
128	121	136	10	100	2	88
128	121	118	10	88	7	62
128	122	135	100	100	65	27
128	122	117	100	83	66	21
128	122	116	100	100	36	31
128	122	136	100	100	68	27
128	122	118	100	88	60	15
128	135	117	100	83	70	18
128	135	116	100	100	17	71
128	135	136	100	100	20	50
128	135	118	100	88	65	13
128	117	116	83	100	21	74
128	117	136	83	100	16	86
128	117	118	83	88	47	27
128	116	136	100	100	70	23
128	116	118	100	88	60	22
128	136	118	100	88	61	10
129	126	138	93	82	61	28
129	126	131	93	83	57	9
129	126	116	93	90	25	41
129	126	82	93	80	73	13
129	126	135	93	91	57	14
129	126	121	93	79	63	15
129	126	119	93	80	62	14
129	126	123	93	100	21	62
129	126	133	93	89	70	16
129	126	65	93	77	57	19
129	126	117	93	68	67	13
129	126	132	93	57	68	14
129	126	118	93	89	53	22
129	126	122	93	0	95	0
129	126	128	93	88	58	15
129	138	131	82	83	50	25
129	138	116	82	90	20	66
129	138	82	82	80	43	10
129	138	135	82	91	47	18
129	138	121	82	79	34	32
129	138	119	82	80	23	34
129	138	123	82	100	31	62
129	138	133	82	89	24	50
129	138	65	82	77	63	14
129	138	117	82	68	60	16
129	138	132	82	57	63	17
129	138	118	82	89	27	62
129	138	122	82	0	83	0
129	138	128	82	88	52	16
129	131	116	83	90	16	67
129	131	82	83	80	18	51
129	131	135	83	91	25	55
129	131	121	83	79	18	60
129	131	119	83	80	26	57
129	131	123	83	100	12	72
129	131	133	83	89	13	64
129	131	65	83	77	24	38
129	131	117	83	68	28	48
129	131	132	83	57	34	6
129	131	118	83	89	11	57
129	131	122	83	0	83	0
129	131	128	83	88	15	63
129	116	82	90	80	61	19
129	116	135	90	91	69	16
129	116	121	90	79	59	21
129	116	119	90	80	65	22
129	116	123	90	100	18	75
129	116	133	90	89	59	25
129	116	65	90	77	68	14
129	116	117	90	68	66	18
129	116	132	90	57	80	3
129	116	118	90	89	61	24
129	116	122	90	0	92	0
129	116	128	90	88	65	17
129	82	135	80	91	29	27
129	82	121	80	79	17	44
129	82	119	80	80	24	47
129	82	123	80	100	17	70
129	82	133	80	89	10	55
129	82	65	80	77	41	24
129	82	117	80	68	50	12
129	82	132	80	57	54	19
129	82	118	80	89	10	48
129	82	122	80	0	79	0
129	82	128	80	88	14	21
129	135	121	91	79	22	48
129	135	119	91	80	25	57
129	135	123	91	100	17	71
129	135	133	91	89	11	62
129	135	65	91	77	69	12
129	135	117	91	68	46	13
129	135	132	91	57	76	10
129	135	118	91	89	15	64
129	135	122	91	0	89	0
129	135	128	91	88	27	39
129	121	119	79	80	21	44
129	121	123	79	100	19	62
129	121	133	79	89	16	52
129	121	65	79	77	56	16
129	121	117	79	68	52	21
129	121	132	79	57	52	17
129	121	118	79	89	30	47
129	121	122	79	0	79	0
129	121	128	79	88	49	26
129	119	123	80	100	18	75
129	119	133	80	89	17	53
129	119	65	80	77	56	16
129	119	117	80	68	45	20
129	119	132	80	57	48	13
129	119	118	80	89	21	30
129	119	122	80	0	84	0
129	119	128	80	88	43	35
129	123	133	100	89	69	23
129	123	65	100	77	59	24
129	123	117	100	68	75	19
129	123	132	100	57	70	18
129	123	118	100	89	69	21
129	123	122	100	0	100	0
129	123	128	100	88	63	29
129	133	65	89	77	59	20
129	133	117	89	68	67	21
129	133	132	89	57	65	16
129	133	118	89	89	42	31
129	133	122	89	0	91	0
129	133	128	89	88	61	12
129	65	117	77	68	12	21
129	65	132	77	57	56	19
129	65	118	77	89	4	66
129	65	122	77	0	79	1
129	65	128	77	88	13	68
129	117	132	68	57	55	14
129	117	118	68	89	19	56
129	117	122	68	0	71	0
129	117	128	68	88	21	68
129	132	118	57	89	23	62
129	132	122	57	0	61	0
129	132	128	57	88	12	74
129	118	122	89	0	85	0
129	118	128	89	88	58	29
129	122	128	0	88	0	84
130	133	137	63	100	24	59
130	133	123	63	53	33	15
130	133	138	63	89	21	68
130	133	126	63	81	22	55
130	133	132	63	88	19	67
130	133	120	63	78	25	59
130	137	123	100	53	78	4
130	137	138	100	89	76	24
130	137	126	100	81	60	18
130	137	132	100	88	55	34
130	137	120	100	78	76	22
130	123	138	53	89	16	55
130	123	126	53	81	11	60
130	123	132	53	88	20	67
130	123	120	53	78	12	57
130	138	126	89	81	61	25
130	138	132	89	88	30	63
130	138	120	89	78	21	67
130	126	132	81	88	35	42
130	126	120	81	78	17	47
130	132	120	88	78	56	26
131	135	129	98	73	59	27
131	135	124	98	100	62	35
131	135	136	98	99	55	37
131	129	124	73	100	14	69
131	129	136	73	99	14	77
131	124	136	100	99	29	62
132	137	123	88	68	75	16
132	137	121	88	72	79	17
132	137	130	88	86	33	53
132	137	133	88	77	64	19
132	137	120	88	90	30	56
132	137	138	88	16	80	4
132	137	129	88	58	76	8
132	137	119	88	71	78	13
132	137	115	88	80	79	12
132	137	117	88	100	23	22
132	137	118	88	97	48	27
132	123	121	68	72	20	57
132	123	130	68	86	26	69
132	123	133	68	77	19	61
132	123	120	68	90	12	55
132	123	138	68	16	42	6
132	123	129	68	58	44	11
132	123	119	68	71	26	30
132	123	115	68	80	17	38
132	123	117	68	100	19	63
132	123	118	68	97	15	65
132	121	130	72	86	18	66
132	121	133	72	77	50	26
132	121	120	72	90	25	52
132	121	138	72	16	56	5
132	121	129	72	58	57	18
132	121	119	72	71	41	21
132	121	115	72	80	51	25
132	121	117	72	100	27	56
132	121	118	72	97	23	58
132	130	133	86	77	57	27
132	130	120	86	90	53	26
132	130	138	86	16	82	4
132	130	129	86	58	57	14
132	130	119	86	71	65	20
132	130	115	86	80	63	6
132	130	117	86	100	64	21
132	130	118	86	97	62	16
132	133	120	77	90	20	61
132	133	138	77	16	68	5
132	133	129	77	58	56	20
132	133	119	77	71	50	14
132	133	115	77	80	60	24
132	133	117	77	100	10	74
132	133	118	77	97	27	62
132	120	138	90	16	80	3
132	120	129	90	58	66	14
132	120	119	90	71	56	21
132	120	115	90	80	64	22
132	120	117	90	100	59	32
132	120	118	90	97	47	36
132	138	129	16	58	5	36
132	138	119	16	71	4	57
132	138	115	16	80	3	61
132	138	117	16	100	4	73
132	138	118	16	97	2	82
132	129	119	58	71	26	45
132	129	115	58	80	15	59
132	129	117	58	100	16	70
132	129	118	58	97	21	60
132	119	115	71	80	14	38
132	119	117	71	100	24	64
132	119	118	71	97	17	62
132	115	117	80	100	23	68
132	115	118	80	97	26	51
132	117	118	100	97	49	27
133	137	67	89	89	63	27
133	137	116	89	99	68	20
133	137	130	89	69	62	17
133	137	132	89	77	59	23
133	137	129	89	89	72	15
133	137	123	89	100	64	15
133	137	138	89	100	58	27
133	137	118	89	100	54	31
133	137	126	89	99	64	25
133	137	65	89	23	79	2
133	137	117	89	82	84	8
133	137	115	89	88	73	16
133	137	119	89	91	63	17
133	137	121	89	88	70	29
133	67	116	89	99	13	40
133	67	130	89	69	71	18
133	67	132	89	77	35	22
133	67	129	89	89	10	54
133	67	123	89	100	25	63
133	67	138	89	100	13	73
133	67	118	89	100	12	76
133	67	126	89	99	7	71
133	67	65	89	23	71	8
133	67	117	89	82	67	11
133	67	115	89	88	64	31
133	67	119	89	91	20	42
133	67	121	89	88	18	60
133	116	130	99	69	66	9
133	116	132	99	77	65	12
133	116	129	99	89	42	30
133	116	123	99	100	32	65
133	116	138	99	100	29	64
133	116	118	99	100	32	59
133	116	126	99	99	24	73
133	116	65	99	23	73	9
133	116	117	99	82	68	27
133	116	115	99	88	59	28
133	116	119	99	91	49	28
133	116	121	99	88	35	61
133	130	132	69	77	14	58
133	130	129	69	89	17	70
133	130	123	69	100	13	74
133	130	138	69	100	20	67
133	130	118	69	100	6	68
133	130	126	69	99	19	73
133	130	65	69	23	35	9
133	130	117	69	82	14	52
133	130	115	69	88	12	34
133	130	119	69	91	11	63
133	130	121	69	88	13	64
133	132	129	77	89	28	59
133	132	123	77	100	27	68
133	132	138	77	100	27	64
133	132	118	77	100	22	72
133	132	126	77	99	18	78
133	132	65	77	23	68	13
133	132	117	77	82	59	29
133	132	115	77	88	53	38
133	132	119	77	91	25	48
133	132	121	77	88	21	51
133	129	123	89	100	26	75
133	129	138	89	100	26	64
133	129	118	89	100	22	70
133	129	126	89	99	23	70
133	129	65	89	23	72	12
133	129	117	89	82	62	25
133	129	115	89	88	64	21
133	129	119	89	91	54	26
133	129	121	89	88	31	55
133	123	138	100	100	66	28
133	123	118	100	100	60	31
133	123	126	100	99	59	25
133	123	65	100	23	69	14
133	123	117	100	82	69	21
133	123	115	100	88	59	32
133	123	119	100	91	80	18
133	123	121	100	88	67	24
133	138	118	100	100	29	35
133	138	126	100	99	30	30
133	138	65	100	23	76	4
133	138	117	100	82	60	23
133	138	115	100	88	64	27
133	138	119	100	91	56	22
133	138	121	100	88	61	27
133	118	126	100	99	22	40
133	118	65	100	23	83	5
133	118	117	100	82	70	22
133	118	115	100	88	78	23
133	118	119	100	91	76	20
133	118	121	100	88	65	24
133	126	65	99	23	81	4
133	126	117	99	82	61	24
133	126	115	99	88	77	13
133	126	119	99	91	57	19
133	126	121	99	88	66	16
133	65	117	23	82	8	55
133	65	115	23	88	6	59
133	65	119	23	91	6	61
133	65	121	23	88	6	71
133	117	115	82	88	32	34
133	117	119	82	91	24	54
133	117	121	82	88	23	56
133	115	119	88	91	33	59
133	115	121	88	88	34	64
133	119	121	91	88	22	56
135	136	124	97	100	65	33
135	136	129	97	91	72	16
135	136	68	97	100	65	29
135	136	128	97	100	74	32
135	136	131	97	100	29	55
135	136	127	97	100	61	27
135	136	122	97	100	69	32
135	136	63	97	52	80	7
135	124	129	100	91	68	16
135	124	68	100	100	15	28
135	124	128	100	100	27	12
135	124	131	100	100	27	73
135	124	127	100	100	29	64
135	124	122	100	100	66	22
135	124	63	100	52	74	4
135	129	68	91	100	10	72
135	129	128	91	100	28	64
135	129	131	91	100	20	65
135	129	127	91	100	17	67
135	129	122	91	100	15	46
135	129	63	91	52	69	8
135	68	128	100	100	57	20
135	68	131	100	100	15	63
135	68	127	100	100	14	41
135	68	122	100	100	64	13
135	68	63	100	52	77	12
135	128	131	100	100	15	73
135	128	127	100	100	25	63
135	128	122	100	100	68	30
135	128	63	100	52	80	6
135	131	127	100	100	67	15
135	131	122	100	100	70	17
135	131	63	100	52	85	4
135	127	122	100	100	65	26
135	127	63	100	52	80	9
135	122	63	100	52	75	6
136	127	124	100	100	33	22
136	127	68	100	96	61	17
136	127	128	100	100	33	24
136	127	122	100	100	34	67
136	127	135	100	99	25	70
136	127	131	100	100	26	69
136	127	116	100	92	72	8
136	127	117	100	7	91	1
136	124	68	100	96	75	12
136	124	128	100	100	15	21
136	124	122	100	100	27	62
136	124	135	100	99	32	67
136	124	131	100	100	29	67
136	124	116	100	92	72	13
136	124	117	100	7	93	4
136	68	128	96	100	14	76
136	68	122	96	100	16	69
136	68	135	96	99	21	79
136	68	131	96	100	10	73
136	68	116	96	92	11	23
136	68	117	96	7	29	9
136	128	122	100	100	31	54
136	128	135	100	99	48	36
136	128	131	100	100	23	63
136	128	116	100	92	69	22
136	128	117	100	7	90	1
136	122	135	100	99	58	28
136	122	131	100	100	64	15
136	122	116	100	92	70	24
136	122	117	100	7	85	3
136	135	131	99	100	31	56
136	135	116	99	92	74	16
136	135	117	99	7	96	3
136	131	116	100	92	75	11
136	131	117	100	7	89	0
136	116	117	92	7	70	2
137	130	132	89	80	76	19
137	130	118	89	74	69	10
137	130	133	89	91	67	34
137	130	138	89	63	74	16
137	130	80	89	46	77	3
137	130	120	89	72	66	26
137	132	118	80	74	60	19
137	132	133	80	91	26	57
137	132	138	80	63	73	18
137	132	80	80	46	81	6
137	132	120	80	72	67	21
137	118	133	74	91	13	65
137	118	138	74	63	51	25
137	118	80	74	46	61	7
137	118	120	74	72	28	44
137	133	138	91	63	67	14
137	133	80	91	46	79	5
137	133	120	91	72	72	9
137	138	80	63	46	35	13
137	138	120	63	72	17	51
137	80	120	46	72	6	52
138	115	116	51	72	10	39
138	115	132	51	15	53	2
138	115	126	51	99	8	78
138	115	117	51	51	31	13
138	115	119	51	61	16	27
138	115	133	51	100	13	72
138	115	129	51	82	11	56
138	115	123	51	99	11	77
138	115	118	51	72	14	48
138	115	121	51	71	18	35
138	115	130	51	88	14	73
138	115	137	51	57	22	26
138	115	77	51	6	46	2
138	116	132	72	15	60	6
138	116	126	72	99	23	63
138	116	117	72	51	46	17
138	116	119	72	61	26	29
138	116	133	72	100	14	66
138	116	129	72	82	23	46
138	116	123	72	99	17	60
138	116	118	72	72	24	57
138	116	121	72	71	26	36
138	116	130	72	88	18	61
138	116	137	72	57	23	13
138	116	77	72	6	68	2
138	132	126	15	99	3	90
138	132	117	15	51	4	39
138	132	119	15	61	6	60
138	132	133	15	100	3	94
138	132	129	15	82	5	71
138	132	123	15	99	5	85
138	132	118	15	72	7	62
138	132	121	15	71	6	76
138	132	130	15	88	2	91
138	132	137	15	57	5	57
138	132	77	15	6	13	9
138	126	117	99	51	68	22
138	126	119	99	61	72	10
138	126	133	99	100	62	30
138	126	129	99	82	72	21
138	126	123	99	99	62	34
138	126	118	99	72	67	19
138	126	121	99	71	73	19
138	126	130	99	88	78	30
138	126	137	99	57	69	14
138	126	77	99	6	94	0
138	117	119	51	61	17	42
138	117	133	51	100	11	82
138	117	129	51	82	14	56
138	117	123	51	99	17	61
138	117	118	51	72	24	56
138	117	121	51	71	16	56
138	117	130	51	88	14	69
138	117	137	51	57	11	30
138	117	77	51	6	54	1
138	119	133	61	100	18	65
138	119	129	61	82	22	54
138	119	123	61	99	18	60
138	119	118	61	72	17	53
138	119	121	61	71	16	51
138	119	130	61	88	16	61
138	119	137	61	57	24	13
138	119	77	61	6	63	0
138	133	129	100	82	68	21
138	133	123	100	99	61	34
138	133	118	100	72	69	21
138	133	121	100	71	61	20
138	133	130	100	88	59	27
138	133	137	100	57	62	19
138	133	77	100	6	96	0
138	129	123	82	99	23	53
138	129	118	82	72	51	26
138	129	121	82	71	56	21
138	129	130	82	88	15	57
138	129	137	82	57	59	15
138	129	77	82	6	76	4
138	123	118	99	72	55	23
138	123	121	99	71	52	22
138	123	130	99	88	36	40
138	123	137	99	57	71	12
138	123	77	99	6	83	2
138	118	121	72	71	31	23
138	118	130	72	88	17	67
138	118	137	72	57	47	19
138	118	77	72	6	81	3
138	121	130	71	88	21	66
138	121	137	71	57	49	15
138	121	77	71	6	71	1
138	130	137	88	57	61	16
138	130	77	88	6	81	0
138	137	77	57	6	64	2
