1	37	20	76	85	55	20
1	37	7	76	0	86	0
1	37	3	76	90	18	63
1	37	6	76	98	25	59
1	37	80	76	89	9	14
1	37	2	76	79	20	48
1	37	35	76	82	14	64
1	37	22	76	75	21	52
1	37	13	76	74	58	21
1	37	17	76	29	70	5
1	37	18	76	59	56	6
1	37	75	76	72	59	12
1	37	16	76	70	67	9
1	37	33	76	76	53	25
1	20	7	85	0	75	1
1	20	3	85	90	15	67
1	20	6	85	98	26	66
1	20	80	85	89	7	54
1	20	2	85	79	18	47
1	20	35	85	82	10	55
1	20	22	85	75	22	51
1	20	13	85	74	34	8
1	20	17	85	29	67	2
1	20	18	85	59	67	3
1	20	75	85	72	61	11
1	20	16	85	70	55	21
1	20	33	85	76	51	14
1	7	3	0	90	0	90
1	7	6	0	98	0	97
1	7	80	0	89	0	71
1	7	2	0	79	0	69
1	7	35	0	82	0	79
1	7	22	0	75	0	74
1	7	13	0	74	1	71
1	7	17	0	29	1	33
1	7	18	0	59	0	60
1	7	75	0	72	1	60
1	7	16	0	70	0	71
1	7	33	0	76	0	74
1	3	6	90	98	44	44
1	3	80	90	89	62	23
1	3	2	90	79	58	26
1	3	35	90	82	57	20
1	3	22	90	75	66	12
1	3	13	90	74	66	8
1	3	17	90	29	57	7
1	3	18	90	59	63	14
1	3	75	90	72	68	13
1	3	16	90	70	63	23
1	3	33	90	76	57	19
1	6	80	98	89	71	17
1	6	2	98	79	66	17
1	6	35	98	82	60	25
1	6	22	98	75	61	28
1	6	13	98	74	65	20
1	6	17	98	29	74	4
1	6	18	98	59	69	10
1	6	75	98	72	69	15
1	6	16	98	70	73	23
1	6	33	98	76	49	28
1	80	2	89	79	29	43
1	80	35	89	82	15	52
1	80	22	89	75	24	50
1	80	13	89	74	52	20
1	80	17	89	29	67	7
1	80	18	89	59	67	18
1	80	75	89	72	67	15
1	80	16	89	70	59	16
1	80	33	89	76	59	14
1	2	35	79	82	16	27
1	2	22	79	75	12	48
1	2	13	79	74	54	15
1	2	17	79	29	52	10
1	2	18	79	59	60	12
1	2	75	79	72	48	21
1	2	16	79	70	56	14
1	2	33	79	76	59	21
1	35	22	82	75	32	44
1	35	13	82	74	57	23
1	35	17	82	29	67	6
1	35	18	82	59	46	15
1	35	75	82	72	64	9
1	35	16	82	70	56	11
1	35	33	82	76	46	27
1	22	13	75	74	53	24
1	22	17	75	29	54	7
1	22	18	75	59	31	29
1	22	75	75	72	57	15
1	22	16	75	70	66	16
1	22	33	75	76	63	21
1	13	17	74	29	50	4
1	13	18	74	59	29	39
1	13	75	74	72	43	18
1	13	16	74	70	36	19
1	13	33	74	76	29	28
1	17	18	29	59	12	21
1	17	75	29	72	7	15
1	17	16	29	70	8	27
1	17	33	29	76	6	45
1	18	75	59	72	7	16
1	18	16	59	70	16	30
1	18	33	59	76	9	31
1	75	16	72	70	19	24
1	75	33	72	76	7	28
1	16	33	70	76	10	33
2	10	1	86	79	52	10
2	10	17	86	78	62	16
2	10	75	86	75	52	22
2	10	12	86	83	33	36
2	10	66	86	82	57	12
2	10	6	86	52	67	9
2	10	3	86	79	53	23
2	10	80	86	2	85	1
2	1	17	79	78	52	23
2	1	75	79	75	19	59
2	1	12	79	83	18	55
2	1	66	79	82	54	14
2	1	6	79	52	61	14
2	1	3	79	79	17	48
2	1	80	79	2	77	0
2	17	75	78	75	8	54
2	17	12	78	83	19	50
2	17	66	78	82	12	17
2	17	6	78	52	63	11
2	17	3	78	79	22	58
2	17	80	78	2	78	0
2	75	12	75	83	24	52
2	75	66	75	82	49	18
2	75	6	75	52	56	15
2	75	3	75	79	25	28
2	75	80	75	2	75	0
2	12	66	83	82	61	14
2	12	6	83	52	61	15
2	12	3	83	79	63	18
2	12	80	83	2	85	0
2	66	6	82	52	63	5
2	66	3	82	79	16	55
2	66	80	82	2	78	0
2	6	3	52	79	19	46
2	6	80	52	2	61	1
2	3	80	79	2	82	1
3	6	18	76	80	19	33
3	6	2	76	80	13	49
3	6	75	76	74	6	49
3	6	17	76	83	11	13
3	6	10	76	92	19	58
3	6	1	76	91	19	62
3	6	12	76	88	42	24
3	18	2	80	80	16	47
3	18	75	80	74	11	50
3	18	17	80	83	23	28
3	18	10	80	92	24	55
3	18	1	80	91	27	55
3	18	12	80	88	52	23
3	2	75	80	74	43	22
3	2	17	80	83	53	22
3	2	10	80	92	22	28
3	2	1	80	91	25	64
3	2	12	80	88	50	31
3	75	17	74	83	47	10
3	75	10	74	92	21	46
3	75	1	74	91	18	66
3	75	12	74	88	61	18
3	17	10	83	92	18	66
3	17	1	83	91	31	61
3	17	12	83	88	46	26
3	10	1	92	91	11	64
3	10	12	92	88	50	28
3	1	12	91	88	62	18
4	7	19	89	43	12	41
4	7	8	89	100	19	67
4	7	67	89	100	18	67
4	7	6	89	10	66	12
4	7	13	89	94	57	22
4	19	8	43	100	13	51
4	19	67	43	100	30	58
4	19	6	43	10	24	32
4	19	13	43	94	24	62
4	8	67	100	100	71	22
4	8	6	100	10	76	6
4	8	13	100	94	65	26
4	67	6	100	10	85	9
4	67	13	100	94	71	9
4	6	13	10	94	20	68
5	57	7	3	64	0	72
5	57	8	3	83	0	90
5	57	13	3	2	6	15
5	57	38	3	63	0	50
5	57	39	3	84	0	82
5	57	77	3	74	1	66
5	7	8	64	83	20	55
5	7	13	64	2	60	10
5	7	38	64	63	57	9
5	7	39	64	84	26	55
5	7	77	64	74	27	35
5	8	13	83	2	78	0
5	8	38	83	63	69	3
5	8	39	83	84	29	54
5	8	77	83	74	38	34
5	13	38	2	63	2	57
5	13	39	2	84	0	78
5	13	77	2	74	1	59
5	38	39	63	84	12	63
5	38	77	63	74	21	50
5	39	77	84	74	62	16
6	13	18	85	74	25	52
6	13	80	85	47	63	12
6	13	20	85	85	48	13
6	13	1	85	99	22	61
6	13	16	85	84	65	15
6	13	4	85	42	58	8
6	13	15	85	78	57	8
6	13	37	85	75	52	20
6	13	22	85	76	58	16
6	13	35	85	69	43	24
6	13	10	85	0	79	0
6	13	33	85	68	61	22
6	13	7	85	73	61	26
6	13	2	85	53	62	11
6	13	3	85	73	61	17
6	13	12	85	22	77	4
6	18	80	74	47	37	16
6	18	20	74	85	16	24
6	18	1	74	99	27	61
6	18	16	74	84	24	35
6	18	4	74	42	59	13
6	18	15	74	78	46	23
6	18	37	74	75	15	27
6	18	22	74	76	24	22
6	18	35	74	69	25	38
6	18	10	74	0	68	0
6	18	33	74	68	55	22
6	18	7	74	73	32	22
6	18	2	74	53	62	11
6	18	3	74	73	18	54
6	18	12	74	22	56	4
6	80	20	47	85	14	68
6	80	1	47	99	15	72
6	80	16	47	84	10	70
6	80	4	47	42	20	23
6	80	15	47	78	5	50
6	80	37	47	75	9	50
6	80	22	47	76	12	57
6	80	35	47	69	16	61
6	80	10	47	0	47	1
6	80	33	47	68	12	34
6	80	7	47	73	11	65
6	80	2	47	53	20	18
6	80	3	47	73	9	57
6	80	12	47	22	27	3
6	20	1	85	99	27	61
6	20	16	85	84	23	35
6	20	4	85	42	55	10
6	20	15	85	78	54	28
6	20	37	85	75	18	18
6	20	22	85	76	22	23
6	20	35	85	69	18	53
6	20	10	85	0	80	2
6	20	33	85	68	66	9
6	20	7	85	73	49	9
6	20	2	85	53	61	6
6	20	3	85	73	19	47
6	20	12	85	22	82	1
6	1	16	99	84	68	24
6	1	4	99	42	77	4
6	1	15	99	78	69	14
6	1	37	99	75	68	17
6	1	22	99	76	77	23
6	1	35	99	69	56	23
6	1	10	99	0	97	0
6	1	33	99	68	75	14
6	1	7	99	73	70	7
6	1	2	99	53	71	13
6	1	3	99	73	66	20
6	1	12	99	22	80	6
6	16	4	84	42	63	7
6	16	15	84	78	45	32
6	16	37	84	75	17	20
6	16	22	84	76	25	17
6	16	35	84	69	18	52
6	16	10	84	0	80	0
6	16	33	84	68	67	17
6	16	7	84	73	57	4
6	16	2	84	53	58	14
6	16	3	84	73	20	62
6	16	12	84	22	69	5
6	4	15	42	78	6	46
6	4	37	42	75	5	60
6	4	22	42	76	11	73
6	4	35	42	69	7	56
6	4	10	42	0	35	0
6	4	33	42	68	12	24
6	4	7	42	73	23	36
6	4	2	42	53	10	32
6	4	3	42	73	9	63
6	4	12	42	22	23	10
6	15	37	78	75	20	58
6	15	22	78	76	20	55
6	15	35	78	69	20	57
6	15	10	78	0	81	0
6	15	33	78	68	41	20
6	15	7	78	73	26	38
6	15	2	78	53	52	7
6	15	3	78	73	20	51
6	15	12	78	22	76	1
6	37	22	75	76	18	16
6	37	35	75	69	21	39
6	37	10	75	0	71	0
6	37	33	75	68	54	24
6	37	7	75	73	33	22
6	37	2	75	53	64	18
6	37	3	75	73	19	59
6	37	12	75	22	62	5
6	22	35	76	69	20	55
6	22	10	76	0	73	0
6	22	33	76	68	58	21
6	22	7	76	73	59	11
6	22	2	76	53	61	11
6	22	3	76	73	14	60
6	22	12	76	22	59	3
6	35	10	69	0	76	0
6	35	33	69	68	48	16
6	35	7	69	73	43	12
6	35	2	69	53	53	11
6	35	3	69	73	22	23
6	35	12	69	22	72	2
6	10	33	0	68	0	57
6	10	7	0	73	0	75
6	10	2	0	53	1	54
6	10	3	0	73	0	70
6	10	12	0	22	1	14
6	33	7	68	73	21	23
6	33	2	68	53	34	12
6	33	3	68	73	24	57
6	33	12	68	22	36	8
6	7	2	73	53	66	15
6	7	3	73	73	14	60
6	7	12	73	22	18	14
6	2	3	53	73	13	48
6	2	12	53	22	26	7
6	3	12	73	22	61	1
7	35	19	0	77	0	87
7	35	6	0	40	0	28
7	35	4	0	90	0	95
7	35	37	0	5	2	7
7	35	26	0	80	3	69
7	35	8	0	74	0	81
7	35	13	0	90	0	89
7	35	77	0	59	0	70
7	35	39	0	16	0	37
7	35	36	0	1	0	28
7	35	5	0	85	0	81
7	35	1	0	0	0	17
7	19	6	77	40	67	16
7	19	4	77	90	56	28
7	19	37	77	5	75	0
7	19	26	77	80	49	30
7	19	8	77	74	63	25
7	19	13	77	90	48	30
7	19	77	77	59	52	24
7	19	39	77	16	75	0
7	19	36	77	1	62	15
7	19	5	77	85	47	32
7	19	1	77	0	55	0
7	6	4	40	90	12	80
7	6	37	40	5	67	0
7	6	26	40	80	21	44
7	6	8	40	74	14	34
7	6	13	40	90	0	84
7	6	77	40	59	0	68
7	6	39	40	16	28	7
7	6	36	40	1	61	4
7	6	5	40	85	20	61
7	6	1	40	0	42	14
7	4	37	90	5	90	0
7	4	26	90	80	34	32
7	4	8	90	74	48	22
7	4	13	90	90	31	50
7	4	77	90	59	69	4
7	4	39	90	16	75	1
7	4	36	90	1	81	5
7	4	5	90	85	56	11
7	4	1	90	0	86	0
7	37	26	5	80	0	81
7	37	8	5	74	0	67
7	37	13	5	90	4	89
7	37	77	5	59	1	57
7	37	39	5	16	12	20
7	37	36	5	1	7	6
7	37	5	5	85	0	82
7	37	1	5	0	8	1
7	26	8	80	74	67	19
7	26	13	80	90	60	22
7	26	77	80	59	57	11
7	26	39	80	16	60	11
7	26	36	80	1	77	0
7	26	5	80	85	24	19
7	26	1	80	0	81	0
7	8	13	74	90	20	42
7	8	77	74	59	33	21
7	8	39	74	16	78	12
7	8	36	74	1	75	0
7	8	5	74	85	36	40
7	8	1	74	0	84	0
7	13	77	90	59	70	10
7	13	39	90	16	83	4
7	13	36	90	1	81	0
7	13	5	90	85	59	18
7	13	1	90	0	84	0
7	77	39	59	16	54	0
7	77	36	59	1	62	0
7	77	5	59	85	14	49
7	77	1	59	0	67	0
7	39	36	16	1	13	3
7	39	5	16	85	0	74
7	39	1	16	0	41	0
7	36	5	1	85	0	81
7	36	1	1	0	0	0
7	5	1	85	0	79	0
8	13	7	88	88	29	25
8	13	4	88	100	23	70
8	13	5	88	84	25	60
8	7	4	88	100	23	53
8	7	5	88	84	17	65
8	4	5	100	84	65	24
10	2	3	87	88	51	27
10	2	73	87	70	65	12
10	2	18	87	88	57	14
10	2	17	87	89	25	49
10	2	75	87	57	56	18
10	2	22	87	86	61	8
10	2	12	87	97	22	63
10	3	73	88	70	75	5
10	3	18	88	88	31	52
10	3	17	88	89	20	53
10	3	75	88	57	53	17
10	3	22	88	86	62	8
10	3	12	88	97	23	61
10	73	18	70	88	15	67
10	73	17	70	89	7	61
10	73	75	70	57	26	19
10	73	22	70	86	7	35
10	73	12	70	97	5	70
10	18	17	88	89	21	50
10	18	75	88	57	53	12
10	18	22	88	86	62	16
10	18	12	88	97	28	65
10	17	75	89	57	60	8
10	17	22	89	86	49	14
10	17	12	89	97	27	55
10	75	22	57	86	11	26
10	75	12	57	97	20	60
10	22	12	86	97	36	48
12	75	18	27	85	3	75
12	75	6	27	12	12	21
12	75	10	27	98	3	81
12	75	21	27	3	23	2
12	75	2	27	84	4	74
12	75	22	27	3	23	0
12	75	17	27	91	1	77
12	75	3	27	86	3	75
12	75	1	27	4	22	7
12	18	6	85	12	77	2
12	18	10	85	98	20	57
12	18	21	85	3	70	0
12	18	2	85	84	8	59
12	18	22	85	3	85	0
12	18	17	85	91	20	54
12	18	3	85	86	25	28
12	18	1	85	4	81	0
12	6	10	12	98	5	86
12	6	21	12	3	17	0
12	6	2	12	84	5	77
12	6	22	12	3	16	2
12	6	17	12	91	0	85
12	6	3	12	86	3	82
12	6	1	12	4	21	2
12	10	21	98	3	88	0
12	10	2	98	84	54	26
12	10	22	98	3	98	0
12	10	17	98	91	54	30
12	10	3	98	86	58	25
12	10	1	98	4	94	0
12	21	2	3	84	0	86
12	21	22	3	3	4	2
12	21	17	3	91	0	83
12	21	3	3	86	0	83
12	21	1	3	4	1	2
12	2	22	84	3	84	0
12	2	17	84	91	42	28
12	2	3	84	86	55	26
12	2	1	84	4	86	2
12	22	17	3	91	0	85
12	22	3	3	86	0	86
12	22	1	3	4	4	4
12	17	3	91	86	60	21
12	17	1	91	4	82	0
12	3	1	86	4	84	0
13	5	4	28	94	0	93
13	5	22	28	68	0	72
13	5	18	28	69	1	66
13	5	80	28	49	0	51
13	5	8	28	92	1	92
13	5	7	28	91	13	61
13	5	1	28	73	16	47
13	5	36	28	56	7	37
13	5	33	28	48	6	28
13	5	6	28	83	10	76
13	5	35	28	45	4	38
13	5	37	28	87	2	84
13	5	19	28	34	0	24
13	4	22	94	68	72	4
13	4	18	94	69	70	10
13	4	80	94	49	72	8
13	4	8	94	92	33	24
13	4	7	94	91	24	57
13	4	1	94	73	69	14
13	4	36	94	56	75	6
13	4	33	94	48	66	8
13	4	6	94	83	35	44
13	4	35	94	45	70	3
13	4	37	94	87	14	72
13	4	19	94	34	80	15
13	22	18	68	69	18	28
13	22	80	68	49	32	16
13	22	8	68	92	12	67
13	22	7	68	91	20	68
13	22	1	68	73	24	42
13	22	36	68	56	26	10
13	22	33	68	48	37	14
13	22	6	68	83	25	45
13	22	35	68	45	35	18
13	22	37	68	87	12	72
13	22	19	68	34	43	27
13	18	80	69	49	25	11
13	18	8	69	92	10	71
13	18	7	69	91	15	72
13	18	1	69	73	14	14
13	18	36	69	56	25	15
13	18	33	69	48	50	10
13	18	6	69	83	19	55
13	18	35	69	45	47	15
13	18	37	69	87	10	71
13	18	19	69	34	44	27
13	80	8	49	92	8	66
13	80	7	49	91	8	79
13	80	1	49	73	13	40
13	80	36	49	56	19	21
13	80	33	49	48	17	9
13	80	6	49	83	14	59
13	80	35	49	45	22	15
13	80	37	49	87	7	71
13	80	19	49	34	47	22
13	8	7	92	91	34	51
13	8	1	92	73	63	14
13	8	36	92	56	74	9
13	8	33	92	48	77	8
13	8	6	92	83	24	48
13	8	35	92	45	76	7
13	8	37	92	87	14	64
13	8	19	92	34	6	31
13	7	1	91	73	68	19
13	7	36	91	56	69	8
13	7	33	91	48	67	7
13	7	6	91	83	56	20
13	7	35	91	45	74	9
13	7	37	91	87	34	22
13	7	19	91	34	2	25
13	1	36	73	56	40	15
13	1	33	73	48	54	20
13	1	6	73	83	21	52
13	1	35	73	45	48	9
13	1	37	73	87	20	63
13	1	19	73	34	50	22
13	36	33	56	48	43	20
13	36	6	56	83	18	67
13	36	35	56	45	32	14
13	36	37	56	87	19	57
13	36	19	56	34	43	22
13	33	6	48	83	16	61
13	33	35	48	45	17	10
13	33	37	48	87	13	59
13	33	19	48	34	28	26
13	6	35	83	45	65	15
13	6	37	83	87	26	57
13	6	19	83	34	50	22
13	35	37	45	87	15	68
13	35	19	45	34	28	29
13	37	19	87	34	73	19
14	21	18	100	78	63	23
14	21	16	100	83	64	23
14	21	20	100	90	71	21
14	21	15	100	85	59	20
14	18	16	78	83	30	47
14	18	20	78	90	49	24
14	18	15	78	85	22	36
14	16	20	83	90	42	20
14	16	15	83	85	57	33
14	20	15	90	85	25	44
15	14	18	81	84	15	74
15	14	6	81	84	61	16
15	14	21	81	100	31	70
15	14	20	81	100	24	68
15	14	16	81	99	22	72
15	18	6	84	84	47	22
15	18	21	84	100	26	61
15	18	20	84	100	15	68
15	18	16	84	99	21	65
15	6	21	84	100	16	74
15	6	20	84	100	30	54
15	6	16	84	99	18	75
15	21	20	100	100	36	43
15	21	16	100	99	39	55
15	20	16	100	99	27	67
16	20	6	96	83	52	25
16	20	18	96	76	73	16
16	20	14	96	86	57	19
16	20	80	96	94	63	18
16	20	15	96	98	37	48
16	20	21	96	97	27	66
16	20	1	96	75	66	16
16	6	18	83	76	36	44
16	6	14	83	86	19	59
16	6	80	83	94	25	66
16	6	15	83	98	20	75
16	6	21	83	97	9	61
16	6	1	83	75	60	20
16	18	14	76	86	26	42
16	18	80	76	94	18	60
16	18	15	76	98	23	64
16	18	21	76	97	18	76
16	18	1	76	75	33	22
16	14	80	86	94	55	29
16	14	15	86	98	24	58
16	14	21	86	97	19	62
16	14	1	86	75	47	23
16	80	15	94	98	26	59
16	80	21	94	97	18	72
16	80	1	94	75	67	17
16	15	21	98	97	65	23
16	15	1	98	75	78	8
16	21	1	97	75	74	12
17	18	12	67	87	20	51
17	18	2	67	76	13	62
17	18	3	67	75	21	54
17	18	10	67	89	13	65
17	18	1	67	33	48	16
17	18	22	67	76	14	50
17	12	2	87	76	51	24
17	12	3	87	75	47	27
17	12	10	87	89	28	55
17	12	1	87	33	66	8
17	12	22	87	76	46	24
17	2	3	76	75	27	54
17	2	10	76	89	30	58
17	2	1	76	33	66	9
17	2	22	76	76	13	13
17	3	10	75	89	15	50
17	3	1	75	33	72	1
17	3	22	75	76	49	20
17	10	1	89	33	69	3
17	10	22	89	76	59	27
17	1	22	33	76	11	66
18	13	21	63	85	12	68
18	13	1	63	66	43	23
18	13	15	63	83	7	44
18	13	16	63	73	14	24
18	13	3	63	84	11	53
18	13	35	63	7	60	10
18	13	80	63	25	52	4
18	13	17	63	65	16	16
18	13	6	63	67	17	49
18	13	12	63	87	9	52
18	13	22	63	92	17	58
18	13	14	63	75	18	58
18	13	10	63	84	10	65
18	21	1	85	66	73	13
18	21	15	85	83	63	19
18	21	16	85	73	58	17
18	21	3	85	84	61	13
18	21	35	85	7	75	3
18	21	80	85	25	79	2
18	21	17	85	65	72	11
18	21	6	85	67	60	9
18	21	12	85	87	62	14
18	21	22	85	92	28	53
18	21	14	85	75	53	27
18	21	10	85	84	60	23
18	1	15	66	83	13	61
18	1	16	66	73	13	59
18	1	3	66	84	17	46
18	1	35	66	7	35	2
18	1	80	66	25	32	5
18	1	17	66	65	17	25
18	1	6	66	67	23	40
18	1	12	66	87	12	59
18	1	22	66	92	12	65
18	1	14	66	75	16	50
18	1	10	66	84	4	69
18	15	16	83	73	29	21
18	15	3	83	84	25	55
18	15	35	83	7	74	7
18	15	80	83	25	53	5
18	15	17	83	65	53	16
18	15	6	83	67	28	21
18	15	12	83	87	27	20
18	15	22	83	92	9	69
18	15	14	83	75	29	43
18	15	10	83	84	23	67
18	16	3	73	84	17	53
18	16	35	73	7	65	3
18	16	80	73	25	62	3
18	16	17	73	65	30	7
18	16	6	73	67	29	37
18	16	12	73	87	16	52
18	16	22	73	92	11	66
18	16	14	73	75	28	56
18	16	10	73	84	16	60
18	3	35	84	7	63	4
18	3	80	84	25	71	1
18	3	17	84	65	52	20
18	3	6	84	67	50	20
18	3	12	84	87	42	20
18	3	22	84	92	13	59
18	3	14	84	75	20	49
18	3	10	84	84	31	38
18	35	80	7	25	15	11
18	35	17	7	65	5	46
18	35	6	7	67	4	62
18	35	12	7	87	6	69
18	35	22	7	92	2	71
18	35	14	7	75	3	71
18	35	10	7	84	0	87
18	80	17	25	65	4	29
18	80	6	25	67	3	67
18	80	12	25	87	10	71
18	80	22	25	92	16	61
18	80	14	25	75	15	71
18	80	10	25	84	7	65
18	17	6	65	67	20	46
18	17	12	65	87	25	51
18	17	22	65	92	24	64
18	17	14	65	75	16	62
18	17	10	65	84	14	61
18	6	12	67	87	21	23
18	6	22	67	92	26	61
18	6	14	67	75	25	64
18	6	10	67	84	14	62
18	12	22	87	92	23	60
18	12	14	87	75	24	51
18	12	10	87	84	21	56
18	22	14	92	75	61	15
18	22	10	92	84	59	26
18	14	10	75	84	22	37
19	7	0	79	0	0	0
20	6	16	80	95	20	64
20	6	14	80	89	29	19
20	6	21	80	83	14	59
20	6	1	80	75	32	25
20	6	15	80	99	17	76
20	16	14	95	89	69	21
20	16	21	95	83	9	72
20	16	1	95	75	71	29
20	16	15	95	99	29	62
20	14	21	89	83	29	61
20	14	1	89	75	24	26
20	14	15	89	99	15	75
20	21	1	83	75	63	16
20	21	15	83	99	27	65
20	1	15	75	99	10	69
21	18	14	87	100	18	68
21	18	12	87	3	85	0
21	18	16	87	99	24	46
21	18	22	87	59	63	15
21	18	20	87	91	73	17
21	18	15	87	99	19	67
21	14	12	100	3	96	0
21	14	16	100	99	68	26
21	14	22	100	59	81	10
21	14	20	100	91	69	19
21	14	15	100	99	71	23
21	12	16	3	99	0	98
21	12	22	3	59	0	63
21	12	20	3	91	0	81
21	12	15	3	99	1	97
21	16	22	99	59	63	11
21	16	20	99	91	63	26
21	16	15	99	99	33	44
21	22	20	59	91	14	68
21	22	15	59	99	9	71
21	20	15	91	99	20	61
22	10	6	83	76	25	47
22	10	80	83	23	63	6
22	10	13	83	70	26	8
22	10	18	83	89	17	68
22	10	17	83	81	23	54
22	10	35	83	49	44	13
22	10	21	83	54	44	8
22	10	1	83	77	12	54
22	6	80	76	23	56	10
22	6	13	76	70	47	27
22	6	18	76	89	15	72
22	6	17	76	81	27	16
22	6	35	76	49	42	21
22	6	21	76	54	45	7
22	6	1	76	77	22	49
22	80	13	23	70	5	56
22	80	18	23	89	3	54
22	80	17	23	81	4	68
22	80	35	23	49	8	39
22	80	21	23	54	3	42
22	80	1	23	77	12	57
22	13	18	70	89	18	44
22	13	17	70	81	14	54
22	13	35	70	49	24	29
22	13	21	70	54	20	16
22	13	1	70	77	13	52
22	18	17	89	81	54	24
22	18	35	89	49	67	18
22	18	21	89	54	48	26
22	18	1	89	77	56	22
22	17	35	81	49	56	15
22	17	21	81	54	55	7
22	17	1	81	77	36	50
22	35	21	49	54	23	32
22	35	1	49	77	13	61
22	21	1	54	77	6	61
24	27	31	69	87	22	60
24	27	54	69	44	50	9
24	31	54	87	44	63	17
25	28	35	86	51	69	20
25	28	44	86	52	66	18
25	28	38	86	38	82	4
25	28	53	86	67	76	11
25	28	31	86	61	74	7
25	28	36	86	50	95	0
25	35	44	51	52	60	16
25	35	38	51	38	59	11
25	35	53	51	67	18	52
25	35	31	51	61	46	10
25	35	36	51	50	47	19
25	44	38	52	38	30	10
25	44	53	52	67	13	53
25	44	31	52	61	46	1
25	44	36	52	50	25	5
25	38	53	38	67	11	56
25	38	31	38	61	13	22
25	38	36	38	50	18	6
25	53	31	67	61	54	14
25	53	36	67	50	53	10
25	31	36	61	50	31	4
26	37	7	54	73	11	60
26	37	13	54	0	69	0
26	37	39	54	9	59	0
26	37	38	54	0	69	0
26	37	57	54	30	47	4
26	37	36	54	68	30	19
26	7	13	73	0	73	0
26	7	39	73	9	75	1
26	7	38	73	0	74	0
26	7	57	73	30	69	4
26	7	36	73	68	49	19
26	13	39	0	9	0	1
26	13	38	0	0	0	0
26	13	57	0	30	0	43
26	13	36	0	68	2	56
26	39	38	9	0	14	1
26	39	57	9	30	7	38
26	39	36	9	68	8	49
26	38	57	0	30	0	34
26	38	36	0	68	3	57
26	57	36	30	68	8	58
27	24	52	58	57	45	17
27	24	38	58	43	50	8
27	24	41	58	53	21	45
27	24	31	58	73	21	49
27	24	42	58	71	16	54
27	24	30	58	13	60	2
27	24	46	58	32	41	4
27	24	40	58	40	38	5
27	24	45	58	67	14	27
27	24	37	58	0	53	0
27	24	54	58	0	46	6
27	52	38	57	43	32	6
27	52	41	57	53	15	40
27	52	31	57	73	12	51
27	52	42	57	71	13	42
27	52	30	57	13	51	1
27	52	46	57	32	46	14
27	52	40	57	40	24	15
27	52	45	57	67	13	43
27	52	37	57	0	31	0
27	52	54	57	0	21	12
27	38	41	43	53	3	36
27	38	31	43	73	8	63
27	38	42	43	71	5	33
27	38	30	43	13	28	1
27	38	46	43	32	15	4
27	38	40	43	40	15	12
27	38	45	43	67	5	38
27	38	37	43	0	34	0
27	38	54	43	0	24	8
27	41	31	53	73	13	53
27	41	42	53	71	12	41
27	41	30	53	13	47	0
27	41	46	53	32	45	8
27	41	40	53	40	29	3
27	41	45	53	67	11	37
27	41	37	53	0	44	0
27	41	54	53	0	43	0
27	31	42	73	71	21	19
27	31	30	73	13	58	2
27	31	46	73	32	42	4
27	31	40	73	40	56	3
27	31	45	73	67	17	43
27	31	37	73	0	71	0
27	31	54	73	0	55	3
27	42	30	71	13	47	1
27	42	46	71	32	47	6
27	42	40	71	40	42	9
27	42	45	71	67	35	17
27	42	37	71	0	56	0
27	42	54	71	0	69	0
27	30	46	13	32	2	19
27	30	40	13	40	0	45
27	30	45	13	67	2	52
27	30	37	13	0	4	1
27	30	54	13	0	1	0
27	46	40	32	40	9	17
27	46	45	32	67	6	48
27	46	37	32	0	33	0
27	46	54	32	0	28	10
27	40	45	40	67	10	44
27	40	37	40	0	44	1
27	40	54	40	0	41	6
27	45	37	67	0	59	0
27	45	54	67	0	77	1
27	37	54	0	0	6	4
28	58	38	51	68	16	59
28	58	44	51	19	51	2
28	58	35	51	73	19	12
28	58	37	51	0	51	1
28	58	25	51	99	17	52
28	38	44	68	19	71	0
28	38	35	68	73	41	20
28	38	37	68	0	61	0
28	38	25	68	99	22	64
28	44	35	19	73	2	46
28	44	37	19	0	4	18
28	44	25	19	99	0	100
28	35	37	73	0	49	3
28	35	25	73	99	14	59
28	37	25	0	99	4	86
30	55	43	77	81	45	23
30	55	42	77	83	56	19
30	55	27	77	13	72	4
30	55	39	77	5	83	0
30	55	78	77	12	62	6
30	55	48	77	95	21	61
30	43	42	81	83	47	25
30	43	27	81	13	77	4
30	43	39	81	5	82	0
30	43	78	81	12	63	11
30	43	48	81	95	20	69
30	42	27	83	13	65	4
30	42	39	83	5	77	1
30	42	78	83	12	58	10
30	42	48	83	95	26	60
30	27	39	13	5	12	0
30	27	78	13	12	4	37
30	27	48	13	95	0	93
30	39	78	5	12	0	37
30	39	48	5	95	0	95
30	78	48	12	95	9	89
31	53	60	84	61	61	19
31	53	50	84	70	61	10
31	53	32	84	75	60	11
31	53	54	84	74	24	43
31	53	24	84	80	16	28
31	53	59	84	34	70	8
31	53	27	84	75	18	50
31	53	25	84	82	49	18
31	60	50	61	70	21	24
31	60	32	61	75	29	26
31	60	54	61	74	12	48
31	60	24	61	80	5	45
31	60	59	61	34	34	3
31	60	27	61	75	6	74
31	60	25	61	82	2	52
31	50	32	70	75	8	60
31	50	54	70	74	0	77
31	50	24	70	80	0	73
31	50	59	70	34	5	38
31	50	27	70	75	7	71
31	50	25	70	82	0	59
31	32	54	75	74	30	40
31	32	24	75	80	15	54
31	32	59	75	34	22	9
31	32	27	75	75	13	63
31	32	25	75	82	71	3
31	54	24	74	80	55	22
31	54	59	74	34	65	16
31	54	27	74	75	19	50
31	54	25	74	82	49	4
31	24	59	80	34	61	13
31	24	27	80	75	27	51
31	24	25	80	82	61	4
31	59	27	34	75	17	53
31	59	25	34	82	32	10
31	27	25	75	82	60	7
32	50	31	69	73	34	18
32	50	34	69	100	18	64
32	50	33	69	31	57	8
32	50	54	69	69	24	29
32	50	60	69	67	50	29
32	31	34	73	100	21	55
32	31	33	73	31	65	0
32	31	54	73	69	26	47
32	31	60	73	67	34	27
32	34	33	100	31	95	0
32	34	54	100	69	73	21
32	34	60	100	67	63	24
32	33	54	31	69	10	81
32	33	60	31	67	3	82
32	54	60	69	67	57	28
33	37	60	15	82	10	61
33	37	13	15	47	11	35
33	37	6	15	78	8	45
33	37	1	15	61	10	42
33	37	35	15	64	15	37
33	37	32	15	0	53	0
33	37	36	15	7	60	0
33	37	31	15	0	57	1
33	60	13	82	47	60	11
33	60	6	82	78	53	22
33	60	1	82	61	56	13
33	60	35	82	64	38	13
33	60	32	82	0	70	5
33	60	36	82	7	53	14
33	60	31	82	0	76	0
33	13	6	47	78	2	0
33	13	1	47	61	0	0
33	13	35	47	64	0	26
33	13	32	47	0	19	2
33	13	36	47	7	18	14
33	13	31	47	0	15	20
33	6	1	78	61	26	0
33	6	35	78	64	23	35
33	6	32	78	0	0	0
33	6	36	78	7	0	16
33	6	31	78	0	31	0
33	1	35	61	64	22	49
33	1	32	61	0	61	0
33	1	36	61	7	35	6
33	1	31	61	0	71	0
33	35	32	64	0	60	2
33	35	36	64	7	46	9
33	35	31	64	0	63	0
33	32	36	0	7	7	11
33	32	31	0	0	27	5
33	36	31	7	0	0	3
34	54	50	75	82	24	37
34	54	60	75	97	19	42
34	54	32	75	99	18	65
34	50	60	82	97	19	51
34	50	32	82	99	20	65
34	60	32	97	99	23	68
35	33	18	65	26	61	5
35	33	28	65	77	18	67
35	33	37	65	91	21	62
35	33	13	65	45	50	22
35	33	22	65	63	50	16
35	33	25	65	73	21	26
35	33	59	65	88	7	67
35	33	39	65	14	67	0
35	33	1	65	85	25	62
35	33	6	65	78	15	50
35	33	36	65	80	23	47
35	33	38	65	78	17	20
35	18	28	26	77	5	73
35	18	37	26	91	0	73
35	18	13	26	45	20	18
35	18	22	26	63	8	41
35	18	25	26	73	5	65
35	18	59	26	88	6	63
35	18	39	26	14	21	1
35	18	1	26	85	6	76
35	18	6	26	78	8	70
35	18	36	26	80	8	71
35	18	38	26	78	9	59
35	28	37	77	91	37	22
35	28	13	77	45	67	10
35	28	22	77	63	63	18
35	28	25	77	73	59	23
35	28	59	77	88	57	22
35	28	39	77	14	86	0
35	28	1	77	85	28	33
35	28	6	77	78	60	22
35	28	36	77	80	46	17
35	28	38	77	78	51	23
35	37	13	91	45	67	10
35	37	22	91	63	76	10
35	37	25	91	73	66	15
35	37	59	91	88	57	21
35	37	39	91	14	97	0
35	37	1	91	85	25	49
35	37	6	91	78	36	33
35	37	36	91	80	36	34
35	37	38	91	78	61	19
35	13	22	45	63	15	38
35	13	25	45	73	11	45
35	13	59	45	88	3	78
35	13	39	45	14	36	0
35	13	1	45	85	10	70
35	13	6	45	78	9	52
35	13	36	45	80	7	65
35	13	38	45	78	4	58
35	22	25	63	73	19	44
35	22	59	63	88	9	55
35	22	39	63	14	55	0
35	22	1	63	85	18	54
35	22	6	63	78	14	48
35	22	36	63	80	17	60
35	22	38	63	78	16	54
35	25	59	73	88	43	16
35	25	39	73	14	60	0
35	25	1	73	85	11	67
35	25	6	73	78	16	55
35	25	36	73	80	17	46
35	25	38	73	78	15	21
35	59	39	88	14	80	0
35	59	1	88	85	22	53
35	59	6	88	78	25	47
35	59	36	88	80	22	47
35	59	38	88	78	51	10
35	39	1	14	85	0	81
35	39	6	14	78	4	76
35	39	36	14	80	2	72
35	39	38	14	78	1	77
35	1	6	85	78	53	14
35	1	36	85	80	49	31
35	1	38	85	78	57	16
35	6	36	78	80	26	38
35	6	38	78	78	50	15
35	36	38	80	78	66	14
36	1	58	0	70	0	83
36	1	39	0	93	0	96
36	1	25	0	68	0	64
36	1	7	0	0	0	23
36	1	33	0	12	0	5
36	1	37	0	83	0	77
36	1	35	0	82	0	77
36	1	26	0	85	0	81
36	1	38	0	86	0	86
36	58	39	70	93	18	70
36	58	25	70	68	57	15
36	58	7	70	0	67	9
36	58	33	70	12	74	0
36	58	37	70	83	56	17
36	58	35	70	82	11	60
36	58	26	70	85	12	62
36	58	38	70	86	21	63
36	39	25	93	68	68	9
36	39	7	93	0	97	0
36	39	33	93	12	87	0
36	39	37	93	83	62	23
36	39	35	93	82	60	26
36	39	26	93	85	74	26
36	39	38	93	86	33	56
36	25	7	68	0	59	2
36	25	33	68	12	56	2
36	25	37	68	83	12	65
36	25	35	68	82	18	61
36	25	26	68	85	8	52
36	25	38	68	86	24	47
36	7	33	0	12	43	6
36	7	37	0	83	5	53
36	7	35	0	82	6	68
36	7	26	0	85	5	71
36	7	38	0	86	16	80
36	33	37	12	83	1	55
36	33	35	12	82	5	61
36	33	26	12	85	2	85
36	33	38	12	86	0	87
36	37	35	83	82	27	53
36	37	26	83	85	27	39
36	37	38	83	86	28	57
36	35	26	82	85	55	19
36	35	38	82	86	24	49
36	26	38	85	86	17	53
37	7	59	14	94	1	94
37	7	36	14	85	3	54
37	7	58	14	58	0	37
37	7	6	14	79	0	79
37	7	35	14	77	0	96
37	7	1	14	89	1	80
37	7	38	14	81	0	66
37	7	33	14	60	0	46
37	7	13	14	94	0	96
37	7	39	14	95	0	78
37	7	26	14	93	0	92
37	7	27	14	5	0	2
37	7	28	14	8	0	28
37	59	36	94	85	55	13
37	59	58	94	58	79	5
37	59	6	94	79	26	15
37	59	35	94	77	32	53
37	59	1	94	89	27	36
37	59	38	94	81	26	61
37	59	33	94	60	70	4
37	59	13	94	94	17	61
37	59	39	94	95	61	17
37	59	26	94	93	12	61
37	59	27	94	5	90	0
37	59	28	94	8	68	12
37	36	58	85	58	54	6
37	36	6	85	79	18	55
37	36	35	85	77	22	68
37	36	1	85	89	18	61
37	36	38	85	81	23	49
37	36	33	85	60	45	15
37	36	13	85	94	20	77
37	36	39	85	95	21	49
37	36	26	85	93	28	57
37	36	27	85	5	85	1
37	36	28	85	8	75	2
37	58	6	58	79	16	60
37	58	35	58	77	12	61
37	58	1	58	89	12	68
37	58	38	58	81	7	66
37	58	33	58	60	7	25
37	58	13	58	94	5	78
37	58	39	58	95	5	73
37	58	26	58	93	6	75
37	58	27	58	5	57	0
37	58	28	58	8	25	5
37	6	35	79	77	32	36
37	6	1	79	89	16	32
37	6	38	79	81	23	55
37	6	33	79	60	54	17
37	6	13	79	94	21	57
37	6	39	79	95	51	15
37	6	26	79	93	14	72
37	6	27	79	5	81	0
37	6	28	79	8	65	14
37	35	1	77	89	33	22
37	35	38	77	81	26	53
37	35	33	77	60	72	5
37	35	13	77	94	29	57
37	35	39	77	95	46	28
37	35	26	77	93	14	66
37	35	27	77	5	88	0
37	35	28	77	8	67	11
37	1	38	89	81	21	60
37	1	33	89	60	65	22
37	1	13	89	94	22	57
37	1	39	89	95	49	21
37	1	26	89	93	14	63
37	1	27	89	5	85	1
37	1	28	89	8	69	13
37	38	33	81	60	64	21
37	38	13	81	94	18	65
37	38	39	81	95	57	20
37	38	26	81	93	17	23
37	38	27	81	5	76	1
37	38	28	81	8	62	10
37	33	13	60	94	19	68
37	33	39	60	95	11	39
37	33	26	60	93	10	73
37	33	27	60	5	63	0
37	33	28	60	8	31	4
37	13	39	94	95	69	13
37	13	26	94	93	58	26
37	13	27	94	5	94	1
37	13	28	94	8	71	7
37	39	26	95	93	28	62
37	39	27	95	5	82	0
37	39	28	95	8	89	1
37	26	27	93	5	86	0
37	26	28	93	8	76	2
37	27	28	5	8	0	56
38	37	27	82	58	67	11
38	37	25	82	56	70	11
38	37	44	82	84	62	17
38	37	48	82	43	66	11
38	37	5	82	84	61	10
38	37	35	82	51	57	25
38	37	58	82	44	55	17
38	37	43	82	73	62	19
38	37	36	82	81	21	60
38	37	30	82	88	47	18
38	37	28	82	76	50	24
38	37	39	82	85	29	44
38	37	26	82	0	78	0
38	27	25	58	56	15	5
38	27	44	58	84	12	60
38	27	48	58	43	20	17
38	27	5	58	84	19	38
38	27	35	58	51	10	48
38	27	58	58	44	10	14
38	27	43	58	73	12	54
38	27	36	58	81	5	65
38	27	30	58	88	19	52
38	27	28	58	76	3	57
38	27	39	58	85	8	63
38	27	26	58	0	63	0
38	25	44	56	84	4	65
38	25	48	56	43	22	20
38	25	5	56	84	42	9
38	25	35	56	51	16	35
38	25	58	56	44	16	15
38	25	43	56	73	5	64
38	25	36	56	81	9	66
38	25	30	56	88	7	71
38	25	28	56	76	12	43
38	25	39	56	85	5	75
38	25	26	56	0	63	0
38	44	48	84	43	60	11
38	44	5	84	84	80	0
38	44	35	84	51	58	11
38	44	58	84	44	62	2
38	44	43	84	73	29	18
38	44	36	84	81	18	61
38	44	30	84	88	18	64
38	44	28	84	76	21	48
38	44	39	84	85	13	61
38	44	26	84	0	86	0
38	48	5	43	84	73	0
38	48	35	43	51	22	41
38	48	58	43	44	34	6
38	48	43	43	73	12	50
38	48	36	43	81	16	69
38	48	30	43	88	23	56
38	48	28	43	76	9	54
38	48	39	43	85	13	58
38	48	26	43	0	70	0
38	5	35	84	51	23	42
38	5	58	84	44	25	11
38	5	43	84	73	15	50
38	5	36	84	81	3	78
38	5	30	84	88	0	83
38	5	28	84	76	3	69
38	5	39	84	85	0	83
38	5	26	84	0	0	0
38	35	58	51	44	43	20
38	35	43	51	73	21	52
38	35	36	51	81	18	69
38	35	30	51	88	12	64
38	35	28	51	76	23	51
38	35	39	51	85	18	62
38	35	26	51	0	63	0
38	58	43	44	73	13	51
38	58	36	44	81	16	64
38	58	30	44	88	5	69
38	58	28	44	76	16	55
38	58	39	44	85	8	78
38	58	26	44	0	49	2
38	43	36	73	81	9	64
38	43	30	73	88	25	48
38	43	28	73	76	11	67
38	43	39	73	85	19	61
38	43	26	73	0	78	1
38	36	30	81	88	52	18
38	36	28	81	76	76	21
38	36	39	81	85	16	67
38	36	26	81	0	74	6
38	30	28	88	76	25	40
38	30	39	88	85	18	57
38	30	26	88	0	82	0
38	28	39	76	85	9	63
38	28	26	76	0	77	0
38	39	26	85	0	89	0
39	57	5	100	99	27	57
39	57	38	100	86	30	49
39	57	36	100	88	68	12
39	57	26	100	88	70	30
39	57	37	100	88	72	12
39	57	7	100	7	82	3
39	5	38	99	86	46	32
39	5	36	99	88	60	14
39	5	26	99	88	65	8
39	5	37	99	88	77	13
39	5	7	99	7	70	17
39	38	36	86	88	54	34
39	38	26	86	88	71	21
39	38	37	86	88	46	27
39	38	7	86	7	79	8
39	36	26	88	88	65	29
39	36	37	88	88	63	25
39	36	7	88	7	99	0
39	26	37	88	88	13	65
39	26	7	88	7	59	0
39	37	7	88	7	88	0
40	46	78	77	10	54	3
40	46	44	77	75	58	13
40	46	59	77	9	69	0
40	46	42	77	79	19	55
40	46	47	77	73	15	31
40	46	54	77	81	24	54
40	46	45	77	99	16	72
40	46	52	77	99	14	63
40	46	60	77	85	16	66
40	46	69	77	75	15	41
40	46	41	77	100	24	66
40	46	43	77	75	15	56
40	46	48	77	91	18	35
40	46	55	77	67	46	15
40	46	27	77	42	52	11
40	78	44	10	75	3	43
40	78	59	10	9	8	25
40	78	42	10	79	4	56
40	78	47	10	73	6	79
40	78	54	10	81	6	67
40	78	45	10	99	1	91
40	78	52	10	99	3	94
40	78	60	10	85	6	77
40	78	69	10	75	9	53
40	78	41	10	100	1	91
40	78	43	10	75	4	61
40	78	48	10	91	5	71
40	78	55	10	67	2	58
40	78	27	10	42	4	47
40	44	59	75	9	62	0
40	44	42	75	79	18	44
40	44	47	75	73	16	62
40	44	54	75	81	18	64
40	44	45	75	99	19	70
40	44	52	75	99	18	77
40	44	60	75	85	10	63
40	44	69	75	75	14	61
40	44	41	75	100	14	75
40	44	43	75	75	20	45
40	44	48	75	91	9	68
40	44	55	75	67	9	58
40	44	27	75	42	19	6
40	59	42	9	79	9	53
40	59	47	9	73	7	61
40	59	54	9	81	21	50
40	59	45	9	99	4	77
40	59	52	9	99	12	75
40	59	60	9	85	8	65
40	59	69	9	75	5	54
40	59	41	9	100	4	75
40	59	43	9	75	3	52
40	59	48	9	91	1	74
40	59	55	9	67	3	67
40	59	27	9	42	2	31
40	42	47	79	73	55	31
40	42	54	79	81	58	21
40	42	45	79	99	18	70
40	42	52	79	99	22	66
40	42	60	79	85	41	28
40	42	69	79	75	46	25
40	42	41	79	100	15	71
40	42	43	79	75	43	17
40	42	48	79	91	53	29
40	42	55	79	67	39	17
40	42	27	79	42	58	14
40	47	54	73	81	25	52
40	47	45	73	99	27	63
40	47	52	73	99	24	60
40	47	60	73	85	12	58
40	47	69	73	75	24	23
40	47	41	73	100	17	68
40	47	43	73	75	21	48
40	47	48	73	91	13	46
40	47	55	73	67	23	32
40	47	27	73	42	47	15
40	54	45	81	99	18	74
40	54	52	81	99	16	61
40	54	60	81	85	20	57
40	54	69	81	75	57	14
40	54	41	81	100	23	70
40	54	43	81	75	43	25
40	54	48	81	91	40	26
40	54	55	81	67	53	18
40	54	27	81	42	63	10
40	45	52	99	99	70	24
40	45	60	99	85	55	24
40	45	69	99	75	74	22
40	45	41	99	100	50	44
40	45	43	99	75	67	25
40	45	48	99	91	71	22
40	45	55	99	67	61	21
40	45	27	99	42	70	22
40	52	60	99	85	66	21
40	52	69	99	75	65	13
40	52	41	99	100	57	36
40	52	43	99	75	81	15
40	52	48	99	91	70	19
40	52	55	99	67	72	14
40	52	27	99	42	71	13
40	60	69	85	75	62	12
40	60	41	85	100	26	65
40	60	43	85	75	25	42
40	60	48	85	91	61	15
40	60	55	85	67	65	18
40	60	27	85	42	64	11
40	69	41	75	100	21	64
40	69	43	75	75	24	58
40	69	48	75	91	24	55
40	69	55	75	67	48	13
40	69	27	75	42	54	15
40	41	43	100	75	62	17
40	41	48	100	91	66	25
40	41	55	100	67	76	11
40	41	27	100	42	67	15
40	43	48	75	91	48	26
40	43	55	75	67	47	21
40	43	27	75	42	55	12
40	48	55	91	67	58	19
40	48	27	91	42	63	8
40	55	27	67	42	54	12
42	44	43	74	100	22	76
42	44	69	74	73	66	11
42	44	45	74	79	22	42
42	44	41	74	75	30	51
42	44	50	74	65	55	11
42	44	27	74	81	13	61
42	44	40	74	83	29	56
42	44	30	74	83	58	22
42	44	55	74	73	16	35
42	44	47	74	79	51	17
42	44	46	74	86	5	58
42	44	78	74	41	52	23
42	44	48	74	79	13	64
42	44	52	74	75	43	16
42	44	83	74	2	86	0
42	43	69	100	73	72	17
42	43	45	100	79	69	16
42	43	41	100	75	59	21
42	43	50	100	65	69	19
42	43	27	100	81	72	17
42	43	40	100	83	57	18
42	43	30	100	83	59	22
42	43	55	100	73	69	15
42	43	47	100	79	63	13
42	43	46	100	86	64	27
42	43	78	100	41	60	24
42	43	48	100	79	65	25
42	43	52	100	75	64	17
42	43	83	100	2	88	5
42	69	45	73	79	10	61
42	69	41	73	75	13	61
42	69	50	73	65	21	46
42	69	27	73	81	21	57
42	69	40	73	83	17	62
42	69	30	73	83	7	62
42	69	55	73	73	16	57
42	69	47	73	79	8	57
42	69	46	73	86	8	63
42	69	78	73	41	30	23
42	69	48	73	79	18	60
42	69	52	73	75	35	20
42	69	83	73	2	68	2
42	45	41	79	75	32	34
42	45	50	79	65	48	24
42	45	27	79	81	55	16
42	45	40	79	83	34	30
42	45	30	79	83	52	21
42	45	55	79	73	50	25
42	45	47	79	79	44	38
42	45	46	79	86	33	40
42	45	78	79	41	51	33
42	45	48	79	79	25	43
42	45	52	79	75	58	18
42	45	83	79	2	68	0
42	41	50	75	65	51	17
42	41	27	75	81	23	48
42	41	40	75	83	17	67
42	41	30	75	83	58	23
42	41	55	75	73	50	21
42	41	47	75	79	48	32
42	41	46	75	86	23	22
42	41	78	75	41	49	18
42	41	48	75	79	17	55
42	41	52	75	75	52	21
42	41	83	75	2	73	0
42	50	27	65	81	11	52
42	50	40	65	83	14	65
42	50	30	65	83	14	30
42	50	55	65	73	10	55
42	50	47	65	79	18	35
42	50	46	65	86	20	55
42	50	78	65	41	30	30
42	50	48	65	79	6	75
42	50	52	65	75	19	19
42	50	83	65	2	64	0
42	27	40	81	83	23	35
42	27	30	81	83	51	29
42	27	55	81	73	40	32
42	27	47	81	79	47	25
42	27	46	81	86	40	38
42	27	78	81	41	46	19
42	27	48	81	79	11	42
42	27	52	81	75	54	27
42	27	83	81	2	61	0
42	40	30	83	83	61	12
42	40	55	83	73	51	20
42	40	47	83	79	51	23
42	40	46	83	86	63	22
42	40	78	83	41	65	30
42	40	48	83	79	18	45
42	40	52	83	75	62	14
42	40	83	83	2	89	0
42	30	55	83	73	28	52
42	30	47	83	79	11	18
42	30	46	83	86	13	61
42	30	78	83	41	33	31
42	30	48	83	79	28	58
42	30	52	83	75	58	13
42	30	83	83	2	89	0
42	55	47	73	79	49	23
42	55	46	73	86	10	59
42	55	78	73	41	48	28
42	55	48	73	79	20	57
42	55	52	73	75	63	11
42	55	83	73	2	73	0
42	47	46	79	86	28	58
42	47	78	79	41	36	10
42	47	48	79	79	16	62
42	47	52	79	75	74	3
42	47	83	79	2	80	0
42	46	78	86	41	63	14
42	46	48	86	79	8	59
42	46	52	86	75	69	11
42	46	83	86	2	86	0
42	78	48	41	79	26	62
42	78	52	41	75	46	21
42	78	83	41	2	85	0
42	48	52	79	75	69	10
42	48	83	79	2	80	0
42	52	83	75	2	46	2
43	38	52	81	46	59	10
43	38	40	81	78	9	44
43	38	45	81	81	11	53
43	38	54	81	46	61	6
43	38	44	81	56	53	21
43	38	42	81	100	11	71
43	38	48	81	100	21	61
43	38	46	81	80	48	17
43	38	78	81	89	29	21
43	38	30	81	85	18	52
43	38	77	81	17	73	4
43	38	69	81	36	74	9
43	38	50	81	50	43	9
43	38	55	81	86	14	73
43	38	41	81	80	17	46
43	52	40	46	78	15	51
43	52	45	46	81	12	57
43	52	54	46	46	30	14
43	52	44	46	56	33	14
43	52	42	46	100	12	62
43	52	48	46	100	6	76
43	52	46	46	80	18	48
43	52	78	46	89	5	65
43	52	30	46	85	7	67
43	52	77	46	17	47	4
43	52	69	46	36	31	14
43	52	50	46	50	18	28
43	52	55	46	86	15	70
43	52	41	46	80	16	52
43	40	45	78	81	25	27
43	40	54	78	46	46	6
43	40	44	78	56	67	13
43	40	42	78	100	24	69
43	40	48	78	100	24	56
43	40	46	78	80	57	21
43	40	78	78	89	45	34
43	40	30	78	85	53	21
43	40	77	78	17	69	5
43	40	69	78	36	58	8
43	40	50	78	50	48	14
43	40	55	78	86	16	64
43	40	41	78	80	37	24
43	45	54	81	46	52	8
43	45	44	81	56	56	8
43	45	42	81	100	20	74
43	45	48	81	100	18	66
43	45	46	81	80	52	22
43	45	78	81	89	53	32
43	45	30	81	85	58	21
43	45	77	81	17	65	3
43	45	69	81	36	64	14
43	45	50	81	50	58	12
43	45	55	81	86	24	59
43	45	41	81	80	39	27
43	54	44	46	56	7	30
43	54	42	46	100	6	83
43	54	48	46	100	4	87
43	54	46	46	80	10	42
43	54	78	46	89	6	72
43	54	30	46	85	7	73
43	54	77	46	17	35	1
43	54	69	46	36	25	22
43	54	50	46	50	10	29
43	54	55	46	86	11	59
43	54	41	46	80	11	59
43	44	42	56	100	14	80
43	44	48	56	100	7	79
43	44	46	56	80	9	49
43	44	78	56	89	14	61
43	44	30	56	85	12	66
43	44	77	56	17	54	3
43	44	69	56	36	29	19
43	44	50	56	50	20	23
43	44	55	56	86	13	68
43	44	41	56	80	10	61
43	42	48	100	100	28	48
43	42	46	100	80	68	16
43	42	78	100	89	62	23
43	42	30	100	85	65	30
43	42	77	100	17	91	5
43	42	69	100	36	69	7
43	42	50	100	50	73	13
43	42	55	100	86	66	19
43	42	41	100	80	65	16
43	48	46	100	80	76	10
43	48	78	100	89	65	27
43	48	30	100	85	74	17
43	48	77	100	17	88	2
43	48	69	100	36	76	8
43	48	50	100	50	81	14
43	48	55	100	86	57	30
43	48	41	100	80	66	28
43	46	78	80	89	9	54
43	46	30	80	85	7	61
43	46	77	80	17	57	6
43	46	69	80	36	47	23
43	46	50	80	50	53	11
43	46	55	80	86	8	62
43	46	41	80	80	18	54
43	78	30	89	85	24	46
43	78	77	89	17	77	4
43	78	69	89	36	55	10
43	78	50	89	50	81	5
43	78	55	89	86	30	56
43	78	41	89	80	30	40
43	30	77	85	17	75	0
43	30	69	85	36	84	0
43	30	50	85	50	81	3
43	30	55	85	86	24	59
43	30	41	85	80	32	29
43	77	69	17	36	16	13
43	77	50	17	50	8	49
43	77	55	17	86	1	85
43	77	41	17	80	0	73
43	69	50	36	50	8	50
43	69	55	36	86	11	71
43	69	41	36	80	9	69
43	50	55	50	86	13	69
43	50	41	50	80	22	44
43	55	41	86	80	50	15
44	41	40	60	67	35	23
44	41	42	60	75	21	53
44	41	28	60	35	75	0
44	41	43	60	66	36	21
44	41	52	60	51	43	16
44	41	54	60	48	56	8
44	41	38	60	82	7	57
44	41	25	60	65	13	19
44	40	42	67	75	16	59
44	40	28	67	35	57	10
44	40	43	67	66	24	17
44	40	52	67	51	33	14
44	40	54	67	48	38	18
44	40	38	67	82	15	61
44	40	25	67	65	18	11
44	42	28	75	35	56	8
44	42	43	75	66	59	15
44	42	52	75	51	56	9
44	42	54	75	48	74	8
44	42	38	75	82	25	13
44	42	25	75	65	45	7
44	28	43	35	66	16	19
44	28	52	35	51	17	14
44	28	54	35	48	27	12
44	28	38	35	82	19	61
44	28	25	35	65	20	12
44	43	52	66	51	16	25
44	43	54	66	48	22	11
44	43	38	66	82	20	54
44	43	25	66	65	13	22
44	52	54	51	48	19	18
44	52	38	51	82	11	53
44	52	25	51	65	19	14
44	54	38	48	82	3	51
44	54	25	48	65	7	29
44	38	25	82	65	65	16
45	46	43	79	60	61	20
45	46	42	79	78	47	25
45	46	27	79	68	30	35
45	46	41	79	100	24	67
45	46	40	79	100	35	63
45	46	48	79	56	63	13
45	46	54	79	81	51	20
45	46	55	79	64	75	10
45	46	78	79	53	71	9
45	46	50	79	84	59	16
45	46	47	79	80	69	17
45	46	60	79	76	65	12
45	46	91	79	0	87	0
45	46	69	79	75	65	8
45	46	52	79	98	34	40
45	46	44	79	2	72	0
45	43	42	60	78	20	34
45	43	27	60	68	21	42
45	43	41	60	100	21	72
45	43	40	60	100	24	71
45	43	48	60	56	25	18
45	43	54	60	81	8	14
45	43	55	60	64	59	11
45	43	78	60	53	54	24
45	43	50	60	84	28	47
45	43	47	60	80	49	21
45	43	60	60	76	59	7
45	43	91	60	0	80	0
45	43	69	60	75	42	32
45	43	52	60	98	13	72
45	43	44	60	2	35	7
45	42	27	78	68	15	10
45	42	41	78	100	10	74
45	42	40	78	100	13	76
45	42	48	78	56	41	23
45	42	54	78	81	36	27
45	42	55	78	64	60	5
45	42	78	78	53	62	12
45	42	50	78	84	33	28
45	42	47	78	80	50	23
45	42	60	78	76	65	5
45	42	91	78	0	72	0
45	42	69	78	75	43	25
45	42	52	78	98	18	73
45	42	44	78	2	56	1
45	27	41	68	100	17	76
45	27	40	68	100	28	49
45	27	48	68	56	47	20
45	27	54	68	81	45	26
45	27	55	68	64	56	10
45	27	78	68	53	58	9
45	27	50	68	84	46	22
45	27	47	68	80	54	22
45	27	60	68	76	66	15
45	27	91	68	0	70	0
45	27	69	68	75	51	23
45	27	52	68	98	23	57
45	27	44	68	2	58	0
45	41	40	100	100	35	38
45	41	48	100	56	62	17
45	41	54	100	81	66	15
45	41	55	100	64	82	8
45	41	78	100	53	80	7
45	41	50	100	84	59	26
45	41	47	100	80	67	26
45	41	60	100	76	100	0
45	41	91	100	0	100	0
45	41	69	100	75	68	18
45	41	52	100	98	74	27
45	41	44	100	2	83	2
45	40	48	100	56	65	27
45	40	54	100	81	75	14
45	40	55	100	64	64	14
45	40	78	100	53	68	16
45	40	50	100	84	58	21
45	40	47	100	80	66	23
45	40	60	100	76	73	18
45	40	91	100	0	99	0
45	40	69	100	75	61	25
45	40	52	100	98	69	26
45	40	44	100	2	88	0
45	48	54	56	81	14	57
45	48	55	56	64	56	16
45	48	78	56	53	54	11
45	48	50	56	84	15	67
45	48	47	56	80	49	20
45	48	60	56	76	54	12
45	48	91	56	0	74	0
45	48	69	56	75	27	33
45	48	52	56	98	16	66
45	48	44	56	2	68	0
45	54	55	81	64	70	11
45	54	78	81	53	78	5
45	54	50	81	84	19	46
45	54	47	81	80	52	21
45	54	60	81	76	50	20
45	54	91	81	0	82	0
45	54	69	81	75	50	20
45	54	52	81	98	21	56
45	54	44	81	2	72	6
45	55	78	64	53	32	14
45	55	50	64	84	4	78
45	55	47	64	80	14	55
45	55	60	64	76	19	25
45	55	91	64	0	48	0
45	55	69	64	75	8	58
45	55	52	64	98	17	61
45	55	44	64	2	40	2
45	78	50	53	84	9	66
45	78	47	53	80	9	58
45	78	60	53	76	9	45
45	78	91	53	0	37	0
45	78	69	53	75	6	58
45	78	52	53	98	4	72
45	78	44	53	2	28	0
45	50	47	84	80	65	18
45	50	60	84	76	53	21
45	50	91	84	0	86	0
45	50	69	84	75	63	11
45	50	52	84	98	24	56
45	50	44	84	2	69	0
45	47	60	80	76	31	26
45	47	91	80	0	79	0
45	47	69	80	75	17	42
45	47	52	80	98	16	61
45	47	44	80	2	75	0
45	60	91	76	0	58	0
45	60	69	76	75	9	63
45	60	52	76	98	17	69
45	60	44	76	2	66	0
45	91	69	0	75	0	70
45	91	52	0	98	0	97
45	91	44	0	2	0	1
45	69	52	75	98	22	69
45	69	44	75	2	74	1
45	52	44	98	2	89	1
46	50	41	68	100	20	72
46	50	47	68	99	13	79
46	50	52	68	100	20	58
46	50	40	68	88	20	50
46	50	27	68	23	74	4
46	50	45	68	85	15	52
46	50	43	68	71	33	19
46	50	42	68	77	18	50
46	50	54	68	42	16	19
46	50	60	68	80	26	23
46	41	47	100	99	25	62
46	41	52	100	100	28	58
46	41	40	100	88	70	28
46	41	27	100	23	75	15
46	41	45	100	85	57	19
46	41	43	100	71	63	10
46	41	42	100	77	65	22
46	41	54	100	42	62	21
46	41	60	100	80	62	25
46	47	52	99	100	19	64
46	47	40	99	88	66	23
46	47	27	99	23	83	3
46	47	45	99	85	67	23
46	47	43	99	71	67	17
46	47	42	99	77	72	15
46	47	54	99	42	63	12
46	47	60	99	80	73	16
46	52	40	100	88	69	23
46	52	27	100	23	75	5
46	52	45	100	85	76	21
46	52	43	100	71	67	17
46	52	42	100	77	81	12
46	52	54	100	42	65	24
46	52	60	100	80	64	19
46	40	27	88	23	63	8
46	40	45	88	85	18	70
46	40	43	88	71	52	16
46	40	42	88	77	21	40
46	40	54	88	42	48	18
46	40	60	88	80	61	30
46	27	45	23	85	11	55
46	27	43	23	71	2	52
46	27	42	23	77	0	55
46	27	54	23	42	10	1
46	27	60	23	80	3	22
46	45	43	85	71	42	18
46	45	42	85	77	52	25
46	45	54	85	42	61	10
46	45	60	85	80	58	28
46	43	42	71	77	15	61
46	43	54	71	42	48	11
46	43	60	71	80	14	19
46	42	54	77	42	63	11
46	42	60	77	80	55	25
46	54	60	42	80	28	24
47	46	50	100	1	80	2
47	46	41	100	84	71	19
47	46	54	100	65	68	13
47	46	45	100	85	73	12
47	46	40	100	86	65	27
47	46	42	100	79	68	25
47	46	52	100	45	84	6
47	50	41	1	84	1	78
47	50	54	1	65	7	60
47	50	45	1	85	8	67
47	50	40	1	86	1	72
47	50	42	1	79	6	65
47	50	52	1	45	25	18
47	41	54	84	65	48	20
47	41	45	84	85	39	37
47	41	40	84	86	53	16
47	41	42	84	79	42	23
47	41	52	84	45	44	18
47	54	45	65	85	21	35
47	54	40	65	86	19	58
47	54	42	65	79	7	39
47	54	52	65	45	64	0
47	45	40	85	86	25	58
47	45	42	85	79	20	47
47	45	52	85	45	72	0
47	40	42	86	79	56	20
47	40	52	86	45	88	0
47	42	52	79	45	81	2
48	43	69	98	81	68	25
48	43	41	98	76	62	19
48	43	40	98	82	70	19
48	43	30	98	100	72	31
48	43	55	98	100	24	39
48	43	45	98	63	68	22
48	43	83	98	76	72	11
48	43	38	98	62	67	20
48	43	57	98	95	63	25
48	43	42	98	89	62	30
48	43	78	98	99	59	33
48	69	41	81	76	63	21
48	69	40	81	82	33	30
48	69	30	81	100	12	69
48	69	55	81	100	22	57
48	69	45	81	63	54	28
48	69	83	81	76	51	28
48	69	38	81	62	63	12
48	69	57	81	95	22	28
48	69	42	81	89	28	54
48	69	78	81	99	29	57
48	41	40	76	82	20	51
48	41	30	76	100	8	70
48	41	55	76	100	21	65
48	41	45	76	63	24	27
48	41	83	76	76	19	42
48	41	38	76	62	45	9
48	41	57	76	95	10	63
48	41	42	76	89	17	64
48	41	78	76	99	8	82
48	40	30	82	100	18	69
48	40	55	82	100	22	80
48	40	45	82	63	47	22
48	40	83	82	76	52	17
48	40	38	82	62	43	9
48	40	57	82	95	25	21
48	40	42	82	89	28	60
48	40	78	82	99	19	59
48	30	55	100	100	42	51
48	30	45	100	63	73	16
48	30	83	100	76	76	9
48	30	38	100	62	67	17
48	30	57	100	95	49	19
48	30	42	100	89	36	49
48	30	78	100	99	40	39
48	55	45	100	63	63	15
48	55	83	100	76	86	5
48	55	38	100	62	73	9
48	55	57	100	95	60	22
48	55	42	100	89	75	15
48	55	78	100	99	65	26
48	45	83	63	76	44	19
48	45	38	63	62	41	7
48	45	57	63	95	5	59
48	45	42	63	89	16	64
48	45	78	63	99	25	70
48	83	38	76	62	31	21
48	83	57	76	95	10	68
48	83	42	76	89	20	56
48	83	78	76	99	6	80
48	38	57	62	95	11	67
48	38	42	62	89	9	55
48	38	78	62	99	8	64
48	57	42	95	89	33	59
48	57	78	95	99	9	73
48	42	78	89	99	57	33
50	43	34	59	82	9	58
50	43	41	59	86	20	59
50	43	32	59	55	17	28
50	43	46	59	80	12	42
50	43	54	59	100	24	75
50	43	52	59	72	13	67
50	43	45	59	86	15	51
50	43	42	59	63	19	40
50	43	31	59	69	38	6
50	43	60	59	99	7	73
50	34	41	82	86	17	61
50	34	32	82	55	65	15
50	34	46	82	80	17	26
50	34	54	82	100	25	55
50	34	52	82	72	17	47
50	34	45	82	86	25	56
50	34	42	82	63	24	12
50	34	31	82	69	70	16
50	34	60	82	99	25	65
50	41	32	86	55	72	14
50	41	46	86	80	58	17
50	41	54	86	100	24	70
50	41	52	86	72	66	22
50	41	45	86	86	43	13
50	41	42	86	63	76	19
50	41	31	86	69	68	8
50	41	60	86	99	27	61
50	32	46	55	80	20	58
50	32	54	55	100	21	62
50	32	52	55	72	17	63
50	32	45	55	86	14	68
50	32	42	55	63	16	48
50	32	31	55	69	25	17
50	32	60	55	99	7	71
50	46	54	80	100	19	72
50	46	52	80	72	23	49
50	46	45	80	86	17	62
50	46	42	80	63	26	23
50	46	31	80	69	54	9
50	46	60	80	99	20	71
50	54	52	100	72	69	20
50	54	45	100	86	73	28
50	54	42	100	63	77	9
50	54	31	100	69	81	7
50	54	60	100	99	52	30
50	52	45	72	86	20	56
50	52	42	72	63	54	19
50	52	31	72	69	63	12
50	52	60	72	99	26	65
50	45	42	86	63	49	23
50	45	31	86	69	68	13
50	45	60	86	99	24	53
50	42	31	63	69	62	4
50	42	60	63	99	12	79
50	31	60	69	99	9	79
52	47	60	27	81	0	84
52	47	83	27	12	0	12
52	47	54	27	99	0	100
52	47	41	27	100	0	100
52	47	45	27	96	0	88
52	47	27	27	63	0	71
52	47	44	27	58	0	50
52	47	42	27	77	0	76
52	47	40	27	100	0	100
52	47	59	27	78	1	29
52	47	46	27	100	1	98
52	47	50	27	85	6	71
52	47	43	27	72	4	50
52	47	55	27	13	29	19
52	60	83	81	12	73	3
52	60	54	81	99	22	72
52	60	41	81	100	33	63
52	60	45	81	96	19	59
52	60	27	81	63	57	16
52	60	44	81	58	68	4
52	60	42	81	77	68	12
52	60	40	81	100	21	67
52	60	59	81	78	60	17
52	60	46	81	100	21	69
52	60	50	81	85	22	49
52	60	43	81	72	71	11
52	60	55	81	13	69	8
52	83	54	12	99	4	80
52	83	41	12	100	3	86
52	83	45	12	96	2	80
52	83	27	12	63	8	45
52	83	44	12	58	4	10
52	83	42	12	77	2	51
52	83	40	12	100	4	80
52	83	59	12	78	8	35
52	83	46	12	100	2	85
52	83	50	12	85	1	77
52	83	43	12	72	2	54
52	83	55	12	13	14	15
52	54	41	99	100	26	55
52	54	45	99	96	45	24
52	54	27	99	63	70	12
52	54	44	99	58	73	6
52	54	42	99	77	74	13
52	54	40	99	100	23	68
52	54	59	99	78	70	18
52	54	46	99	100	24	62
52	54	50	99	85	70	26
52	54	43	99	72	62	21
52	54	55	99	13	89	2
52	41	45	100	96	67	17
52	41	27	100	63	74	12
52	41	44	100	58	67	15
52	41	42	100	77	67	17
52	41	40	100	100	57	27
52	41	59	100	78	75	11
52	41	46	100	100	28	40
52	41	50	100	85	69	21
52	41	43	100	72	76	15
52	41	55	100	13	91	4
52	45	27	96	63	64	15
52	45	44	96	58	65	16
52	45	42	96	77	62	13
52	45	40	96	100	26	68
52	45	59	96	78	69	14
52	45	46	96	100	32	65
52	45	50	96	85	53	25
52	45	43	96	72	70	17
52	45	55	96	13	83	8
52	27	44	63	58	39	20
52	27	42	63	77	18	26
52	27	40	63	100	16	74
52	27	59	63	78	32	4
52	27	46	63	100	9	70
52	27	50	63	85	12	62
52	27	43	63	72	16	21
52	27	55	63	13	48	7
52	44	42	58	77	16	38
52	44	40	58	100	11	64
52	44	59	58	78	11	20
52	44	46	58	100	10	75
52	44	50	58	85	11	67
52	44	43	58	72	22	52
52	44	55	58	13	32	8
52	42	40	77	100	14	76
52	42	59	77	78	21	26
52	42	46	77	100	18	77
52	42	50	77	85	25	46
52	42	43	77	72	18	22
52	42	55	77	13	48	2
52	40	59	100	78	72	6
52	40	46	100	100	21	65
52	40	50	100	85	69	26
52	40	43	100	72	63	19
52	40	55	100	13	92	2
52	59	46	78	100	9	69
52	59	50	78	85	24	47
52	59	43	78	72	18	17
52	59	55	78	13	62	2
52	46	50	100	85	61	22
52	46	43	100	72	81	17
52	46	55	100	13	96	5
52	50	43	85	72	58	22
52	50	55	85	13	54	8
52	43	55	72	13	34	24
53	58	31	98	85	68	26
53	58	59	98	87	72	11
53	31	59	85	87	50	34
54	50	40	87	69	69	24
54	50	32	87	73	71	17
54	50	45	87	79	64	23
54	50	60	87	77	68	19
54	50	52	87	97	67	32
54	50	34	87	68	63	19
54	50	47	87	62	79	8
54	50	41	87	79	75	19
54	50	44	87	41	77	5
54	50	46	87	23	79	14
54	50	31	87	83	78	10
54	50	59	87	80	70	19
54	50	43	87	25	77	9
54	40	32	69	73	40	19
54	40	45	69	79	30	41
54	40	60	69	77	35	45
54	40	52	69	97	24	68
54	40	34	69	68	49	30
54	40	47	69	62	50	11
54	40	41	69	79	34	8
54	40	44	69	41	42	4
54	40	46	69	23	37	0
54	40	31	69	83	42	37
54	40	59	69	80	34	25
54	40	43	69	25	61	1
54	32	45	73	79	22	56
54	32	60	73	77	49	21
54	32	52	73	97	12	70
54	32	34	73	68	48	25
54	32	47	73	62	64	10
54	32	41	73	79	57	15
54	32	44	73	41	45	6
54	32	46	73	23	68	8
54	32	31	73	83	36	31
54	32	59	73	80	49	17
54	32	43	73	25	73	3
54	45	60	79	77	32	34
54	45	52	79	97	20	58
54	45	34	79	68	47	24
54	45	47	79	62	47	26
54	45	41	79	79	51	15
54	45	44	79	41	61	5
54	45	46	79	23	51	13
54	45	31	79	83	55	14
54	45	59	79	80	46	24
54	45	43	79	25	71	4
54	60	52	77	97	27	58
54	60	34	77	68	35	28
54	60	47	77	62	42	20
54	60	41	77	79	36	11
54	60	44	77	41	59	7
54	60	46	77	23	53	13
54	60	31	77	83	45	26
54	60	59	77	80	25	35
54	60	43	77	25	48	5
54	52	34	97	68	56	8
54	52	47	97	62	69	13
54	52	41	97	79	70	18
54	52	44	97	41	83	10
54	52	46	97	23	73	9
54	52	31	97	83	66	8
54	52	59	97	80	63	23
54	52	43	97	25	87	2
54	34	47	68	62	53	10
54	34	41	68	79	27	31
54	34	44	68	41	64	6
54	34	46	68	23	57	6
54	34	31	68	83	14	55
54	34	59	68	80	13	56
54	34	43	68	25	65	3
54	47	41	62	79	16	37
54	47	44	62	41	59	10
54	47	46	62	23	41	4
54	47	31	62	83	13	60
54	47	59	62	80	12	50
54	47	43	62	25	50	5
54	41	44	79	41	38	9
54	41	46	79	23	48	12
54	41	31	79	83	19	42
54	41	59	79	80	10	20
54	41	43	79	25	58	8
54	44	46	41	23	65	0
54	44	31	41	83	12	50
54	44	59	41	80	8	60
54	44	43	41	25	25	9
54	46	31	23	83	10	61
54	46	59	23	80	6	58
54	46	43	23	25	23	14
54	31	59	83	80	36	22
54	31	43	83	25	51	14
54	59	43	80	25	57	5
55	57	52	83	15	52	3
55	57	41	83	76	53	5
55	57	43	83	72	26	43
55	57	40	83	77	53	11
55	57	30	83	87	34	23
55	57	42	83	78	59	8
55	57	78	83	56	55	25
55	57	69	83	84	25	60
55	57	48	83	99	30	65
55	57	77	83	21	68	11
55	57	45	83	51	43	16
55	52	41	15	76	12	48
55	52	43	15	72	9	66
55	52	40	15	77	3	62
55	52	30	15	87	0	69
55	52	42	15	78	13	48
55	52	78	15	56	5	32
55	52	69	15	84	7	76
55	52	48	15	99	10	73
55	52	77	15	21	38	17
55	52	45	15	51	34	19
55	41	43	76	72	19	56
55	41	40	76	77	24	32
55	41	30	76	87	10	51
55	41	42	76	78	14	51
55	41	78	76	56	37	14
55	41	69	76	84	14	60
55	41	48	76	99	16	66
55	41	77	76	21	45	18
55	41	45	76	51	39	15
55	43	40	72	77	53	13
55	43	30	72	87	35	44
55	43	42	72	78	50	23
55	43	78	72	56	68	21
55	43	69	72	84	34	46
55	43	48	72	99	24	60
55	43	77	72	21	52	20
55	43	45	72	51	61	6
55	40	30	77	87	12	62
55	40	42	77	78	22	38
55	40	78	77	56	46	33
55	40	69	77	84	26	52
55	40	48	77	99	24	70
55	40	77	77	21	52	21
55	40	45	77	51	50	16
55	30	42	87	78	39	22
55	30	78	87	56	61	20
55	30	69	87	84	17	76
55	30	48	87	99	24	67
55	30	77	87	21	62	8
55	30	45	87	51	63	12
55	42	78	78	56	52	31
55	42	69	78	84	13	70
55	42	48	78	99	21	82
55	42	77	78	21	53	11
55	42	45	78	51	34	24
55	78	69	56	84	21	67
55	78	48	56	99	19	68
55	78	77	56	21	54	10
55	78	45	56	51	34	13
55	69	48	84	99	27	57
55	69	77	84	21	64	20
55	69	45	84	51	71	18
55	48	77	99	21	74	8
55	48	45	99	51	76	10
55	77	45	21	51	22	17
57	5	26	22	35	0	73
57	5	55	22	87	0	98
57	5	39	22	81	0	97
57	5	48	22	61	0	90
57	26	55	35	87	1	94
57	26	39	35	81	24	56
57	26	48	35	61	10	64
57	55	39	87	81	43	19
57	55	48	87	61	54	29
57	39	48	81	61	67	13
58	25	28	75	73	48	15
58	25	53	75	100	14	69
58	25	31	75	68	57	16
58	25	37	75	39	49	9
58	25	38	75	62	64	2
58	25	36	75	69	44	15
58	25	59	75	0	65	0
58	28	53	73	100	8	79
58	28	31	73	68	11	23
58	28	37	73	39	13	33
58	28	38	73	62	11	1
58	28	36	73	69	0	65
58	28	59	73	0	9	0
58	53	31	100	68	62	18
58	53	37	100	39	76	6
58	53	38	100	62	90	1
58	53	36	100	69	62	10
58	53	59	100	0	88	0
58	31	37	68	39	23	15
58	31	38	68	62	51	5
58	31	36	68	69	18	40
58	31	59	68	0	70	0
58	37	38	39	62	16	26
58	37	36	39	69	16	50
58	37	59	39	0	41	0
58	38	36	62	69	24	43
58	38	59	62	0	52	0
58	36	59	69	0	70	0
59	52	37	70	85	48	23
59	52	60	70	94	12	65
59	52	40	70	70	58	16
59	52	50	70	71	46	17
59	52	80	70	96	17	71
59	52	35	70	73	48	14
59	52	53	70	83	19	16
59	52	31	70	71	49	15
59	52	54	70	73	51	14
59	37	60	85	94	12	70
59	37	40	85	70	69	6
59	37	50	85	71	64	12
59	37	80	85	96	8	74
59	37	35	85	73	32	23
59	37	53	85	83	18	47
59	37	31	85	71	65	13
59	37	54	85	73	33	13
59	60	40	94	70	77	15
59	60	50	94	71	76	21
59	60	80	94	96	14	50
59	60	35	94	73	62	20
59	60	53	94	83	62	21
59	60	31	94	71	72	13
59	60	54	94	73	58	26
59	40	50	70	71	24	42
59	40	80	70	96	8	77
59	40	35	70	73	18	48
59	40	53	70	83	14	56
59	40	31	70	71	33	20
59	40	54	70	73	26	36
59	50	80	71	96	11	70
59	50	35	71	73	13	36
59	50	53	71	83	16	60
59	50	31	71	71	53	21
59	50	54	71	73	21	46
59	80	35	96	73	68	5
59	80	53	96	83	65	15
59	80	31	96	71	70	16
59	80	54	96	73	77	14
59	35	53	73	83	22	48
59	35	31	73	71	59	9
59	35	54	73	73	28	17
59	53	31	83	71	60	17
59	53	54	83	73	45	13
59	31	54	71	73	19	50
60	40	50	100	100	28	38
60	40	54	100	99	32	58
60	40	46	100	81	64	20
60	40	31	100	87	73	19
60	40	34	100	89	69	20
60	40	59	100	88	70	21
60	40	32	100	76	63	14
60	40	35	100	66	73	10
60	40	45	100	77	74	18
60	40	33	100	74	76	10
60	40	53	100	72	76	6
60	40	41	100	71	78	8
60	50	54	100	99	28	39
60	50	46	100	81	73	18
60	50	31	100	87	61	29
60	50	34	100	89	59	28
60	50	59	100	88	50	28
60	50	32	100	76	67	22
60	50	35	100	66	76	6
60	50	45	100	77	62	26
60	50	33	100	74	75	11
60	50	53	100	72	66	10
60	50	41	100	71	57	18
60	54	46	99	81	61	24
60	54	31	99	87	63	20
60	54	34	99	89	72	22
60	54	59	99	88	52	32
60	54	32	99	76	68	26
60	54	35	99	66	74	12
60	54	45	99	77	67	18
60	54	33	99	74	74	12
60	54	53	99	72	62	13
60	54	41	99	71	72	13
60	46	31	81	87	26	43
60	46	34	81	89	57	25
60	46	59	81	88	20	53
60	46	32	81	76	60	19
60	46	35	81	66	77	8
60	46	45	81	77	57	24
60	46	33	81	74	71	11
60	46	53	81	72	57	17
60	46	41	81	71	50	27
60	31	34	87	89	59	18
60	31	59	87	88	30	43
60	31	32	87	76	60	23
60	31	35	87	66	63	10
60	31	45	87	77	62	16
60	31	33	87	74	61	11
60	31	53	87	72	51	24
60	31	41	87	71	63	14
60	34	59	89	88	13	62
60	34	32	89	76	27	25
60	34	35	89	66	69	8
60	34	45	89	77	24	14
60	34	33	89	74	68	10
60	34	53	89	72	73	7
60	34	41	89	71	48	12
60	59	32	88	76	69	9
60	59	35	88	66	64	18
60	59	45	88	77	73	15
60	59	33	88	74	66	20
60	59	53	88	72	69	18
60	59	41	88	71	71	18
60	32	35	76	66	56	9
60	32	45	76	77	45	17
60	32	33	76	74	59	12
60	32	53	76	72	56	10
60	32	41	76	71	66	16
60	35	45	66	77	15	63
60	35	33	66	74	19	22
60	35	53	66	72	14	18
60	35	41	66	71	15	44
60	45	33	77	74	57	15
60	45	53	77	72	60	11
60	45	41	77	71	35	22
60	33	53	74	72	9	9
60	33	41	74	71	29	44
60	53	41	72	71	28	28
63	135	84	74	72	27	43
63	135	73	74	79	17	55
63	135	69	74	78	12	45
63	135	83	74	99	13	68
63	135	67	74	75	13	39
63	135	65	74	79	16	57
63	135	68	74	90	24	57
63	135	55	74	59	34	30
63	84	73	72	79	30	35
63	84	69	72	78	56	21
63	84	83	72	99	22	65
63	84	67	72	75	56	17
63	84	65	72	79	35	54
63	84	68	72	90	25	64
63	84	55	72	59	55	19
63	73	69	79	78	59	25
63	73	83	79	99	21	68
63	73	67	79	75	60	20
63	73	65	79	79	29	64
63	73	68	79	90	14	76
63	73	55	79	59	62	12
63	69	83	78	99	33	59
63	69	67	78	75	24	19
63	69	65	78	79	17	57
63	69	68	78	90	27	66
63	69	55	78	59	45	18
63	83	67	99	75	75	12
63	83	65	99	79	49	26
63	83	68	99	90	57	28
63	83	55	99	59	72	12
63	67	65	75	79	22	60
63	67	68	75	90	15	68
63	67	55	75	59	28	10
63	65	68	79	90	20	75
63	65	55	79	59	66	5
63	68	55	90	59	76	8
65	123	126	78	71	47	18
65	123	133	78	11	73	1
65	123	63	78	76	10	55
65	123	84	78	79	21	50
65	123	73	78	65	55	9
65	123	129	78	74	51	16
65	123	83	78	73	13	49
65	123	116	78	23	60	4
65	123	67	78	76	33	26
65	123	68	78	72	63	15
65	123	82	78	88	16	65
65	123	69	78	71	20	13
65	123	66	78	82	23	30
65	126	133	71	11	64	2
65	126	63	71	76	9	47
65	126	84	71	79	19	61
65	126	73	71	65	29	9
65	126	129	71	74	20	37
65	126	83	71	73	11	59
65	126	116	71	23	56	8
65	126	67	71	76	12	50
65	126	68	71	72	14	20
65	126	82	71	88	8	66
65	126	69	71	71	14	51
65	126	66	71	82	13	62
65	133	63	11	76	0	85
65	133	84	11	79	5	75
65	133	73	11	65	3	61
65	133	129	11	74	4	71
65	133	83	11	73	4	81
65	133	116	11	23	2	32
65	133	67	11	76	0	73
65	133	68	11	72	6	68
65	133	82	11	88	1	90
65	133	69	11	71	1	68
65	133	66	11	82	2	82
65	63	84	76	79	27	53
65	63	73	76	65	58	17
65	63	129	76	74	61	12
65	63	83	76	73	30	30
65	63	116	76	23	77	1
65	63	67	76	76	56	26
65	63	68	76	72	63	14
65	63	82	76	88	26	75
65	63	69	76	71	57	29
65	63	66	76	82	72	21
65	84	73	79	65	59	24
65	84	129	79	74	61	19
65	84	83	79	73	42	40
65	84	116	79	23	72	6
65	84	67	79	76	47	23
65	84	68	79	72	51	25
65	84	82	79	88	16	69
65	84	69	79	71	54	34
65	84	66	79	82	56	27
65	73	129	65	74	19	59
65	73	83	65	73	19	53
65	73	116	65	23	38	16
65	73	67	65	76	9	67
65	73	68	65	72	18	21
65	73	82	65	88	17	81
65	73	69	65	71	22	52
65	73	66	65	82	21	62
65	129	83	74	73	14	66
65	129	116	74	23	53	11
65	129	67	74	76	12	57
65	129	68	74	72	27	19
65	129	82	74	88	29	62
65	129	69	74	71	23	52
65	129	66	74	82	13	60
65	83	116	73	23	79	7
65	83	67	73	76	59	14
65	83	68	73	72	51	29
65	83	82	73	88	25	69
65	83	69	73	71	54	18
65	83	66	73	82	56	28
65	116	67	23	76	6	69
65	116	68	23	72	7	51
65	116	82	23	88	12	70
65	116	69	23	71	7	69
65	116	66	23	82	1	79
65	67	68	76	72	59	16
65	67	82	76	88	25	63
65	67	69	76	71	10	12
65	67	66	76	82	10	25
65	68	82	72	88	23	65
65	68	69	72	71	24	41
65	68	66	72	82	12	61
65	82	69	88	71	83	20
65	82	66	88	82	68	30
65	69	66	71	82	18	32
66	117	82	26	76	4	70
66	117	2	26	76	7	61
66	117	65	26	86	3	77
66	117	73	26	22	16	28
66	117	84	26	88	8	80
66	117	75	26	88	5	85
66	117	119	26	29	7	23
66	117	83	26	79	4	64
66	82	2	76	76	37	13
66	82	65	76	86	12	54
66	82	73	76	22	64	7
66	82	84	76	88	33	62
66	82	75	76	88	20	69
66	82	119	76	29	64	6
66	82	83	76	79	51	18
66	2	65	76	86	19	68
66	2	73	76	22	71	4
66	2	84	76	88	19	66
66	2	75	76	88	19	60
66	2	119	76	29	57	10
66	2	83	76	79	32	23
66	65	73	86	22	70	5
66	65	84	86	88	28	61
66	65	75	86	88	26	66
66	65	119	86	29	65	7
66	65	83	86	79	46	19
66	73	84	22	88	8	74
66	73	75	22	88	5	77
66	73	119	22	29	13	23
66	73	83	22	79	1	71
66	84	75	88	88	33	56
66	84	119	88	29	70	7
66	84	83	88	79	57	26
66	75	119	88	29	73	12
66	75	83	88	79	63	18
66	119	83	29	79	5	57
67	80	63	86	76	34	17
67	80	133	86	91	6	64
67	80	82	86	89	20	59
67	80	75	86	82	32	15
67	80	123	86	77	42	17
67	80	65	86	81	17	46
67	80	4	86	99	12	70
67	63	133	76	91	8	61
67	63	82	76	89	24	58
67	63	75	76	82	20	19
67	63	123	76	77	15	12
67	63	65	76	81	16	57
67	63	4	76	99	16	73
67	133	82	91	89	28	59
67	133	75	91	82	65	9
67	133	123	91	77	69	23
67	133	65	91	81	31	31
67	133	4	91	99	15	72
67	82	75	89	82	66	16
67	82	123	89	77	67	17
67	82	65	89	81	62	19
67	82	4	89	99	18	45
67	75	123	82	77	22	17
67	75	65	82	81	22	52
67	75	4	82	99	12	67
67	123	65	77	81	18	55
67	123	4	77	99	11	69
67	65	4	81	99	6	70
68	136	82	89	88	17	61
68	136	65	89	85	21	23
68	136	135	89	100	24	59
68	136	63	89	100	19	78
68	136	83	89	72	57	17
68	136	69	89	86	22	21
68	136	84	89	59	52	14
68	82	65	88	85	49	21
68	82	135	88	100	33	26
68	82	63	88	100	16	77
68	82	83	88	72	58	16
68	82	69	88	86	56	23
68	82	84	88	59	52	20
68	65	135	85	100	14	62
68	65	63	85	100	19	67
68	65	83	85	72	31	20
68	65	69	85	86	24	22
68	65	84	85	59	36	19
68	135	63	100	100	20	64
68	135	83	100	72	80	14
68	135	69	100	86	65	12
68	135	84	100	59	77	13
68	63	83	100	72	62	14
68	63	69	100	86	72	19
68	63	84	100	59	63	18
68	83	69	72	86	24	33
68	83	84	72	59	20	24
68	69	84	86	59	34	16
69	63	78	77	85	20	22
69	63	40	77	80	14	47
69	63	82	77	88	20	55
69	63	42	77	78	14	44
69	63	65	77	80	26	45
69	63	83	77	86	16	50
69	63	68	77	77	23	27
69	63	55	77	99	16	62
69	63	41	77	64	57	17
69	63	73	77	81	23	54
69	63	84	77	7	64	1
69	63	77	77	77	18	20
69	63	48	77	89	13	69
69	63	45	77	76	21	45
69	63	52	77	44	59	7
69	78	40	85	80	26	55
69	78	82	85	88	23	53
69	78	42	85	78	25	42
69	78	65	85	80	17	49
69	78	83	85	86	19	54
69	78	68	85	77	18	13
69	78	55	85	99	25	65
69	78	41	85	64	70	6
69	78	73	85	81	23	54
69	78	84	85	7	84	3
69	78	77	85	77	21	19
69	78	48	85	89	24	53
69	78	45	85	76	29	50
69	78	52	85	44	71	2
69	40	82	80	88	15	60
69	40	42	80	78	52	22
69	40	65	80	80	24	26
69	40	83	80	86	10	58
69	40	68	80	77	57	15
69	40	55	80	99	18	66
69	40	41	80	64	51	19
69	40	73	80	81	53	17
69	40	84	80	7	72	3
69	40	77	80	77	55	22
69	40	48	80	89	23	47
69	40	45	80	76	61	13
69	40	52	80	44	62	9
69	82	42	88	78	72	15
69	82	65	88	80	59	24
69	82	83	88	86	62	23
69	82	68	88	77	66	19
69	82	55	88	99	14	65
69	82	41	88	64	68	14
69	82	73	88	81	63	13
69	82	84	88	7	68	3
69	82	77	88	77	58	12
69	82	48	88	89	51	26
69	82	45	88	76	65	21
69	82	52	88	44	66	5
69	42	65	78	80	17	58
69	42	83	78	86	11	68
69	42	68	78	77	56	18
69	42	55	78	99	27	74
69	42	41	78	64	53	23
69	42	73	78	81	19	30
69	42	84	78	7	69	2
69	42	77	78	77	57	21
69	42	48	78	89	20	57
69	42	45	78	76	28	19
69	42	52	78	44	61	7
69	65	83	80	86	18	60
69	65	68	80	77	53	23
69	65	55	80	99	15	69
69	65	41	80	64	59	20
69	65	73	80	81	54	27
69	65	84	80	7	60	4
69	65	77	80	77	52	12
69	65	48	80	89	8	40
69	65	45	80	76	53	17
69	65	52	80	44	61	9
69	83	68	86	77	51	22
69	83	55	86	99	22	58
69	83	41	86	64	52	13
69	83	73	86	81	59	18
69	83	84	86	7	61	4
69	83	77	86	77	55	8
69	83	48	86	89	38	32
69	83	45	86	76	52	19
69	83	52	86	44	64	7
69	68	55	77	99	14	60
69	68	41	77	64	43	10
69	68	73	77	81	18	54
69	68	84	77	7	63	3
69	68	77	77	77	16	18
69	68	48	77	89	18	60
69	68	45	77	76	17	53
69	68	52	77	44	64	9
69	55	41	99	64	64	11
69	55	73	99	81	60	13
69	55	84	99	7	78	2
69	55	77	99	77	53	23
69	55	48	99	89	58	24
69	55	45	99	76	75	12
69	55	52	99	44	71	12
69	41	73	64	81	10	58
69	41	84	64	7	40	7
69	41	77	64	77	13	66
69	41	48	64	89	14	56
69	41	45	64	76	23	53
69	41	52	64	44	22	6
69	73	84	81	7	63	3
69	73	77	81	77	59	13
69	73	48	81	89	11	66
69	73	45	81	76	22	14
69	73	52	81	44	68	11
69	84	77	7	77	5	69
69	84	48	7	89	3	79
69	84	45	7	76	1	63
69	84	52	7	44	3	22
69	77	48	77	89	14	59
69	77	45	77	76	16	58
69	77	52	77	44	64	9
69	48	45	89	76	52	20
69	48	52	89	44	68	9
69	45	52	76	44	56	10
70	74	71	98	71	89	6
70	74	85	98	99	26	57
70	71	85	71	99	7	77
71	84	73	88	100	25	62
71	84	82	88	60	71	13
71	84	72	88	77	48	29
71	84	74	88	90	63	24
71	84	70	88	66	63	16
71	84	85	88	99	15	75
71	73	82	100	60	70	12
71	73	72	100	77	60	24
71	73	74	100	90	72	13
71	73	70	100	66	62	11
71	73	85	100	99	55	31
71	82	72	60	77	11	59
71	82	74	60	90	8	47
71	82	70	60	66	21	32
71	82	85	60	99	9	87
71	72	74	77	90	28	20
71	72	70	77	66	62	16
71	72	85	77	99	8	78
71	74	70	90	66	52	18
71	74	85	90	99	22	66
71	70	85	66	99	14	74
72	73	79	88	100	25	71
72	73	71	88	78	45	31
72	73	84	88	74	55	17
72	79	71	100	78	67	14
72	79	84	100	74	81	10
72	71	84	78	74	35	22
73	66	10	31	77	3	28
73	66	69	31	80	6	66
73	66	85	31	68	8	37
73	66	65	31	78	9	31
73	66	80	31	88	4	65
73	66	63	31	91	7	68
73	66	79	31	90	7	67
73	66	72	31	91	4	68
73	66	71	31	100	2	79
73	66	75	31	24	8	7
73	66	83	31	78	11	57
73	66	84	31	79	11	62
73	66	82	31	0	22	0
73	10	69	77	80	14	57
73	10	85	77	68	16	16
73	10	65	77	78	23	26
73	10	80	77	88	12	61
73	10	63	77	91	15	59
73	10	79	77	90	8	70
73	10	72	77	91	11	73
73	10	71	77	100	11	76
73	10	75	77	24	36	5
73	10	83	77	78	15	62
73	10	84	77	79	27	66
73	10	82	77	0	68	0
73	69	85	80	68	58	19
73	69	65	80	78	53	18
73	69	80	80	88	54	23
73	69	63	80	91	19	26
73	69	79	80	90	12	49
73	69	72	80	91	21	31
73	69	71	80	100	9	66
73	69	75	80	24	69	9
73	69	83	80	78	21	21
73	69	84	80	79	29	54
73	69	82	80	0	82	1
73	85	65	68	78	17	21
73	85	80	68	88	10	51
73	85	63	68	91	18	55
73	85	79	68	90	11	73
73	85	72	68	91	13	67
73	85	71	68	100	18	72
73	85	75	68	24	47	4
73	85	83	68	78	23	59
73	85	84	68	79	17	51
73	85	82	68	0	70	1
73	65	80	78	88	8	58
73	65	63	78	91	18	50
73	65	79	78	90	13	70
73	65	72	78	91	12	69
73	65	71	78	100	16	68
73	65	75	78	24	33	5
73	65	83	78	78	14	62
73	65	84	78	79	16	56
73	65	82	78	0	69	0
73	80	63	88	91	11	56
73	80	79	88	90	11	64
73	80	72	88	91	17	58
73	80	71	88	100	10	63
73	80	75	88	24	70	1
73	80	83	88	78	21	50
73	80	84	88	79	22	59
73	80	82	88	0	83	0
73	63	79	91	90	14	37
73	63	72	91	91	16	11
73	63	71	91	100	15	60
73	63	75	91	24	71	6
73	63	83	91	78	35	26
73	63	84	91	79	37	57
73	63	82	91	0	87	0
73	79	72	90	91	43	26
73	79	71	90	100	14	74
73	79	75	90	24	69	5
73	79	83	90	78	55	10
73	79	84	90	79	24	59
73	79	82	90	0	92	0
73	72	71	91	100	31	66
73	72	75	91	24	65	5
73	72	83	91	78	26	12
73	72	84	91	79	26	53
73	72	82	91	0	89	0
73	71	75	100	24	91	3
73	71	83	100	78	66	11
73	71	84	100	79	65	18
73	71	82	100	0	99	0
73	75	83	24	78	3	62
73	75	84	24	79	7	67
73	75	82	24	0	14	1
73	83	84	78	79	23	52
73	83	82	78	0	84	0
73	84	82	79	0	72	1
74	76	70	100	100	55	27
74	76	85	100	100	41	44
74	76	71	100	87	60	29
74	76	124	100	89	64	16
74	70	85	100	100	24	66
74	70	71	100	87	32	56
74	70	124	100	89	24	58
74	85	71	100	87	75	21
74	85	124	100	89	61	11
74	71	124	87	89	16	19
75	10	3	74	76	27	51
75	10	84	74	26	45	9
75	10	2	74	79	17	64
75	10	66	74	87	11	73
75	10	67	74	78	14	45
75	10	1	74	62	26	13
75	10	12	74	19	40	5
75	10	73	74	18	50	13
75	3	84	76	26	71	1
75	3	2	76	79	24	36
75	3	66	76	87	9	69
75	3	67	76	78	60	21
75	3	1	76	62	61	18
75	3	12	76	19	59	4
75	3	73	76	18	70	5
75	84	2	26	79	1	66
75	84	66	26	87	8	65
75	84	67	26	78	6	64
75	84	1	26	62	6	39
75	84	12	26	19	12	11
75	84	73	26	18	23	9
75	2	66	79	87	24	46
75	2	67	79	78	56	18
75	2	1	79	62	53	12
75	2	12	79	19	52	5
75	2	73	79	18	72	2
75	66	67	87	78	70	13
75	66	1	87	62	68	7
75	66	12	87	19	77	0
75	66	73	87	18	82	4
75	67	1	78	62	43	18
75	67	12	78	19	64	3
75	67	73	78	18	71	3
75	1	12	62	19	42	1
75	1	73	62	18	60	7
75	12	73	19	18	9	6
76	85	74	99	100	30	53
76	85	70	99	99	26	74
76	74	70	100	99	54	37
77	7	55	86	7	89	1
77	7	5	86	91	23	61
77	7	69	86	77	58	14
77	7	43	86	5	84	0
77	55	5	7	91	0	84
77	55	69	7	77	1	62
77	55	43	7	5	4	9
77	5	69	91	77	68	9
77	5	43	91	5	87	0
77	69	43	77	5	70	0
78	42	48	87	100	23	71
78	42	43	87	90	24	46
78	42	45	87	39	58	9
78	42	55	87	81	23	20
78	42	69	87	84	34	30
78	42	40	87	13	67	2
78	42	30	87	17	50	11
78	48	43	100	90	72	24
78	48	45	100	39	78	6
78	48	55	100	81	68	20
78	48	69	100	84	72	20
78	48	40	100	13	87	2
78	48	30	100	17	81	7
78	43	45	90	39	45	11
78	43	55	90	81	56	12
78	43	69	90	84	38	22
78	43	40	90	13	67	3
78	43	30	90	17	60	8
78	45	55	39	81	7	69
78	45	69	39	84	12	53
78	45	40	39	13	13	5
78	45	30	39	17	7	4
78	55	69	81	84	28	29
78	55	40	81	13	64	0
78	55	30	81	17	48	10
78	69	40	84	13	63	1
78	69	30	84	17	60	4
78	40	30	13	17	1	8
79	73	72	90	79	52	20
80	59	73	94	82	57	9
80	59	1	94	85	74	12
80	59	6	94	67	67	9
80	59	120	94	70	76	15
80	59	2	94	11	82	1
80	59	16	94	95	34	17
80	59	137	94	27	87	3
80	59	13	94	47	79	7
80	59	22	94	35	86	6
80	59	67	94	87	65	11
80	73	1	82	85	14	67
80	73	6	82	67	38	18
80	73	120	82	70	42	22
80	73	2	82	11	55	2
80	73	16	82	95	14	80
80	73	137	82	27	62	2
80	73	13	82	47	46	8
80	73	22	82	35	47	4
80	73	67	82	87	21	26
80	1	6	85	67	64	17
80	1	120	85	70	62	19
80	1	2	85	11	68	2
80	1	16	85	95	17	75
80	1	137	85	27	74	3
80	1	13	85	47	54	19
80	1	22	85	35	67	7
80	1	67	85	87	63	24
80	6	120	67	70	13	23
80	6	2	67	11	23	2
80	6	16	67	95	22	62
80	6	137	67	27	34	4
80	6	13	67	47	20	16
80	6	22	67	35	40	9
80	6	67	67	87	13	59
80	120	2	70	11	31	3
80	120	16	70	95	14	75
80	120	137	70	27	42	5
80	120	13	70	47	26	14
80	120	22	70	35	27	4
80	120	67	70	87	17	50
80	2	16	11	95	2	88
80	2	137	11	27	11	5
80	2	13	11	47	3	5
80	2	22	11	35	5	6
80	2	67	11	87	2	72
80	16	137	95	27	83	3
80	16	13	95	47	68	9
80	16	22	95	35	77	3
80	16	67	95	87	70	13
80	137	13	27	47	6	28
80	137	22	27	35	8	18
80	137	67	27	87	5	73
80	13	22	47	35	18	15
80	13	67	47	87	14	70
80	22	67	35	87	5	67
82	66	116	65	80	23	26
82	66	69	65	90	19	62
82	66	84	65	88	27	57
82	66	65	65	100	21	74
82	66	71	65	54	41	15
82	66	67	65	85	5	65
82	66	123	65	77	14	20
82	66	63	65	89	17	60
82	66	129	65	84	22	24
82	66	68	65	91	13	61
82	66	83	65	9	50	6
82	116	69	80	90	9	43
82	116	84	80	88	14	60
82	116	65	80	100	19	58
82	116	71	80	54	23	9
82	116	67	80	85	17	65
82	116	123	80	77	24	36
82	116	63	80	89	11	51
82	116	129	80	84	24	34
82	116	68	80	91	18	60
82	116	83	80	9	34	2
82	69	84	90	88	27	55
82	69	65	90	100	33	54
82	69	71	90	54	73	12
82	69	67	90	85	62	16
82	69	123	90	77	75	15
82	69	63	90	89	56	25
82	69	129	90	84	75	11
82	69	68	90	91	53	28
82	69	83	90	9	62	1
82	84	65	88	100	26	61
82	84	71	88	54	67	17
82	84	67	88	85	57	19
82	84	123	88	77	64	24
82	84	63	88	89	65	38
82	84	129	88	84	59	16
82	84	68	88	91	58	29
82	84	83	88	9	60	5
82	65	71	100	54	77	21
82	65	67	100	85	60	37
82	65	123	100	77	63	20
82	65	63	100	89	74	21
82	65	129	100	84	60	25
82	65	68	100	91	72	19
82	65	83	100	9	85	6
82	71	67	54	85	12	76
82	71	123	54	77	13	52
82	71	63	54	89	18	60
82	71	129	54	84	17	55
82	71	68	54	91	15	68
82	71	83	54	9	24	7
82	67	123	85	77	68	19
82	67	63	85	89	37	21
82	67	129	85	84	53	11
82	67	68	85	91	16	21
82	67	83	85	9	66	5
82	123	63	77	89	11	54
82	123	129	77	84	19	28
82	123	68	77	91	11	60
82	123	83	77	9	70	6
82	63	129	89	84	54	9
82	63	68	89	91	34	28
82	63	83	89	9	51	2
82	129	68	84	91	10	64
82	129	83	84	9	56	2
82	68	83	91	9	67	3
83	68	65	62	81	22	52
83	68	63	62	100	20	71
83	68	73	62	85	14	50
83	68	66	62	68	12	56
83	68	69	62	71	17	55
83	68	84	62	88	21	57
83	68	82	62	18	47	5
83	68	48	62	83	18	60
83	68	55	62	61	19	41
83	65	63	81	100	21	65
83	65	73	81	85	61	28
83	65	66	81	68	63	26
83	65	69	81	71	34	30
83	65	84	81	88	33	66
83	65	82	81	18	75	5
83	65	48	81	83	59	14
83	65	55	81	61	64	9
83	63	73	100	85	73	26
83	63	66	100	68	79	4
83	63	69	100	71	64	24
83	63	84	100	88	30	31
83	63	82	100	18	99	1
83	63	48	100	83	76	14
83	63	55	100	61	70	19
83	73	66	85	68	54	19
83	73	69	85	71	24	50
83	73	84	85	88	32	59
83	73	82	85	18	80	4
83	73	48	85	83	14	27
83	73	55	85	61	57	17
83	66	69	68	71	13	60
83	66	84	68	88	23	65
83	66	82	68	18	54	11
83	66	48	68	83	16	57
83	66	55	68	61	19	21
83	69	84	71	88	25	61
83	69	82	71	18	71	4
83	69	48	71	83	53	19
83	69	55	71	61	62	21
83	84	82	88	18	80	1
83	84	48	88	83	61	27
83	84	55	88	61	68	13
83	82	48	18	83	2	81
83	82	55	18	61	8	55
83	48	55	83	61	54	17
84	63	73	62	82	32	54
84	63	66	62	78	25	48
84	63	42	62	34	70	0
84	63	82	62	89	19	58
84	63	83	62	80	19	62
84	63	69	62	42	53	14
84	63	71	62	89	12	72
84	63	117	62	50	66	3
84	63	119	62	15	62	1
84	63	68	62	1	62	8
84	63	72	62	74	53	16
84	63	65	62	82	19	54
84	63	75	62	51	54	14
84	73	66	82	78	55	16
84	73	42	82	34	61	10
84	73	82	82	89	18	66
84	73	83	82	80	14	61
84	73	69	82	42	59	13
84	73	71	82	89	29	48
84	73	117	82	50	62	9
84	73	119	82	15	82	1
84	73	68	82	1	74	4
84	73	72	82	74	57	15
84	73	65	82	82	26	56
84	73	75	82	51	57	6
84	66	42	78	34	64	8
84	66	82	78	89	19	53
84	66	83	78	80	21	61
84	66	69	78	42	62	8
84	66	71	78	89	13	58
84	66	117	78	50	64	18
84	66	119	78	15	76	0
84	66	68	78	1	84	0
84	66	72	78	74	61	9
84	66	65	78	82	23	53
84	66	75	78	51	61	10
84	42	82	34	89	7	69
84	42	83	34	80	4	64
84	42	69	34	42	20	12
84	42	71	34	89	3	79
84	42	117	34	50	18	48
84	42	119	34	15	41	0
84	42	68	34	1	42	0
84	42	72	34	74	7	57
84	42	65	34	82	5	60
84	42	75	34	51	21	18
84	82	83	89	80	29	29
84	82	69	89	42	67	10
84	82	71	89	89	60	30
84	82	117	89	50	69	4
84	82	119	89	15	76	0
84	82	68	89	1	76	0
84	82	72	89	74	71	9
84	82	65	89	82	49	25
84	82	75	89	51	65	5
84	83	69	80	42	68	12
84	83	71	80	89	58	9
84	83	117	80	50	73	8
84	83	119	80	15	78	2
84	83	68	80	1	83	0
84	83	72	80	74	61	10
84	83	65	80	82	63	25
84	83	75	80	51	69	7
84	69	71	42	89	8	70
84	69	117	42	50	24	23
84	69	119	42	15	49	0
84	69	68	42	1	45	0
84	69	72	42	74	18	38
84	69	65	42	82	10	58
84	69	75	42	51	6	37
84	71	117	89	50	78	3
84	71	119	89	15	87	1
84	71	68	89	1	57	10
84	71	72	89	74	63	19
84	71	65	89	82	34	53
84	71	75	89	51	68	9
84	117	119	50	15	43	0
84	117	68	50	1	45	7
84	117	72	50	74	14	37
84	117	65	50	82	8	59
84	117	75	50	51	46	21
84	119	68	15	1	0	1
84	119	72	15	74	0	73
84	119	65	15	82	0	75
84	119	75	15	51	1	46
84	68	72	1	74	2	66
84	68	65	1	82	8	60
84	68	75	1	51	3	41
84	72	65	74	82	19	63
84	72	75	74	51	45	4
84	65	75	82	51	59	9
85	74	71	100	100	70	27
85	74	70	100	100	47	35
85	74	73	100	41	77	8
85	74	76	100	99	71	27
85	71	70	100	100	32	56
85	71	73	100	41	90	5
85	71	76	100	99	65	22
85	70	73	100	41	91	2
85	70	76	100	99	70	24
85	73	76	41	99	13	72
115	123	116	65	81	11	59
115	123	133	65	87	12	43
115	123	117	65	74	20	48
115	123	119	65	74	19	57
115	123	121	65	68	46	18
115	123	138	65	69	46	26
115	123	137	65	2	61	1
115	123	129	65	68	22	20
115	123	118	65	84	15	67
115	123	132	65	69	44	21
115	116	133	81	87	49	30
115	116	117	81	74	33	49
115	116	119	81	74	22	45
115	116	121	81	68	55	10
115	116	138	81	69	51	15
115	116	137	81	2	89	0
115	116	129	81	68	57	13
115	116	118	81	84	21	63
115	116	132	81	69	58	13
115	133	117	87	74	20	50
115	133	119	87	74	29	51
115	133	121	87	68	27	36
115	133	138	87	69	62	10
115	133	137	87	2	75	0
115	133	129	87	68	58	15
115	133	118	87	84	25	56
115	133	132	87	69	62	15
115	117	119	74	74	54	14
115	117	121	74	68	51	11
115	117	138	74	69	56	26
115	117	137	74	2	71	0
115	117	129	74	68	56	27
115	117	118	74	84	19	52
115	117	132	74	69	70	9
115	119	121	74	68	46	11
115	119	138	74	69	49	21
115	119	137	74	2	68	0
115	119	129	74	68	44	28
115	119	118	74	84	11	77
115	119	132	74	69	50	14
115	121	138	68	69	44	14
115	121	137	68	2	44	2
115	121	129	68	68	22	31
115	121	118	68	84	8	66
115	121	132	68	69	47	9
115	138	137	69	2	58	0
115	138	129	69	68	14	43
115	138	118	69	84	16	62
115	138	132	69	69	34	32
115	137	129	2	68	0	72
115	137	118	2	84	0	91
115	137	132	2	69	0	64
115	129	118	68	84	17	65
115	129	132	68	69	52	19
115	118	132	84	69	55	17
116	82	126	67	47	35	9
116	82	119	67	85	19	63
116	82	138	67	73	17	16
116	82	133	67	86	11	67
116	82	121	67	55	32	30
116	82	65	67	45	50	14
116	82	132	67	41	51	5
116	82	129	67	98	19	78
116	82	123	67	88	17	51
116	82	115	67	88	15	56
116	82	135	67	41	53	7
116	82	118	67	68	19	36
116	82	122	67	94	11	74
116	82	128	67	100	7	72
116	82	117	67	81	27	59
116	126	119	47	85	27	62
116	126	138	47	73	20	24
116	126	133	47	86	15	67
116	126	121	47	55	27	42
116	126	65	47	45	24	10
116	126	132	47	41	45	8
116	126	129	47	98	18	59
116	126	123	47	88	15	48
116	126	115	47	88	18	55
116	126	135	47	41	39	10
116	126	118	47	68	16	56
116	126	122	47	94	8	74
116	126	128	47	100	8	74
116	126	117	47	81	22	59
116	119	138	85	73	64	22
116	119	133	85	86	56	29
116	119	121	85	55	57	14
116	119	65	85	45	71	9
116	119	132	85	41	64	10
116	119	129	85	98	38	31
116	119	123	85	88	48	29
116	119	115	85	88	45	23
116	119	135	85	41	68	10
116	119	118	85	68	63	22
116	119	122	85	94	58	36
116	119	128	85	100	13	71
116	119	117	85	81	49	22
116	138	133	73	86	23	48
116	138	121	73	55	29	39
116	138	65	73	45	52	6
116	138	132	73	41	44	14
116	138	129	73	98	17	65
116	138	123	73	88	21	58
116	138	115	73	88	33	50
116	138	135	73	41	53	12
116	138	118	73	68	26	46
116	138	122	73	94	10	67
116	138	128	73	100	15	72
116	138	117	73	81	19	66
116	133	121	86	55	67	14
116	133	65	86	45	68	10
116	133	132	86	41	63	12
116	133	129	86	98	26	67
116	133	123	86	88	40	36
116	133	115	86	88	28	23
116	133	135	86	41	78	7
116	133	118	86	68	70	25
116	133	122	86	94	11	60
116	133	128	86	100	23	68
116	133	117	86	81	42	47
116	121	65	55	45	25	19
116	121	132	55	41	22	4
116	121	129	55	98	7	77
116	121	123	55	88	18	62
116	121	115	55	88	12	35
116	121	135	55	41	39	16
116	121	118	55	68	25	18
116	121	122	55	94	9	78
116	121	128	55	100	6	79
116	121	117	55	81	16	41
116	65	132	45	41	20	16
116	65	129	45	98	14	74
116	65	123	45	88	15	56
116	65	115	45	88	14	56
116	65	135	45	41	18	11
116	65	118	45	68	8	71
116	65	122	45	94	5	76
116	65	128	45	100	6	79
116	65	117	45	81	17	45
116	132	129	41	98	5	79
116	132	123	41	88	12	65
116	132	115	41	88	9	54
116	132	135	41	41	16	28
116	132	118	41	68	9	61
116	132	122	41	94	4	80
116	132	128	41	100	0	86
116	132	117	41	81	9	51
116	129	123	98	88	73	18
116	129	115	98	88	64	19
116	129	135	98	41	81	8
116	129	118	98	68	71	19
116	129	122	98	94	64	19
116	129	128	98	100	25	72
116	129	117	98	81	53	21
116	123	115	88	88	45	25
116	123	135	88	41	46	2
116	123	118	88	68	50	28
116	123	122	88	94	18	34
116	123	128	88	100	19	71
116	123	117	88	81	58	18
116	115	135	88	41	59	9
116	115	118	88	68	41	20
116	115	122	88	94	11	47
116	115	128	88	100	22	70
116	115	117	88	81	23	27
116	135	118	41	68	11	55
116	135	122	41	94	11	64
116	135	128	41	100	15	82
116	135	117	41	81	13	52
116	118	122	68	94	9	70
116	118	128	68	100	23	70
116	118	117	68	81	26	52
116	122	128	94	100	27	64
116	122	117	94	81	54	18
116	128	117	100	81	72	20
117	133	119	79	66	31	48
117	133	66	79	28	64	4
117	133	118	79	97	27	56
117	133	132	79	81	25	26
117	133	130	79	0	88	0
117	133	120	79	11	61	5
117	133	84	79	50	61	5
117	133	121	79	88	22	52
117	133	126	79	62	61	14
117	133	116	79	79	58	20
117	133	138	79	58	61	22
117	133	123	79	89	20	43
117	133	122	79	1	84	0
117	133	115	79	84	27	43
117	133	129	79	56	65	6
117	133	128	79	30	74	0
117	119	66	66	28	66	6
117	119	118	66	97	14	66
117	119	132	66	81	66	12
117	119	130	66	0	79	0
117	119	120	66	11	50	15
117	119	84	66	50	52	25
117	119	121	66	88	52	17
117	119	126	66	62	57	21
117	119	116	66	79	56	31
117	119	138	66	58	54	24
117	119	123	66	89	53	24
117	119	122	66	1	74	0
117	119	115	66	84	40	25
117	119	129	66	56	61	9
117	119	128	66	30	48	15
117	66	118	28	97	6	72
117	66	132	28	81	3	71
117	66	130	28	0	33	0
117	66	120	28	11	14	8
117	66	84	28	50	21	33
117	66	121	28	88	11	63
117	66	126	28	62	5	41
117	66	116	28	79	4	71
117	66	138	28	58	10	37
117	66	123	28	89	4	68
117	66	122	28	1	27	2
117	66	115	28	84	10	64
117	66	129	28	56	7	26
117	66	128	28	30	22	9
117	118	132	97	81	69	27
117	118	130	97	0	96	0
117	118	120	97	11	75	12
117	118	84	97	50	74	6
117	118	121	97	88	55	27
117	118	126	97	62	72	15
117	118	116	97	79	69	22
117	118	138	97	58	69	16
117	118	123	97	89	49	30
117	118	122	97	1	86	1
117	118	115	97	84	65	25
117	118	129	97	56	67	16
117	118	128	97	30	79	5
117	132	130	81	0	81	0
117	132	120	81	11	59	14
117	132	84	81	50	66	3
117	132	121	81	88	8	45
117	132	126	81	62	54	12
117	132	116	81	79	54	12
117	132	138	81	58	55	15
117	132	123	81	89	22	28
117	132	122	81	1	69	3
117	132	115	81	84	58	11
117	132	129	81	56	54	14
117	132	128	81	30	68	3
117	130	120	0	11	0	37
117	130	84	0	50	0	40
117	130	121	0	88	0	75
117	130	126	0	62	0	45
117	130	116	0	79	0	71
117	130	138	0	58	0	46
117	130	123	0	89	0	74
117	130	122	0	1	0	25
117	130	115	0	84	0	65
117	130	129	0	56	0	62
117	130	128	0	30	3	0
117	120	84	11	50	22	19
117	120	121	11	88	10	76
117	120	126	11	62	8	44
117	120	116	11	79	14	54
117	120	138	11	58	14	57
117	120	123	11	89	4	69
117	120	122	11	1	33	7
117	120	115	11	84	12	62
117	120	129	11	56	44	11
117	120	128	11	30	53	0
117	84	121	50	88	6	63
117	84	126	50	62	10	23
117	84	116	50	79	5	61
117	84	138	50	58	6	36
117	84	123	50	89	6	63
117	84	122	50	1	42	3
117	84	115	50	84	11	54
117	84	129	50	56	44	6
117	84	128	50	30	46	0
117	121	126	88	62	52	10
117	121	116	88	79	62	21
117	121	138	88	58	51	23
117	121	123	88	89	18	53
117	121	122	88	1	63	2
117	121	115	88	84	28	23
117	121	129	88	56	62	17
117	121	128	88	30	62	6
117	126	116	62	79	14	64
117	126	138	62	58	21	29
117	126	123	62	89	14	54
117	126	122	62	1	48	3
117	126	115	62	84	20	46
117	126	129	62	56	16	32
117	126	128	62	30	58	5
117	116	138	79	58	54	20
117	116	123	79	89	23	56
117	116	122	79	1	77	1
117	116	115	79	84	47	26
117	116	129	79	56	71	8
117	116	128	79	30	68	15
117	138	123	58	89	16	60
117	138	122	58	1	62	3
117	138	115	58	84	29	47
117	138	129	58	56	50	9
117	138	128	58	30	33	26
117	123	122	89	1	81	0
117	123	115	89	84	38	19
117	123	129	89	56	54	20
117	123	128	89	30	54	13
117	122	115	1	84	12	52
117	122	129	1	56	5	38
117	122	128	1	30	2	44
117	115	129	84	56	45	30
117	115	128	84	30	62	8
117	129	128	56	30	22	17
118	137	123	66	62	18	26
118	137	121	66	92	17	64
118	137	119	66	85	18	50
118	137	126	66	68	25	28
118	137	132	66	81	15	50
118	137	129	66	61	18	46
118	137	128	66	56	29	16
118	137	138	66	64	24	36
118	137	115	66	76	14	53
118	137	133	66	76	20	60
118	137	117	66	90	9	76
118	123	121	62	92	8	55
118	123	119	62	85	11	61
118	123	126	62	68	7	40
118	123	132	62	81	20	41
118	123	129	62	61	14	51
118	123	128	62	56	30	13
118	123	138	62	64	13	23
118	123	115	62	76	17	57
118	123	133	62	76	11	57
118	123	117	62	90	21	64
118	121	119	92	85	27	57
118	121	126	92	68	66	10
118	121	132	92	81	75	15
118	121	129	92	61	75	18
118	121	128	92	56	63	3
118	121	138	92	64	52	19
118	121	115	92	76	26	59
118	121	133	92	76	51	30
118	121	117	92	90	16	61
118	119	126	85	68	62	23
118	119	132	85	81	38	38
118	119	129	85	61	47	33
118	119	128	85	56	65	20
118	119	138	85	64	53	32
118	119	115	85	76	42	28
118	119	133	85	76	43	35
118	119	117	85	90	28	64
118	126	132	68	81	11	53
118	126	129	68	61	22	50
118	126	128	68	56	51	8
118	126	138	68	64	14	48
118	126	115	68	76	14	49
118	126	133	68	76	19	51
118	126	117	68	90	12	78
118	132	129	81	61	42	17
118	132	128	81	56	68	9
118	132	138	81	64	64	19
118	132	115	81	76	26	48
118	132	133	81	76	54	26
118	132	117	81	90	19	65
118	129	128	61	56	53	14
118	129	138	61	64	49	18
118	129	115	61	76	27	60
118	129	133	61	76	44	12
118	129	117	61	90	16	64
118	128	138	56	64	9	54
118	128	115	56	76	21	57
118	128	133	56	76	8	42
118	128	117	56	90	16	63
118	138	115	64	76	20	63
118	138	133	64	76	23	24
118	138	117	64	90	27	54
118	115	133	76	76	52	27
118	115	117	76	90	28	59
118	133	117	76	90	14	74
119	120	84	11	50	11	30
119	120	118	11	73	2	73
119	120	132	11	60	5	49
119	120	115	11	75	5	59
119	120	116	11	88	4	70
119	120	133	11	80	11	62
119	120	138	11	50	19	44
119	120	129	11	56	26	6
119	120	130	11	4	32	7
119	120	72	11	0	28	2
119	120	123	11	56	15	62
119	120	126	11	0	69	0
119	120	122	11	0	44	16
119	120	121	11	72	19	50
119	120	117	11	74	11	60
119	84	118	50	73	8	68
119	84	132	50	60	16	35
119	84	115	50	75	12	55
119	84	116	50	88	6	62
119	84	133	50	80	10	59
119	84	138	50	50	10	58
119	84	129	50	56	7	61
119	84	130	50	4	41	0
119	84	72	50	0	36	3
119	84	123	50	56	12	52
119	84	126	50	0	45	2
119	84	122	50	0	37	2
119	84	121	50	72	10	61
119	84	117	50	74	10	59
119	118	132	73	60	53	13
119	118	115	73	75	50	23
119	118	116	73	88	47	29
119	118	133	73	80	52	23
119	118	138	73	50	62	14
119	118	129	73	56	70	20
119	118	130	73	4	82	0
119	118	72	73	0	83	0
119	118	123	73	56	55	20
119	118	126	73	0	75	2
119	118	122	73	0	74	6
119	118	121	73	72	63	14
119	118	117	73	74	51	20
119	132	115	60	75	10	43
119	132	116	60	88	13	53
119	132	133	60	80	11	16
119	132	138	60	50	14	28
119	132	129	60	56	11	39
119	132	130	60	4	40	0
119	132	72	60	0	31	0
119	132	123	60	56	18	42
119	132	126	60	0	38	5
119	132	122	60	0	42	5
119	132	121	60	72	4	29
119	132	117	60	74	13	49
119	115	116	75	88	39	28
119	115	133	75	80	35	14
119	115	138	75	50	42	17
119	115	129	75	56	44	15
119	115	130	75	4	51	0
119	115	72	75	0	52	0
119	115	123	75	56	50	15
119	115	126	75	0	54	6
119	115	122	75	0	48	16
119	115	121	75	72	36	12
119	115	117	75	74	17	30
119	116	133	88	80	43	24
119	116	138	88	50	60	15
119	116	129	88	56	55	15
119	116	130	88	4	75	0
119	116	72	88	0	78	0
119	116	123	88	56	52	21
119	116	126	88	0	64	8
119	116	122	88	0	67	7
119	116	121	88	72	30	21
119	116	117	88	74	25	36
119	133	138	80	50	23	21
119	133	129	80	56	23	27
119	133	130	80	4	60	0
119	133	72	80	0	59	0
119	133	123	80	56	14	47
119	133	126	80	0	70	0
119	133	122	80	0	62	8
119	133	121	80	72	31	36
119	133	117	80	74	31	31
119	138	129	50	56	23	31
119	138	130	50	4	51	0
119	138	72	50	0	48	0
119	138	123	50	56	15	54
119	138	126	50	0	72	0
119	138	122	50	0	47	19
119	138	121	50	72	16	57
119	138	117	50	74	18	56
119	129	130	56	4	54	0
119	129	72	56	0	64	0
119	129	123	56	56	15	59
119	129	126	56	0	62	0
119	129	122	56	0	39	21
119	129	121	56	72	17	54
119	129	117	56	74	17	49
119	130	72	4	0	1	0
119	130	123	4	56	0	62
119	130	126	4	0	1	9
119	130	122	4	0	1	41
119	130	121	4	72	1	59
119	130	117	4	74	2	68
119	72	123	0	56	0	62
119	72	126	0	0	0	0
119	72	122	0	0	0	3
119	72	121	0	72	0	37
119	72	117	0	74	0	59
119	123	126	56	0	71	0
119	123	122	56	0	62	4
119	123	121	56	72	17	57
119	123	117	56	74	25	44
119	126	122	0	0	0	15
119	126	121	0	72	0	70
119	126	117	0	74	0	72
119	122	121	0	72	10	51
119	122	117	0	74	12	52
119	121	117	72	74	22	40
120	132	117	78	60	64	15
120	132	80	78	65	63	7
120	132	115	78	25	55	17
120	132	119	78	55	57	13
120	132	130	78	80	32	25
120	132	118	78	62	77	7
120	132	137	78	80	57	22
120	132	121	78	64	58	14
120	117	80	60	65	33	30
120	117	115	60	25	17	18
120	117	119	60	55	9	32
120	117	130	60	80	8	62
120	117	118	60	62	37	5
120	117	137	60	80	14	54
120	117	121	60	64	12	46
120	80	115	65	25	18	19
120	80	119	65	55	19	43
120	80	130	65	80	11	59
120	80	118	65	62	37	13
120	80	137	65	80	13	60
120	80	121	65	64	21	34
120	115	119	25	55	10	44
120	115	130	25	80	8	65
120	115	118	25	62	60	0
120	115	137	25	80	15	54
120	115	121	25	64	27	33
120	119	130	55	80	14	62
120	119	118	55	62	46	6
120	119	137	55	80	11	49
120	119	121	55	64	21	29
120	130	118	80	62	72	4
120	130	137	80	80	64	26
120	130	121	80	64	71	9
120	118	137	62	80	2	78
120	118	121	62	64	2	60
120	137	121	80	64	30	28
121	115	118	53	79	11	61
121	115	120	53	50	69	0
121	115	133	53	60	23	8
121	115	117	53	57	7	54
121	115	129	53	0	33	0
121	115	119	53	0	6	3
121	115	123	53	0	22	0
121	115	137	53	0	2	0
121	115	116	53	12	0	0
121	115	132	53	1	5	1
121	118	120	79	50	77	0
121	118	133	79	60	47	4
121	118	117	79	57	23	36
121	118	129	79	0	58	1
121	118	119	79	0	39	16
121	118	123	79	0	81	0
121	118	137	79	0	83	0
121	118	116	79	12	63	2
121	118	132	79	1	88	0
121	120	133	50	60	0	10
121	120	117	50	57	0	82
121	120	129	50	0	0	1
121	120	119	50	0	0	71
121	120	123	50	0	12	1
121	120	137	50	0	26	0
121	120	116	50	12	46	14
121	120	132	50	1	50	6
121	133	117	60	57	30	23
121	133	129	60	0	52	13
121	133	119	60	0	30	33
121	133	123	60	0	70	0
121	133	137	60	0	77	0
121	133	116	60	12	58	10
121	133	132	60	1	64	6
121	117	129	57	0	37	9
121	117	119	57	0	11	35
121	117	123	57	0	69	1
121	117	137	57	0	60	1
121	117	116	57	12	40	10
121	117	132	57	1	52	8
121	129	119	0	0	17	48
121	129	123	0	0	44	0
121	129	137	0	0	26	1
121	129	116	0	12	14	24
121	129	132	0	1	19	11
121	119	123	0	0	42	2
121	119	137	0	0	35	1
121	119	116	0	12	17	10
121	119	132	0	1	43	5
121	123	137	0	0	0	18
121	123	116	0	12	0	45
121	123	132	0	1	0	34
121	137	116	0	12	7	32
121	137	132	0	1	2	18
121	116	132	12	1	45	8
122	135	116	83	94	22	60
122	135	128	83	100	20	66
122	135	119	83	53	56	17
122	135	136	83	100	23	70
122	135	124	83	89	41	24
122	135	127	83	99	26	65
122	116	128	94	100	22	74
122	116	119	94	53	73	11
122	116	136	94	100	22	71
122	116	124	94	89	59	27
122	116	127	94	99	17	30
122	128	119	100	53	78	6
122	128	136	100	100	35	52
122	128	124	100	89	70	9
122	128	127	100	99	58	29
122	119	136	53	100	7	85
122	119	124	53	89	9	62
122	119	127	53	99	4	81
122	136	124	100	89	80	24
122	136	127	100	99	64	24
122	124	127	89	99	23	66
123	65	119	65	54	32	12
123	65	129	65	100	16	62
123	65	116	65	75	22	37
123	65	117	65	59	26	38
123	65	118	65	52	38	11
123	65	128	65	37	60	4
123	65	133	65	90	19	59
123	65	126	65	88	27	61
123	65	82	65	59	47	21
123	65	115	65	52	27	18
123	65	130	65	27	52	12
123	65	138	65	89	10	59
123	65	132	65	31	50	12
123	119	129	54	100	17	68
123	119	116	54	75	14	42
123	119	117	54	59	11	48
123	119	118	54	52	32	14
123	119	128	54	37	48	13
123	119	133	54	90	12	69
123	119	126	54	88	11	83
123	119	82	54	59	37	33
123	119	115	54	52	21	18
123	119	130	54	27	53	5
123	119	138	54	89	20	63
123	119	132	54	31	54	4
123	129	116	100	75	60	25
123	129	117	100	59	62	20
123	129	118	100	52	71	14
123	129	128	100	37	64	8
123	129	133	100	90	69	32
123	129	126	100	88	61	23
123	129	82	100	59	56	24
123	129	115	100	52	66	18
123	129	130	100	27	80	4
123	129	138	100	89	57	23
123	129	132	100	31	66	12
123	116	117	75	59	30	49
123	116	118	75	52	62	21
123	116	128	75	37	70	6
123	116	133	75	90	25	55
123	116	126	75	88	26	61
123	116	82	75	59	51	19
123	116	115	75	52	49	21
123	116	130	75	27	72	3
123	116	138	75	89	27	57
123	116	132	75	31	67	7
123	117	118	59	52	61	8
123	117	128	59	37	59	16
123	117	133	59	90	38	42
123	117	126	59	88	32	36
123	117	82	59	59	49	21
123	117	115	59	52	43	16
123	117	130	59	27	82	0
123	117	138	59	89	47	41
123	117	132	59	31	51	9
123	118	128	52	37	21	10
123	118	133	52	90	10	66
123	118	126	52	88	14	77
123	118	82	52	59	6	52
123	118	115	52	52	11	39
123	118	130	52	27	35	11
123	118	138	52	89	8	80
123	118	132	52	31	23	8
123	128	133	37	90	5	84
123	128	126	37	88	4	85
123	128	82	37	59	5	53
123	128	115	37	52	2	50
123	128	130	37	27	11	13
123	128	138	37	89	4	79
123	128	132	37	31	7	20
123	133	126	90	88	32	44
123	133	82	90	59	72	8
123	133	115	90	52	76	10
123	133	130	90	27	82	4
123	133	138	90	89	36	26
123	133	132	90	31	81	12
123	126	82	88	59	68	4
123	126	115	88	52	78	10
123	126	130	88	27	74	6
123	126	138	88	89	65	21
123	126	132	88	31	82	4
123	82	115	59	52	15	13
123	82	130	59	27	53	5
123	82	138	59	89	11	57
123	82	132	59	31	46	7
123	115	130	52	27	53	4
123	115	138	52	89	10	44
123	115	132	52	31	29	2
123	130	138	27	89	4	36
123	130	132	27	31	7	7
123	138	132	89	31	52	3
124	136	74	93	83	55	19
124	136	127	93	99	33	58
124	136	122	93	64	72	22
124	136	131	93	88	27	54
124	136	135	93	93	42	40
124	74	127	83	99	12	69
124	74	122	83	64	50	13
124	74	131	83	88	22	60
124	74	135	83	93	19	61
124	127	122	99	64	75	15
124	127	131	99	88	64	22
124	127	135	99	93	71	27
124	122	131	64	88	13	62
124	122	135	64	93	21	64
124	131	135	88	93	44	28
126	129	117	41	40	43	9
126	129	123	41	78	15	68
126	129	65	41	55	29	18
126	129	138	41	98	14	79
126	129	133	41	60	18	28
126	129	116	41	27	33	3
126	129	130	41	89	14	64
126	117	123	40	78	7	72
126	117	65	40	55	10	27
126	117	138	40	98	7	85
126	117	133	40	60	11	51
126	117	116	40	27	18	5
126	117	130	40	89	6	68
126	123	65	78	55	53	14
126	123	138	78	98	25	50
126	123	133	78	60	57	15
126	123	116	78	27	69	5
126	123	130	78	89	50	22
126	65	138	55	98	6	70
126	65	133	55	60	19	48
126	65	116	55	27	19	6
126	65	130	55	89	8	55
126	138	133	98	60	80	16
126	138	116	98	27	78	8
126	138	130	98	89	70	18
126	133	116	60	27	40	9
126	133	130	60	89	11	40
126	116	130	27	89	4	65
127	135	128	88	60	63	16
127	135	122	88	93	23	63
127	135	124	88	100	25	58
127	135	136	88	99	24	62
127	128	122	60	93	11	79
127	128	124	60	100	9	83
127	128	136	60	99	16	70
127	122	124	93	100	21	63
127	122	136	93	99	25	67
127	124	136	100	99	72	19
128	129	117	31	13	34	14
128	129	116	31	78	14	63
128	129	127	31	45	30	27
128	129	119	31	35	37	16
128	129	136	31	87	13	55
128	129	123	31	9	33	3
128	129	118	31	8	20	9
128	129	122	31	100	7	87
128	129	135	31	67	8	11
128	117	116	13	78	0	52
128	117	127	13	45	3	38
128	117	119	13	35	10	14
128	117	136	13	87	1	57
128	117	123	13	9	8	1
128	117	118	13	8	2	2
128	117	122	13	100	4	89
128	117	135	13	67	5	69
128	116	127	78	45	55	14
128	116	119	78	35	45	4
128	116	136	78	87	39	27
128	116	123	78	9	73	4
128	116	118	78	8	67	1
128	116	122	78	100	25	42
128	116	135	78	67	33	7
128	127	119	45	35	21	2
128	127	136	45	87	6	22
128	127	123	45	9	37	0
128	127	118	45	8	50	1
128	127	122	45	100	14	77
128	127	135	45	67	27	19
128	119	136	35	87	1	54
128	119	123	35	9	3	2
128	119	118	35	8	6	7
128	119	122	35	100	2	90
128	119	135	35	67	4	49
128	136	123	87	9	61	0
128	136	118	87	8	48	2
128	136	122	87	100	3	88
128	136	135	87	67	3	7
128	123	118	9	8	0	0
128	123	122	9	100	0	97
128	123	135	9	67	1	34
128	118	122	8	100	1	95
128	118	135	8	67	1	44
128	122	135	100	67	73	8
129	119	116	7	51	3	39
129	119	138	7	30	6	32
129	119	123	7	100	5	82
129	119	126	7	30	3	20
129	119	131	7	24	12	12
129	119	128	7	11	2	15
129	119	133	7	17	3	23
129	119	121	7	8	7	2
129	119	82	7	20	3	20
129	119	118	7	19	3	18
129	119	132	7	3	17	1
129	116	138	51	30	21	6
129	116	123	51	100	13	84
129	116	126	51	30	21	10
129	116	131	51	24	30	17
129	116	128	51	11	25	9
129	116	133	51	17	28	8
129	116	121	51	8	25	3
129	116	82	51	20	32	4
129	116	118	51	19	32	8
129	116	132	51	3	30	2
129	138	123	30	100	9	50
129	138	126	30	30	3	6
129	138	131	30	24	24	10
129	138	128	30	11	9	8
129	138	133	30	17	9	26
129	138	121	30	8	27	7
129	138	82	30	20	17	16
129	138	118	30	19	18	19
129	138	132	30	3	33	5
129	123	126	100	30	72	5
129	123	131	100	24	84	5
129	123	128	100	11	81	4
129	123	133	100	17	70	15
129	123	121	100	8	98	2
129	123	82	100	20	70	13
129	123	118	100	19	79	9
129	123	132	100	3	88	1
129	126	131	30	24	39	15
129	126	128	30	11	9	9
129	126	133	30	17	7	20
129	126	121	30	8	18	4
129	126	82	30	20	0	2
129	126	118	30	19	4	2
129	126	132	30	3	6	1
129	131	128	24	11	3	2
129	131	133	24	17	3	5
129	131	121	24	8	7	0
129	131	82	24	20	3	7
129	131	118	24	19	3	0
129	131	132	24	3	3	0
129	128	133	11	17	3	3
129	128	121	11	8	2	0
129	128	82	11	20	0	1
129	128	118	11	19	1	3
129	128	132	11	3	2	0
129	133	121	17	8	4	1
129	133	82	17	20	9	0
129	133	118	17	19	14	0
129	133	132	17	3	13	1
129	121	82	8	20	6	8
129	121	118	8	19	3	10
129	121	132	8	3	6	1
129	82	118	20	19	2	6
129	82	132	20	3	5	0
129	118	132	19	3	9	2
130	137	132	98	100	58	32
130	137	138	98	99	73	17
130	137	126	98	70	92	3
130	137	120	98	31	99	5
130	132	138	100	99	79	17
130	132	126	100	70	74	4
130	132	120	100	31	81	9
130	138	126	99	70	62	18
130	138	120	99	31	80	7
130	126	120	70	31	21	13
131	135	136	84	36	62	15
131	135	124	84	87	64	28
131	135	129	84	1	74	8
131	136	124	36	87	52	33
131	136	129	36	1	63	6
131	124	129	87	1	78	4
132	117	130	11	100	1	98
132	117	137	11	42	0	64
132	117	133	11	6	19	1
132	117	120	11	29	6	35
132	117	119	11	0	21	1
132	130	137	100	42	69	14
132	130	133	100	6	79	8
132	130	120	100	29	63	20
132	130	119	100	0	100	0
132	137	133	42	6	35	0
132	137	120	42	29	36	8
132	137	119	42	0	59	0
132	133	120	6	29	0	16
132	133	119	6	0	3	0
132	120	119	29	0	23	0
133	116	67	9	4	2	9
133	116	137	9	64	0	82
133	116	138	9	21	0	22
133	116	119	9	2	2	0
133	116	117	9	2	1	1
133	116	123	9	26	0	3
133	116	118	9	0	3	3
133	116	115	9	0	4	0
133	116	132	9	0	1	0
133	67	137	4	64	0	62
133	67	138	4	21	2	26
133	67	119	4	2	9	0
133	67	117	4	2	13	4
133	67	123	4	26	6	4
133	67	118	4	0	7	1
133	67	115	4	0	11	1
133	67	132	4	0	7	0
133	137	138	64	21	13	2
133	137	119	64	2	24	2
133	137	117	64	2	19	1
133	137	123	64	26	10	2
133	137	118	64	0	19	3
133	137	115	64	0	68	7
133	137	132	64	0	58	2
133	138	119	21	2	39	5
133	138	117	21	2	43	11
133	138	123	21	26	24	9
133	138	118	21	0	25	8
133	138	115	21	0	7	0
133	138	132	21	0	12	1
133	119	117	2	2	0	6
133	119	123	2	26	3	5
133	119	118	2	0	2	8
133	119	115	2	0	3	3
133	119	132	2	0	1	2
133	117	123	2	26	4	4
133	117	118	2	0	3	1
133	117	115	2	0	2	0
133	117	132	2	0	7	0
133	123	118	26	0	3	2
133	123	115	26	0	11	1
133	123	132	26	0	1	0
133	118	115	0	0	2	0
133	118	132	0	0	0	1
133	115	132	0	0	0	0
135	136	68	100	97	73	25
135	136	116	100	4	100	0
135	136	131	100	91	38	65
135	136	129	100	15	100	2
135	136	128	100	18	95	2
135	136	127	100	95	68	17
135	136	122	100	52	73	16
135	136	63	100	8	86	5
135	136	124	100	87	70	23
135	68	116	97	4	85	0
135	68	131	97	91	22	62
135	68	129	97	15	90	0
135	68	128	97	18	84	2
135	68	127	97	95	18	55
135	68	122	97	52	64	11
135	68	63	97	8	65	17
135	68	124	97	87	29	56
135	116	131	4	91	4	87
135	116	129	4	15	1	11
135	116	128	4	18	2	17
135	116	127	4	95	1	91
135	116	122	4	52	2	53
135	116	63	4	8	0	67
135	116	124	4	87	1	93
135	131	129	91	15	85	0
135	131	128	91	18	86	3
135	131	127	91	95	56	25
135	131	122	91	52	73	15
135	131	63	91	8	68	16
135	131	124	91	87	60	28
135	129	128	15	18	3	8
135	129	127	15	95	1	92
135	129	122	15	52	4	28
135	129	63	15	8	1	68
135	129	124	15	87	0	92
135	128	127	18	95	5	82
135	128	122	18	52	10	29
135	128	63	18	8	19	57
135	128	124	18	87	4	83
135	127	122	95	52	68	14
135	127	63	95	8	64	12
135	127	124	95	87	24	29
135	122	63	52	8	59	18
135	122	124	52	87	20	57
135	63	124	8	87	8	78
136	135	124	96	91	55	28
136	135	127	96	96	32	25
136	135	131	96	87	34	49
136	135	128	96	62	63	23
136	135	122	96	100	20	69
136	135	68	96	35	68	11
136	124	127	91	96	23	69
136	124	131	91	87	36	50
136	124	128	91	62	24	47
136	124	122	91	100	24	68
136	124	68	91	35	70	0
136	127	131	96	87	28	41
136	127	128	96	62	72	13
136	127	122	96	100	31	62
136	127	68	96	35	83	7
136	131	128	87	62	66	20
136	131	122	87	100	15	72
136	131	68	87	35	72	13
136	128	122	62	100	28	63
136	128	68	62	35	64	12
136	122	68	100	35	78	7
137	120	133	7	57	3	46
137	120	130	7	100	1	93
137	120	138	7	11	4	4
137	120	132	7	33	1	45
137	120	118	7	5	2	2
137	133	130	57	100	10	76
137	133	138	57	11	41	1
137	133	132	57	33	36	13
137	133	118	57	5	47	1
137	130	138	100	11	97	2
137	130	132	100	33	80	8
137	130	118	100	5	100	0
137	138	132	11	33	0	26
137	138	118	11	5	6	2
137	132	118	33	5	42	6
138	126	137	98	23	85	3
138	126	130	98	97	65	26
138	126	129	98	10	93	3
138	126	116	98	5	94	3
138	126	118	98	11	83	5
138	126	123	98	34	84	10
138	126	115	98	10	88	1
138	126	132	98	5	94	0
138	126	119	98	13	90	8
138	126	117	98	6	89	2
138	137	130	23	97	13	68
138	137	129	23	10	11	23
138	137	116	23	5	31	7
138	137	118	23	11	12	1
138	137	123	23	34	6	45
138	137	115	23	10	9	0
138	137	132	23	5	32	2
138	137	119	23	13	30	3
138	137	117	23	6	11	2
138	130	129	97	10	95	6
138	130	116	97	5	92	0
138	130	118	97	11	86	1
138	130	123	97	34	67	8
138	130	115	97	10	89	1
138	130	132	97	5	92	0
138	130	119	97	13	91	0
138	130	117	97	6	82	4
138	129	116	10	5	22	6
138	129	118	10	11	19	3
138	129	123	10	34	7	43
138	129	115	10	10	14	5
138	129	132	10	5	12	2
138	129	119	10	13	23	12
138	129	117	10	6	7	8
138	116	118	5	11	7	17
138	116	123	5	34	9	53
138	116	115	5	10	10	11
138	116	132	5	5	16	3
138	116	119	5	13	11	13
138	116	117	5	6	10	23
138	118	123	11	34	12	70
138	118	115	11	10	20	12
138	118	132	11	5	26	3
138	118	119	11	13	12	4
138	118	117	11	6	7	10
138	123	115	34	10	61	5
138	123	132	34	5	60	1
138	123	119	34	13	57	4
138	123	117	34	6	60	3
138	115	132	10	5	16	4
138	115	119	10	13	4	3
138	115	117	10	6	3	13
138	132	119	5	13	3	16
138	132	117	5	6	0	7
138	119	117	13	6	3	8
