1	3	6	80	78	53	25
1	3	2	80	73	58	17
1	3	22	80	73	58	13
1	3	35	80	82	49	22
1	3	37	80	42	67	10
1	3	80	80	29	75	1
1	6	2	78	73	54	12
1	6	22	78	73	45	30
1	6	35	78	82	55	24
1	6	37	78	42	56	16
1	6	80	78	29	77	2
1	2	22	73	73	10	19
1	2	35	73	82	13	22
1	2	37	73	42	45	7
1	2	80	73	29	53	5
1	22	35	73	82	24	26
1	22	37	73	42	61	13
1	22	80	73	29	66	2
1	35	37	82	42	49	9
1	35	80	82	29	76	0
1	37	80	42	29	30	5
2	10	12	84	85	18	31
2	10	1	84	75	55	14
2	10	3	84	77	49	20
2	10	75	84	80	59	10
2	12	1	85	75	48	14
2	12	3	85	77	52	20
2	12	75	85	80	51	17
2	1	3	75	77	19	46
2	1	75	75	80	13	55
2	3	75	77	80	20	39
3	1	6	85	64	59	11
3	1	10	85	87	61	16
3	1	2	85	82	63	19
3	1	17	85	68	57	13
3	1	18	85	36	66	4
3	6	10	64	87	6	59
3	6	2	64	82	13	50
3	6	17	64	68	8	9
3	6	18	64	36	17	17
3	10	2	87	82	26	26
3	10	17	87	68	48	22
3	10	18	87	36	55	9
3	2	17	82	68	41	18
3	2	18	82	36	50	11
3	17	18	68	36	19	1
4	7	8	96	100	17	69
4	7	67	96	98	14	17
4	8	67	100	98	63	13
5	8	39	99	99	15	65
6	35	3	70	61	29	15
6	35	16	70	68	22	7
6	35	1	70	79	25	54
6	35	13	70	70	17	55
6	35	37	70	40	52	3
6	35	22	70	24	62	7
6	3	16	61	68	36	23
6	3	1	61	79	8	53
6	3	13	61	70	9	53
6	3	37	61	40	45	2
6	3	22	61	24	53	5
6	16	1	68	79	19	59
6	16	13	68	70	10	56
6	16	37	68	40	36	10
6	16	22	68	24	53	6
6	1	13	79	70	66	17
6	1	37	79	40	62	6
6	1	22	79	24	72	5
6	13	37	70	40	58	6
6	13	22	70	24	66	3
6	37	22	40	24	24	9
7	26	13	98	96	26	26
7	26	4	98	95	57	17
7	26	5	98	0	99	0
7	13	4	96	95	55	34
7	13	5	96	0	87	0
7	4	5	95	0	99	0
8	13	5	4	60	0	44
8	13	4	4	99	1	71
8	5	4	60	99	14	66
10	2	3	84	87	53	35
10	2	12	84	91	26	45
10	2	18	84	77	51	10
10	2	17	84	86	16	54
10	3	12	87	91	24	51
10	3	18	87	77	55	20
10	3	17	87	86	23	47
10	12	18	91	77	42	33
10	12	17	91	86	64	21
10	18	17	77	86	7	67
12	2	17	82	77	41	21
12	2	10	82	86	21	52
12	17	10	77	86	22	51
13	37	6	83	76	54	19
13	37	7	83	94	16	24
13	37	4	83	1	86	0
13	6	7	76	94	14	76
13	6	4	76	1	69	0
13	7	4	94	1	90	0
14	15	18	73	62	49	9
14	15	21	73	87	21	57
14	15	16	73	81	19	47
14	18	21	62	87	17	67
14	18	16	62	81	10	54
14	21	16	87	81	56	17
15	20	21	97	93	31	30
15	20	14	97	76	72	18
15	20	16	97	94	30	64
15	21	14	93	76	53	20
15	21	16	93	94	34	67
15	14	16	76	94	25	68
16	20	14	85	89	26	54
16	20	15	85	97	23	61
16	20	6	85	57	61	11
16	20	80	85	97	23	16
16	20	21	85	87	30	55
16	14	15	89	97	17	62
16	14	6	89	57	54	18
16	14	80	89	97	49	21
16	14	21	89	87	23	52
16	15	6	97	57	72	13
16	15	80	97	97	69	9
16	15	21	97	87	58	25
16	6	80	57	97	9	64
16	6	21	57	87	11	63
16	80	21	97	87	24	62
17	12	10	72	83	23	62
17	12	3	72	64	44	16
17	12	22	72	0	80	0
17	10	3	83	64	70	20
17	10	22	83	0	86	0
17	3	22	64	0	73	0
18	22	21	79	74	61	15
18	22	10	79	73	61	11
18	22	3	79	37	59	9
18	22	14	79	60	60	14
18	22	6	79	1	67	0
18	21	10	74	73	55	24
18	21	3	74	37	58	5
18	21	14	74	60	42	19
18	21	6	74	1	71	1
18	10	3	73	37	42	10
18	10	14	73	60	23	10
18	10	6	73	1	64	1
18	3	14	37	60	8	22
18	3	6	37	1	26	0
18	14	6	60	1	39	0
20	15	21	94	67	70	25
20	15	16	94	86	53	30
20	21	16	67	86	20	57
21	14	18	89	75	61	28
21	14	20	89	77	65	17
21	14	16	89	87	61	34
21	14	15	89	92	57	35
21	18	20	75	77	45	18
21	18	16	75	87	15	41
21	18	15	75	92	12	70
21	20	16	77	87	32	44
21	20	15	77	92	20	50
21	16	15	87	92	22	40
22	1	18	79	78	5	66
22	1	6	79	19	66	1
22	18	6	78	19	58	5
24	27	31	86	85	19	50
25	28	53	91	88	68	26
25	28	35	91	74	39	17
25	53	35	88	74	66	9
26	37	36	75	76	36	21
26	37	7	75	97	14	70
26	36	7	76	97	14	67
27	41	31	74	83	11	61
27	41	24	74	44	54	26
27	41	45	74	75	28	48
27	41	42	74	74	17	50
27	31	24	83	44	63	23
27	31	45	83	75	56	14
27	31	42	83	74	61	11
27	24	45	44	75	27	53
27	24	42	44	74	23	58
27	45	42	75	74	23	25
28	58	38	18	35	3	56
28	58	25	18	84	2	79
28	38	25	35	84	16	67
30	42	43	18	89	2	56
30	42	55	18	18	13	13
30	42	38	18	87	3	71
30	42	48	18	91	9	64
30	43	55	89	18	65	6
30	43	38	89	87	24	27
30	43	48	89	91	16	62
30	55	38	18	87	4	73
30	55	48	18	91	5	79
30	38	48	87	91	12	66
31	24	27	54	96	38	52
31	24	60	54	22	82	6
31	24	53	54	73	55	10
31	27	60	96	22	71	6
31	27	53	96	73	62	21
31	60	53	22	73	6	54
32	60	34	71	100	6	80
32	60	54	71	79	14	14
32	34	54	100	79	69	25
33	35	0	3	0	0	0
34	60	32	89	91	21	60
34	60	50	89	79	26	35
34	60	54	89	71	37	22
34	32	50	91	79	64	17
34	32	54	91	71	64	28
34	50	54	79	71	29	25
35	1	25	74	65	43	20
35	1	6	74	75	41	19
35	1	36	74	60	55	7
35	25	6	65	75	30	28
35	25	36	65	60	23	9
35	6	36	75	60	35	13
36	35	58	54	56	20	16
36	35	38	54	89	9	60
36	35	26	54	73	11	37
36	35	39	54	63	13	27
36	58	38	56	89	13	59
36	58	26	56	73	9	28
36	58	39	56	63	6	20
36	38	26	89	73	55	21
36	38	39	89	63	45	28
36	26	39	73	63	28	20
37	13	38	87	85	57	21
37	13	1	87	58	70	12
37	13	6	87	40	72	9
37	13	26	87	63	62	11
37	38	1	85	58	72	18
37	38	6	85	40	61	9
37	38	26	85	63	43	28
37	1	6	58	40	24	8
37	1	26	58	63	18	40
37	6	26	40	63	6	50
38	28	43	59	47	33	5
38	28	39	59	48	15	41
38	28	37	59	63	15	23
38	28	30	59	57	19	13
38	28	36	59	55	14	41
38	28	44	59	49	37	7
38	43	39	47	48	17	46
38	43	37	47	63	16	26
38	43	30	47	57	17	33
38	43	36	47	55	10	28
38	43	44	47	49	12	11
38	39	37	48	63	43	10
38	39	30	48	57	37	7
38	39	36	48	55	15	13
38	39	44	48	49	55	15
38	37	30	63	57	11	11
38	37	36	63	55	16	39
38	37	44	63	49	44	17
38	30	36	57	55	14	42
38	30	44	57	49	47	14
38	36	44	55	49	45	14
39	36	5	52	75	9	57
39	36	57	52	76	8	30
39	36	38	52	63	15	42
39	5	57	75	76	48	15
39	5	38	75	63	54	11
39	57	38	76	63	24	24
40	60	45	27	95	4	85
40	60	54	27	73	12	45
40	60	52	27	91	5	57
40	60	41	27	94	3	65
40	60	46	27	82	12	51
40	60	47	27	0	40	0
40	60	69	27	40	11	33
40	60	42	27	49	2	64
40	60	50	27	0	4	19
40	45	54	95	73	68	25
40	45	52	95	91	58	34
40	45	41	95	94	66	25
40	45	46	95	82	50	33
40	45	47	95	0	98	0
40	45	69	95	40	74	20
40	45	42	95	49	65	22
40	45	50	95	0	81	4
40	54	52	73	91	15	58
40	54	41	73	94	16	64
40	54	46	73	82	11	47
40	54	47	73	0	67	4
40	54	69	73	40	48	18
40	54	42	73	49	23	40
40	54	50	73	0	74	3
40	52	41	91	94	24	30
40	52	46	91	82	47	18
40	52	47	91	0	84	2
40	52	69	91	40	78	0
40	52	42	91	49	56	18
40	52	50	91	0	78	4
40	41	46	94	82	46	26
40	41	47	94	0	86	0
40	41	69	94	40	59	11
40	41	42	94	49	64	18
40	41	50	94	0	79	1
40	46	47	82	0	83	0
40	46	69	82	40	63	5
40	46	42	82	49	33	24
40	46	50	82	0	83	0
40	47	69	0	40	0	1
40	47	42	0	49	0	72
40	47	50	0	0	0	2
40	69	42	40	49	28	13
40	69	50	40	0	57	1
40	42	50	49	0	51	1
42	27	55	66	37	65	7
42	27	43	66	98	8	62
42	27	30	66	25	60	7
42	27	44	66	81	58	22
42	27	46	66	76	55	9
42	27	40	66	71	52	12
42	27	45	66	70	18	50
42	27	52	66	0	71	0
42	27	69	66	2	74	0
42	27	41	66	74	34	28
42	27	48	66	86	9	23
42	55	43	37	98	11	74
42	55	30	37	25	28	11
42	55	44	37	81	5	47
42	55	46	37	76	8	45
42	55	40	37	71	9	52
42	55	45	37	70	8	53
42	55	52	37	0	41	0
42	55	69	37	2	40	0
42	55	41	37	74	6	48
42	55	48	37	86	15	76
42	43	30	98	25	81	8
42	43	44	98	81	79	13
42	43	46	98	76	75	9
42	43	40	98	71	69	13
42	43	45	98	70	69	15
42	43	52	98	0	99	0
42	43	69	98	2	99	0
42	43	41	98	74	65	20
42	43	48	98	86	60	21
42	30	44	25	81	4	42
42	30	46	25	76	3	64
42	30	40	25	71	10	64
42	30	45	25	70	7	59
42	30	52	25	0	24	2
42	30	69	25	2	13	0
42	30	41	25	74	10	47
42	30	48	25	86	4	70
42	44	46	81	76	22	25
42	44	40	81	71	11	36
42	44	45	81	70	7	53
42	44	52	81	0	69	0
42	44	69	81	2	79	1
42	44	41	81	74	11	52
42	44	48	81	86	10	74
42	46	40	76	71	20	31
42	46	45	76	70	24	43
42	46	52	76	0	78	0
42	46	69	76	2	70	0
42	46	41	76	74	17	48
42	46	48	76	86	6	57
42	40	45	71	70	17	47
42	40	52	71	0	56	9
42	40	69	71	2	72	1
42	40	41	71	74	19	35
42	40	48	71	86	18	51
42	45	52	70	0	74	2
42	45	69	70	2	75	0
42	45	41	70	74	53	21
42	45	48	70	86	48	30
42	52	69	0	2	4	5
42	52	41	0	74	2	69
42	52	48	0	86	1	76
42	69	41	2	74	8	67
42	69	48	2	86	5	72
42	41	48	74	86	10	23
43	52	42	61	100	14	78
43	52	78	61	17	55	4
43	52	55	61	64	22	47
43	52	45	61	72	49	0
43	52	30	61	73	10	27
43	52	38	61	53	20	13
43	52	41	61	68	17	50
43	52	48	61	99	7	70
43	42	78	100	17	91	0
43	42	55	100	64	73	15
43	42	45	100	72	84	3
43	42	30	100	73	73	16
43	42	38	100	53	81	3
43	42	41	100	68	72	17
43	42	48	100	99	34	43
43	78	55	17	64	6	64
43	78	45	17	72	16	0
43	78	30	17	73	1	60
43	78	38	17	53	10	48
43	78	41	17	68	8	63
43	78	48	17	99	4	89
43	55	45	64	72	53	4
43	55	30	64	73	51	23
43	55	38	64	53	42	14
43	55	41	64	68	28	23
43	55	48	64	99	20	66
43	45	30	72	73	10	35
43	45	38	72	53	20	16
43	45	41	72	68	23	48
43	45	48	72	99	16	67
43	30	38	73	53	28	9
43	30	41	73	68	24	40
43	30	48	73	99	23	68
43	38	41	53	68	8	49
43	38	48	53	99	8	74
43	41	48	68	99	9	66
44	38	42	53	75	6	44
45	54	42	74	70	17	54
45	54	41	74	98	9	59
45	54	50	74	73	15	19
45	54	27	74	76	12	52
45	54	40	74	97	18	69
45	54	69	74	39	62	3
45	54	46	74	82	11	58
45	54	47	74	1	60	0
45	54	52	74	62	18	58
45	54	43	74	43	39	10
45	42	41	70	98	20	66
45	42	50	70	73	34	20
45	42	27	70	76	38	22
45	42	40	70	97	16	55
45	42	69	70	39	60	7
45	42	46	70	82	18	63
45	42	47	70	1	73	0
45	42	52	70	62	24	52
45	42	43	70	43	59	21
45	41	50	98	73	55	24
45	41	27	98	76	67	28
45	41	40	98	97	63	31
45	41	69	98	39	91	3
45	41	46	98	82	59	28
45	41	47	98	1	99	1
45	41	52	98	62	69	21
45	41	43	98	43	59	22
45	50	27	73	76	21	51
45	50	40	73	97	24	61
45	50	69	73	39	65	6
45	50	46	73	82	11	64
45	50	47	73	1	78	2
45	50	52	73	62	13	15
45	50	43	73	43	63	9
45	27	40	76	97	11	64
45	27	69	76	39	68	1
45	27	46	76	82	8	56
45	27	47	76	1	72	0
45	27	52	76	62	17	55
45	27	43	76	43	60	7
45	40	69	97	39	91	2
45	40	46	97	82	61	27
45	40	47	97	1	76	5
45	40	52	97	62	66	18
45	40	43	97	43	74	10
45	69	46	39	82	2	87
45	69	47	39	1	18	4
45	69	52	39	62	5	63
45	69	43	39	43	9	22
45	46	47	82	1	81	1
45	46	52	82	62	38	25
45	46	43	82	43	64	3
45	47	52	1	62	2	76
45	47	43	1	43	2	60
45	52	43	62	43	44	18
46	52	45	100	89	64	31
46	52	40	100	79	69	5
46	52	41	100	94	67	20
46	52	42	100	74	59	30
46	52	47	100	98	54	35
46	45	40	89	79	55	23
46	45	41	89	94	43	35
46	45	42	89	74	56	22
46	45	47	89	98	15	47
46	40	41	79	94	26	60
46	40	42	79	74	24	21
46	40	47	79	98	13	71
46	41	42	94	74	53	22
46	41	47	94	98	26	71
46	42	47	74	98	8	70
47	52	41	76	75	50	12
47	52	45	76	20	58	13
47	52	46	76	99	23	64
47	41	45	75	20	20	13
47	41	46	75	99	6	79
47	45	46	20	99	18	72
48	40	30	71	84	16	38
48	40	55	71	100	6	77
48	40	69	71	72	28	25
48	40	43	71	100	13	84
48	40	42	71	88	19	30
48	40	78	71	73	9	25
48	30	55	84	100	25	72
48	30	69	84	72	49	20
48	30	43	84	100	20	55
48	30	42	84	88	21	41
48	30	78	84	73	14	22
48	55	69	100	72	77	18
48	55	43	100	100	35	26
48	55	42	100	88	61	22
48	55	78	100	73	78	11
48	69	43	72	100	9	75
48	69	42	72	88	23	53
48	69	78	72	73	5	37
48	43	42	100	88	67	22
48	43	78	100	73	50	23
48	42	78	88	73	50	26
50	34	60	86	11	79	0
50	34	52	86	62	43	11
50	34	59	86	87	41	6
50	34	45	86	77	17	45
50	34	41	86	72	21	33
50	34	54	86	99	20	69
50	34	40	86	0	81	4
50	34	32	86	1	82	0
50	60	52	11	62	0	67
50	60	59	11	87	0	24
50	60	45	11	77	0	69
50	60	41	11	72	0	52
50	60	54	11	99	0	99
50	60	40	11	0	0	30
50	60	32	11	1	0	0
50	52	59	62	87	25	12
50	52	45	62	77	20	38
50	52	41	62	72	20	37
50	52	54	62	99	15	62
50	52	40	62	0	50	3
50	52	32	62	1	47	0
50	59	45	87	77	0	74
50	59	41	87	72	1	71
50	59	54	87	99	8	80
50	59	40	87	0	42	0
50	59	32	87	1	46	0
50	45	41	77	72	15	19
50	45	54	77	99	16	67
50	45	40	77	0	75	0
50	45	32	77	1	65	7
50	41	54	72	99	18	70
50	41	40	72	0	84	0
50	41	32	72	1	63	4
50	54	40	99	0	100	0
50	54	32	99	1	86	6
50	40	32	0	1	0	18
52	47	45	85	80	24	49
52	47	43	85	63	33	16
52	47	40	85	85	15	57
52	47	41	85	97	16	74
52	47	46	85	100	22	67
52	47	54	85	87	11	60
52	47	50	85	33	25	8
52	47	42	85	31	10	11
52	47	60	85	0	47	0
52	45	43	80	63	71	16
52	45	40	80	85	22	37
52	45	41	80	97	20	65
52	45	46	80	100	24	61
52	45	54	80	87	50	29
52	45	50	80	33	66	13
52	45	42	80	31	64	9
52	45	60	80	0	73	8
52	43	40	63	85	15	61
52	43	41	63	97	13	64
52	43	46	63	100	9	76
52	43	54	63	87	11	62
52	43	50	63	33	11	10
52	43	42	63	31	24	24
52	43	60	63	0	55	1
52	40	41	85	97	33	56
52	40	46	85	100	24	62
52	40	54	85	87	53	24
52	40	50	85	33	83	3
52	40	42	85	31	54	25
52	40	60	85	0	85	3
52	41	46	97	100	21	61
52	41	54	97	87	64	20
52	41	50	97	33	75	12
52	41	42	97	31	65	21
52	41	60	97	0	93	0
52	46	54	100	87	68	11
52	46	50	100	33	81	6
52	46	42	100	31	66	18
52	46	60	100	0	74	0
52	54	50	87	33	88	0
52	54	42	87	31	62	14
52	54	60	87	0	74	2
52	50	42	33	31	0	79
52	50	60	33	0	0	7
52	42	60	31	0	47	1
53	31	58	82	97	11	65
53	31	59	82	78	47	17
53	58	59	97	78	80	6
54	32	50	85	100	14	75
54	32	40	85	66	21	59
54	32	59	85	82	15	24
54	32	45	85	70	28	29
54	32	41	85	73	13	17
54	32	52	85	87	24	47
54	32	60	85	80	24	21
54	32	34	85	89	28	23
54	50	40	100	66	67	7
54	50	59	100	82	64	11
54	50	45	100	70	72	22
54	50	41	100	73	65	20
54	50	52	100	87	68	18
54	50	60	100	80	86	2
54	50	34	100	89	71	23
54	40	59	66	82	21	36
54	40	45	66	70	26	24
54	40	41	66	73	49	14
54	40	52	66	87	19	40
54	40	60	66	80	57	14
54	40	34	66	89	50	18
54	59	45	82	70	22	28
54	59	41	82	73	35	6
54	59	52	82	87	23	53
54	59	60	82	80	56	12
54	59	34	82	89	62	10
54	45	41	70	73	19	20
54	45	52	70	87	24	57
54	45	60	70	80	45	8
54	45	34	70	89	33	23
54	41	52	73	87	19	53
54	41	60	73	80	30	17
54	41	34	73	89	14	16
54	52	60	87	80	57	3
54	52	34	87	89	54	22
54	60	34	80	89	6	51
55	48	57	100	82	67	16
55	48	69	100	88	62	14
55	48	42	100	9	92	1
55	48	43	100	47	70	16
55	48	40	100	11	76	2
55	57	69	82	88	14	25
55	57	42	82	9	68	8
55	57	43	82	47	63	19
55	57	40	82	11	72	8
55	69	42	88	9	71	8
55	69	43	88	47	60	10
55	69	40	88	11	75	2
55	42	43	9	47	14	25
55	42	40	9	11	22	14
55	43	40	47	11	32	6
57	55	39	91	74	49	12
58	53	36	97	16	82	2
59	54	60	91	93	52	24
59	54	80	91	94	62	18
59	54	50	91	43	73	4
59	54	53	91	7	88	2
59	60	80	93	94	29	11
59	60	50	93	43	98	1
59	60	53	93	7	83	0
59	80	50	94	43	52	14
59	80	53	94	7	80	0
59	50	53	43	7	50	4
60	32	40	68	4	58	3
60	32	59	68	89	8	52
60	32	34	68	78	23	46
60	32	31	68	43	24	21
60	32	52	68	13	50	9
60	40	59	4	89	0	88
60	40	34	4	78	0	77
60	40	31	4	43	1	44
60	40	52	4	13	0	30
60	59	34	89	78	39	11
60	59	31	89	43	68	3
60	59	52	89	13	80	2
60	34	31	78	43	44	3
60	34	52	78	13	75	1
60	31	52	43	13	30	5
63	82	83	82	100	11	77
63	82	69	82	13	47	19
63	82	65	82	97	25	33
63	82	68	82	99	20	60
63	83	69	100	13	65	12
63	83	65	100	97	67	37
63	83	68	100	99	56	15
63	69	65	13	97	4	69
63	69	68	13	99	5	77
63	65	68	97	99	14	63
65	82	123	99	94	69	13
65	82	63	99	69	58	40
65	82	69	99	69	65	26
65	82	84	99	87	60	26
65	82	83	99	91	65	11
65	82	67	99	99	58	13
65	123	63	94	69	14	31
65	123	69	94	69	15	17
65	123	84	94	87	21	68
65	123	83	94	91	23	26
65	123	67	94	99	20	34
65	63	69	69	69	48	21
65	63	84	69	87	28	36
65	63	83	69	91	35	32
65	63	67	69	99	16	21
65	69	84	69	87	39	50
65	69	83	69	91	33	30
65	69	67	69	99	10	34
65	84	83	87	91	55	26
65	84	67	87	99	44	26
65	83	67	91	99	6	12
66	75	84	90	75	52	14
67	65	133	79	71	32	12
67	65	4	79	83	33	23
67	133	4	71	83	11	48
68	135	63	97	100	6	63
68	135	82	97	23	89	3
68	63	82	100	23	92	4
69	82	40	97	81	73	12
69	82	83	97	99	72	20
69	82	48	97	78	69	10
69	82	84	97	62	71	12
69	82	55	97	91	21	61
69	82	77	97	79	64	11
69	82	45	97	26	78	8
69	82	63	97	72	71	22
69	82	65	97	90	56	29
69	40	83	81	99	5	83
69	40	48	81	78	21	32
69	40	84	81	62	11	37
69	40	55	81	91	6	82
69	40	77	81	79	7	57
69	40	45	81	26	8	32
69	40	63	81	72	16	36
69	40	65	81	90	20	35
69	83	48	99	78	42	21
69	83	84	99	62	63	17
69	83	55	99	91	16	72
69	83	77	99	79	66	7
69	83	45	99	26	97	0
69	83	63	99	72	76	13
69	83	65	99	90	61	20
69	48	84	78	62	41	20
69	48	55	78	91	11	77
69	48	77	78	79	31	21
69	48	45	78	26	40	0
69	48	63	78	72	23	44
69	48	65	78	90	36	31
69	84	55	62	91	0	92
69	84	77	62	79	9	52
69	84	45	62	26	12	16
69	84	63	62	72	56	1
69	84	65	62	90	18	31
69	55	77	91	79	67	11
69	55	45	91	26	82	5
69	55	63	91	72	56	21
69	55	65	91	90	75	10
69	77	45	79	26	48	2
69	77	63	79	72	10	56
69	77	65	79	90	13	28
69	45	63	26	72	4	46
69	45	65	26	90	2	52
69	63	65	72	90	20	31
70	74	76	46	98	13	65
70	74	85	46	99	8	78
70	76	85	98	99	37	46
71	73	84	81	72	66	21
71	73	85	81	90	52	28
71	84	85	72	90	9	57
72	73	79	71	98	7	67
73	72	83	74	7	44	2
73	72	84	74	70	22	29
73	72	71	74	84	12	53
73	72	79	74	0	40	10
73	83	84	7	70	0	16
73	83	71	7	84	1	81
73	83	79	7	0	7	15
73	84	71	70	84	26	49
73	84	79	70	0	60	6
73	71	79	84	0	72	2
74	76	85	85	89	26	27
74	76	70	85	57	73	8
74	85	70	89	57	64	10
75	2	66	82	86	10	62
75	2	3	82	69	45	21
75	66	3	86	69	61	9
76	85	70	86	98	28	66
76	85	74	86	88	36	51
76	70	74	98	88	71	20
77	69	0	72	0	0	0
78	48	43	79	9	55	7
79	72	0	96	0	0	0
80	59	16	95	88	20	20
80	59	1	95	19	72	2
80	16	1	88	19	62	2
82	63	84	86	89	18	55
82	63	69	86	99	21	41
82	63	65	86	99	28	51
82	84	69	89	99	57	31
82	84	65	89	99	21	63
82	69	65	99	99	31	64
83	65	63	77	99	25	57
83	65	84	77	89	27	64
83	65	82	77	0	66	6
83	65	69	77	97	30	42
83	65	73	77	4	31	22
83	63	84	99	89	47	42
83	63	82	99	0	78	14
83	63	69	99	97	57	37
83	63	73	99	4	100	1
83	84	82	89	0	78	13
83	84	69	89	97	55	35
83	84	73	89	4	85	1
83	82	69	0	97	0	97
83	82	73	0	4	0	11
83	69	73	97	4	94	1
84	82	83	88	88	29	9
84	82	65	88	86	57	23
84	82	69	88	63	57	21
84	82	71	88	82	65	13
84	82	66	88	74	68	16
84	82	73	88	69	57	12
84	83	65	88	86	59	17
84	83	69	88	63	69	11
84	83	71	88	82	59	13
84	83	66	88	74	66	15
84	83	73	88	69	68	14
84	65	69	86	63	53	15
84	65	71	86	82	21	23
84	65	66	86	74	36	12
84	65	73	86	69	38	17
84	69	71	63	82	11	55
84	69	66	63	74	14	48
84	69	73	63	69	15	46
84	71	66	82	74	38	12
84	71	73	82	69	42	18
84	66	73	74	69	14	7
85	76	71	89	98	20	68
85	76	74	89	87	24	64
85	76	70	89	99	24	61
85	71	74	98	87	21	21
85	71	70	98	99	12	73
85	74	70	87	99	28	65
115	123	138	53	60	27	26
115	123	116	53	99	13	75
115	123	121	53	100	9	85
115	123	118	53	100	11	77
115	123	119	53	100	12	71
115	123	117	53	99	14	81
115	138	116	60	99	8	79
115	138	121	60	100	12	82
115	138	118	60	100	8	77
115	138	119	60	100	6	77
115	138	117	60	99	12	78
115	116	121	99	100	26	67
115	116	118	99	100	30	68
115	116	119	99	100	20	77
115	116	117	99	99	29	59
115	121	118	100	100	17	76
115	121	119	100	100	32	54
115	121	117	100	99	31	57
115	118	119	100	100	53	36
115	118	117	100	99	72	28
115	119	117	100	99	30	51
116	119	117	100	100	35	64
116	119	115	100	100	31	2
116	119	129	100	100	30	44
116	119	122	100	100	20	19
116	119	123	100	95	54	36
116	119	118	100	92	70	30
116	119	133	100	79	62	22
116	119	128	100	100	15	63
116	119	121	100	99	61	29
116	117	115	100	100	66	24
116	117	129	100	100	59	27
116	117	122	100	100	69	19
116	117	123	100	95	60	28
116	117	118	100	92	61	30
116	117	133	100	79	53	30
116	117	128	100	100	28	57
116	117	121	100	99	65	26
116	115	129	100	100	14	72
116	115	122	100	100	13	32
116	115	123	100	95	39	28
116	115	118	100	92	59	22
116	115	133	100	79	27	13
116	115	128	100	100	16	79
116	115	121	100	99	31	28
116	129	122	100	100	44	14
116	129	123	100	95	67	25
116	129	118	100	92	50	39
116	129	133	100	79	66	24
116	129	128	100	100	21	79
116	129	121	100	99	63	18
116	122	123	100	95	60	12
116	122	118	100	92	61	11
116	122	133	100	79	63	9
116	122	128	100	100	26	66
116	122	121	100	99	65	20
116	123	118	95	92	34	32
116	123	133	95	79	31	30
116	123	128	95	100	18	69
116	123	121	95	99	17	16
116	118	133	92	79	29	29
116	118	128	92	100	24	66
116	118	121	92	99	28	36
116	133	128	79	100	18	66
116	133	121	79	99	26	32
116	128	121	100	99	69	10
117	132	119	97	100	13	61
117	132	120	97	39	67	8
117	132	128	97	99	61	15
117	132	115	97	100	31	52
117	132	118	97	100	40	58
117	132	123	97	100	15	65
117	132	133	97	58	60	24
117	132	116	97	100	15	29
117	132	121	97	100	24	61
117	132	126	97	7	93	2
117	132	129	97	87	68	16
117	119	120	100	39	75	8
117	119	128	100	99	68	12
117	119	115	100	100	65	25
117	119	118	100	100	24	76
117	119	123	100	100	52	31
117	119	133	100	58	69	12
117	119	116	100	100	61	34
117	119	121	100	100	19	70
117	119	126	100	7	96	2
117	119	129	100	87	58	30
117	120	128	39	99	1	73
117	120	115	39	100	6	84
117	120	118	39	100	9	73
117	120	123	39	100	6	81
117	120	133	39	58	23	19
117	120	116	39	100	3	76
117	120	121	39	100	7	77
117	120	126	39	7	29	3
117	120	129	39	87	16	25
117	128	115	99	100	17	72
117	128	118	99	100	21	65
117	128	123	99	100	13	65
117	128	133	99	58	83	11
117	128	116	99	100	24	68
117	128	121	99	100	13	69
117	128	126	99	7	96	3
117	128	129	99	87	72	16
117	115	118	100	100	27	65
117	115	123	100	100	39	39
117	115	133	100	58	72	10
117	115	116	100	100	57	28
117	115	121	100	100	19	75
117	115	126	100	7	89	4
117	115	129	100	87	64	15
117	118	123	100	100	58	29
117	118	133	100	58	76	9
117	118	116	100	100	67	21
117	118	121	100	100	51	33
117	118	126	100	7	98	3
117	118	129	100	87	59	33
117	123	133	100	58	81	13
117	123	116	100	100	67	28
117	123	121	100	100	15	65
117	123	126	100	7	99	1
117	123	129	100	87	68	26
117	133	116	58	100	21	66
117	133	121	58	100	18	65
117	133	126	58	7	44	9
117	133	129	58	87	13	45
117	116	121	100	100	20	78
117	116	126	100	7	95	1
117	116	129	100	87	78	22
117	121	126	100	7	96	5
117	121	129	100	87	60	30
117	126	129	7	87	5	67
118	119	133	100	100	65	30
118	119	121	100	100	56	31
118	119	123	100	65	68	18
118	119	132	100	88	66	14
118	119	117	100	100	29	63
118	119	115	100	100	34	30
118	119	116	100	81	67	28
118	119	129	100	99	63	38
118	133	121	100	100	28	54
118	133	123	100	65	68	22
118	133	132	100	88	30	31
118	133	117	100	100	25	65
118	133	115	100	100	7	60
118	133	116	100	81	55	27
118	133	129	100	99	22	29
118	121	123	100	65	75	10
118	121	132	100	88	57	28
118	121	117	100	100	25	62
118	121	115	100	100	27	73
118	121	116	100	81	74	19
118	121	129	100	99	69	18
118	123	132	65	88	16	69
118	123	117	65	100	10	73
118	123	115	65	100	26	63
118	123	116	65	81	25	36
118	123	129	65	99	17	73
118	132	117	88	100	21	69
118	132	115	88	100	18	62
118	132	116	88	81	60	22
118	132	129	88	99	21	31
118	117	115	100	100	67	29
118	117	116	100	81	65	25
118	117	129	100	99	57	29
118	115	116	100	81	60	27
118	115	129	100	99	69	12
118	116	129	81	99	23	65
119	123	121	93	100	17	68
119	123	117	93	100	32	65
119	123	115	93	100	30	65
119	123	116	93	100	25	57
119	123	129	93	73	56	19
119	123	118	93	99	30	62
119	121	117	100	100	21	66
119	121	115	100	100	20	61
119	121	116	100	100	61	26
119	121	129	100	73	72	20
119	121	118	100	99	26	68
119	117	115	100	100	68	24
119	117	116	100	100	61	28
119	117	129	100	73	78	15
119	117	118	100	99	19	41
119	115	116	100	100	59	33
119	115	129	100	73	70	9
119	115	118	100	99	25	62
119	116	129	100	73	70	23
119	116	118	100	99	25	68
119	129	118	73	99	18	69
120	130	117	97	28	83	10
120	130	137	97	100	71	25
120	130	132	97	98	37	29
120	117	137	28	100	4	73
120	117	132	28	98	8	80
120	137	132	100	98	31	61
121	133	116	72	94	25	37
121	133	132	72	86	29	49
121	133	119	72	99	26	63
121	133	129	72	100	27	36
121	133	115	72	100	9	67
121	133	117	72	100	18	73
121	133	118	72	99	26	64
121	116	132	94	86	27	32
121	116	119	94	99	30	56
121	116	129	94	100	30	29
121	116	115	94	100	20	68
121	116	117	94	100	30	65
121	116	118	94	99	26	72
121	132	119	86	99	18	68
121	132	129	86	100	14	19
121	132	115	86	100	25	59
121	132	117	86	100	19	73
121	132	118	86	99	18	68
121	119	129	99	100	57	20
121	119	115	99	100	64	21
121	119	117	99	100	31	61
121	119	118	99	99	25	38
121	129	115	100	100	15	58
121	129	117	100	100	33	50
121	129	118	100	99	26	62
121	115	117	100	100	34	56
121	115	118	100	99	32	54
121	117	118	100	99	64	26
122	136	135	98	100	63	32
122	136	128	98	100	40	32
122	136	116	98	97	70	18
122	136	127	98	84	74	24
122	135	128	100	100	24	72
122	135	116	100	97	7	38
122	135	127	100	84	35	37
122	128	116	100	97	58	27
122	128	127	100	84	71	18
122	116	127	97	84	21	15
123	65	117	89	100	15	67
123	65	119	89	95	12	17
123	65	115	89	45	24	10
123	65	126	89	95	20	59
123	65	129	89	100	26	58
123	65	116	89	96	21	22
123	65	138	89	100	13	49
123	65	133	89	93	10	42
123	117	119	100	95	55	30
123	117	115	100	45	75	11
123	117	126	100	95	61	21
123	117	129	100	100	21	64
123	117	116	100	96	50	33
123	117	138	100	100	74	16
123	117	133	100	93	68	26
123	119	115	95	45	41	12
123	119	126	95	95	8	57
123	119	129	95	100	30	70
123	119	116	95	96	21	28
123	119	138	95	100	12	56
123	119	133	95	93	21	28
123	115	126	45	95	6	78
123	115	129	45	100	7	72
123	115	116	45	96	11	45
123	115	138	45	100	11	74
123	115	133	45	93	13	58
123	126	129	95	100	28	66
123	126	116	95	96	58	16
123	126	138	95	100	25	37
123	126	133	95	93	51	27
123	129	116	100	96	69	21
123	129	138	100	100	74	18
123	129	133	100	93	64	29
123	116	138	96	100	11	73
123	116	133	96	93	24	37
123	138	133	100	93	55	27
124	135	136	98	98	33	25
124	135	127	98	94	29	53
124	135	131	98	95	27	34
124	136	127	98	94	30	65
124	136	131	98	95	31	43
124	127	131	94	95	65	15
80	59	16	93	86	12	11
80	59	1	93	11	74	2
80	16	1	86	11	60	2
82	84	63	79	59	55	20
82	84	69	79	81	51	20
82	84	65	79	86	25	56
82	63	69	59	81	16	28
82	63	65	59	86	20	59
82	69	65	81	86	22	64
83	84	65	87	77	61	26
83	84	63	87	91	46	17
83	84	69	87	77	62	29
83	84	73	87	21	79	4
83	84	48	87	1	88	0
83	65	63	77	91	25	71
83	65	69	77	77	17	45
83	65	73	77	21	67	2
83	65	48	77	1	79	0
83	63	69	91	77	58	25
83	63	73	91	21	81	4
83	63	48	91	1	96	0
83	69	73	77	21	65	4
83	69	48	77	1	84	0
83	73	48	21	1	11	0
84	83	65	93	70	53	19
84	83	71	93	78	72	17
84	83	73	93	64	62	23
84	83	66	93	56	63	8
84	83	82	93	76	25	47
84	65	71	70	78	20	24
84	65	73	70	64	48	14
84	65	66	70	56	46	8
84	65	82	70	76	18	48
84	71	73	78	64	44	15
84	71	66	78	56	48	8
84	71	82	78	76	13	57
84	73	66	64	56	14	8
84	73	82	64	76	16	62
84	66	82	56	76	12	56
85	71	74	89	88	24	65
85	71	70	89	100	15	76
85	71	76	89	57	69	13
85	74	70	88	100	64	25
85	74	76	88	57	61	15
85	70	76	100	57	70	12
115	116	123	84	0	83	0
115	116	117	84	91	26	60
115	116	121	84	86	33	41
115	116	118	84	95	30	56
115	116	119	84	96	26	59
115	123	117	0	91	0	91
115	123	121	0	86	0	86
115	123	118	0	95	0	91
115	123	119	0	96	0	92
115	117	121	91	86	65	24
115	117	118	91	95	59	24
115	117	119	91	96	57	36
115	121	118	86	95	22	48
115	121	119	86	96	17	58
115	118	119	95	96	17	35
116	117	119	88	87	57	32
116	117	133	88	76	58	25
116	117	129	88	88	55	15
116	117	121	88	78	63	27
116	117	118	88	71	62	17
116	117	115	88	86	70	18
116	117	128	88	99	20	81
116	119	133	87	76	45	26
116	119	129	87	88	14	21
116	119	121	87	78	56	23
116	119	118	87	71	57	20
116	119	115	87	86	36	29
116	119	128	87	99	12	64
116	133	129	76	88	20	63
116	133	121	76	78	24	19
116	133	118	76	71	37	19
116	133	115	76	86	18	35
116	133	128	76	99	12	64
116	129	121	88	78	63	18
116	129	118	88	71	51	18
116	129	115	88	86	38	13
116	129	128	88	99	24	81
116	121	118	78	71	21	20
116	121	115	78	86	19	41
116	121	128	78	99	8	68
116	118	115	71	86	17	38
116	118	128	71	99	12	76
116	115	128	86	99	17	67
117	132	115	67	89	7	64
117	132	116	67	91	33	25
117	132	133	67	67	53	20
117	132	123	67	82	13	55
117	132	128	67	74	58	23
117	132	119	67	89	14	52
117	132	118	67	99	15	61
117	115	116	89	91	55	26
117	115	133	89	67	64	6
117	115	123	89	82	51	32
117	115	128	89	74	66	11
117	115	119	89	89	43	24
117	115	118	89	99	25	61
117	116	133	91	67	61	18
117	116	123	91	82	27	54
117	116	128	91	74	53	20
117	116	119	91	89	22	70
117	116	118	91	99	22	63
117	133	123	67	82	16	66
117	133	128	67	74	15	28
117	133	119	67	89	17	58
117	133	118	67	99	19	65
117	123	128	82	74	55	6
117	123	119	82	89	22	42
117	123	118	82	99	21	71
117	128	119	74	89	14	59
117	128	118	74	99	11	73
117	119	118	89	99	29	61
118	132	133	29	71	7	58
118	132	138	29	39	8	16
118	132	115	29	87	6	67
118	132	121	29	77	10	52
118	132	119	29	100	3	82
118	132	116	29	65	11	44
118	132	129	29	62	7	42
118	132	123	29	6	28	2
118	132	117	29	99	12	76
118	133	138	71	39	48	5
118	133	115	71	87	13	59
118	133	121	71	77	26	54
118	133	119	71	100	21	65
118	133	116	71	65	41	20
118	133	129	71	62	33	32
118	133	123	71	6	70	3
118	133	117	71	99	26	59
118	138	115	39	87	5	71
118	138	121	39	77	11	66
118	138	119	39	100	7	78
118	138	116	39	65	5	29
118	138	129	39	62	7	46
118	138	123	39	6	32	4
118	138	117	39	99	6	80
118	115	121	87	77	30	39
118	115	119	87	100	25	55
118	115	116	87	65	55	22
118	115	129	87	62	70	15
118	115	123	87	6	83	0
118	115	117	87	99	25	61
118	121	119	77	100	18	66
118	121	116	77	65	57	22
118	121	129	77	62	67	23
118	121	123	77	6	72	3
118	121	117	77	99	23	67
118	119	116	100	65	64	22
118	119	129	100	62	70	13
118	119	123	100	6	92	2
118	119	117	100	99	28	65
118	116	129	65	62	21	21
118	116	123	65	6	64	2
118	116	117	65	99	24	71
118	129	123	62	6	68	2
118	129	117	62	99	15	72
118	123	117	6	99	2	83
119	123	121	63	78	16	58
119	123	117	63	88	16	64
119	123	118	63	100	17	78
119	123	115	63	90	17	63
119	123	133	63	65	45	20
119	123	116	63	87	14	61
119	121	117	78	88	21	62
119	121	118	78	100	23	58
119	121	115	78	90	29	35
119	121	133	78	65	52	24
119	121	116	78	87	53	32
119	117	118	88	100	21	58
119	117	115	88	90	62	30
119	117	133	88	65	72	24
119	117	116	88	87	65	30
119	118	115	100	90	58	24
119	118	133	100	65	75	8
119	118	116	100	87	61	23
119	115	133	90	65	62	8
119	115	116	90	87	60	25
119	133	116	65	87	17	62
120	130	132	76	91	32	34
120	130	121	76	75	52	23
120	130	137	76	50	62	15
120	132	121	91	75	63	19
120	132	137	91	50	67	7
120	121	137	75	50	48	10
121	129	115	57	89	11	61
121	129	132	57	62	25	28
121	129	120	57	68	20	40
121	129	116	57	72	7	26
121	129	133	57	53	27	14
121	129	118	57	88	15	58
121	129	117	57	93	0	68
121	129	119	57	83	17	58
121	115	132	89	62	65	14
121	115	120	89	68	39	11
121	115	116	89	72	59	23
121	115	133	89	53	78	8
121	115	118	89	88	24	51
121	115	117	89	93	18	61
121	115	119	89	83	26	52
121	132	120	62	68	20	27
121	132	116	62	72	18	26
121	132	133	62	53	30	16
121	132	118	62	88	16	60
121	132	117	62	93	16	59
121	132	119	62	83	10	54
121	120	116	68	72	29	20
121	120	133	68	53	39	11
121	120	118	68	88	11	57
121	120	117	68	93	19	72
121	120	119	68	83	13	58
121	116	133	72	53	35	16
121	116	118	72	88	25	56
121	116	117	72	93	22	68
121	116	119	72	83	30	50
121	133	118	53	88	12	67
121	133	117	53	93	20	60
121	133	119	53	83	17	66
121	118	117	88	93	23	62
121	118	119	88	83	24	23
121	117	119	93	83	53	23
122	136	128	100	100	60	30
122	136	127	100	89	63	31
122	136	116	100	99	67	23
122	136	135	100	26	79	8
122	128	127	100	89	60	22
122	128	116	100	99	62	35
122	128	135	100	26	72	6
122	127	116	89	99	9	20
122	127	135	89	26	66	11
122	116	135	99	26	89	4
123	119	138	71	75	17	22
123	119	117	71	82	28	45
123	119	118	71	9	56	2
123	119	129	71	97	17	75
123	119	133	71	93	26	61
123	119	116	71	8	74	0
123	138	117	75	82	12	60
123	138	118	75	9	70	1
123	138	129	75	97	19	58
123	138	133	75	93	21	57
123	138	116	75	8	68	1
123	117	118	82	9	80	2
123	117	129	82	97	12	62
123	117	133	82	93	49	31
123	117	116	82	8	73	0
123	118	129	9	97	2	86
123	118	133	9	93	2	79
123	118	116	9	8	6	8
123	129	133	97	93	66	25
123	129	116	97	8	88	2
123	133	116	93	8	75	0
124	127	136	100	100	64	27
124	127	135	100	100	69	26
124	127	131	100	98	67	12
124	136	135	100	100	31	40
124	136	131	100	98	35	38
124	135	131	100	98	24	32
126	138	129	99	76	74	25
126	138	133	99	92	66	25
126	138	130	99	51	74	15
126	129	133	76	92	20	48
126	129	130	76	51	57	10
126	133	130	92	51	62	10
127	128	135	30	84	7	71
127	128	122	30	91	11	74
127	128	124	30	100	7	90
127	128	136	30	87	8	74
127	135	122	84	91	23	35
127	135	124	84	100	29	61
127	135	136	84	87	35	19
127	122	124	91	100	9	73
127	122	136	91	87	46	26
127	124	136	100	87	66	20
128	136	122	98	100	23	61
128	136	117	98	75	32	10
128	136	127	98	33	70	8
128	136	116	98	100	22	75
128	136	135	98	96	24	25
128	122	117	100	75	71	14
128	122	127	100	33	74	5
128	122	116	100	100	38	37
128	122	135	100	96	61	26
128	117	127	75	33	53	8
128	117	116	75	100	24	66
128	117	135	75	96	12	34
128	127	116	33	100	2	73
128	127	135	33	96	6	62
128	116	135	100	96	78	15
129	126	135	80	0	86	0
129	126	116	80	84	18	29
129	126	133	80	92	30	34
129	126	123	80	96	10	70
129	126	121	80	53	61	10
129	126	128	80	4	75	3
129	126	118	80	73	48	8
129	126	138	80	67	41	26
129	135	116	0	84	0	82
129	135	133	0	92	0	82
129	135	123	0	96	0	97
129	135	121	0	53	0	64
129	135	128	0	4	0	5
129	135	118	0	73	0	75
129	135	138	0	67	0	78
129	116	133	84	92	53	29
129	116	123	84	96	19	65
129	116	121	84	53	66	14
129	116	128	84	4	88	0
129	116	118	84	73	56	15
129	116	138	84	67	60	10
129	133	123	92	96	26	66
129	133	121	92	53	66	19
129	133	128	92	4	85	0
129	133	118	92	73	39	17
129	133	138	92	67	54	24
129	123	121	96	53	79	7
129	123	128	96	4	93	0
129	123	118	96	73	67	18
129	123	138	96	67	65	20
129	121	128	53	4	55	0
129	121	118	53	73	17	42
129	121	138	53	67	13	21
129	128	118	4	73	1	65
129	128	138	4	67	3	67
129	118	138	73	67	44	30
130	138	126	67	49	49	11
130	138	120	67	79	16	54
130	138	137	67	93	10	72
130	138	132	67	91	13	64
130	126	120	49	79	8	61
130	126	137	49	93	8	78
130	126	132	49	91	5	76
130	120	137	79	93	23	63
130	120	132	79	91	25	49
130	137	132	93	91	66	26
131	136	135	100	100	27	62
131	136	124	100	99	70	26
131	135	124	100	99	63	31
132	120	130	84	89	30	60
132	120	117	84	67	51	16
132	120	137	84	65	46	18
132	120	118	84	41	66	4
132	120	121	84	68	41	19
132	130	117	89	67	63	15
132	130	137	89	65	58	19
132	130	118	89	41	70	4
132	130	121	89	68	64	13
132	117	137	67	65	26	24
132	117	118	67	41	49	9
132	117	121	67	68	44	25
132	137	118	65	41	49	5
132	137	121	65	68	44	18
132	118	121	41	68	11	37
133	123	117	91	75	71	17
133	123	138	91	90	55	24
133	123	118	91	91	59	26
133	123	137	91	89	20	41
133	123	121	91	49	65	14
133	123	119	91	56	59	20
133	123	116	91	84	74	15
133	123	129	91	89	64	22
133	123	126	91	91	50	13
133	123	67	91	27	81	6
133	117	138	75	90	9	71
133	117	118	75	91	23	49
133	117	137	75	89	16	67
133	117	121	75	49	27	15
133	117	119	75	56	18	17
133	117	116	75	84	18	31
133	117	129	75	89	9	41
133	117	126	75	91	6	73
133	117	67	75	27	32	10
133	138	118	90	91	62	26
133	138	137	90	89	23	64
133	138	121	90	49	69	15
133	138	119	90	56	69	14
133	138	116	90	84	68	8
133	138	129	90	89	54	34
133	138	126	90	91	33	26
133	138	67	90	27	64	9
133	118	137	91	89	21	55
133	118	121	91	49	53	14
133	118	119	91	56	41	22
133	118	116	91	84	50	26
133	118	129	91	89	34	35
133	118	126	91	91	18	63
133	118	67	91	27	67	12
133	137	121	89	49	58	12
133	137	119	89	56	65	14
133	137	116	89	84	64	16
133	137	129	89	89	57	27
133	137	126	89	91	60	20
133	137	67	89	27	69	11
133	121	119	49	56	20	18
133	121	116	49	84	16	35
133	121	129	49	89	25	48
133	121	126	49	91	13	67
133	121	67	49	27	31	9
133	119	116	56	84	28	28
133	119	129	56	89	12	49
133	119	126	56	91	11	63
133	119	67	56	27	24	8
133	116	129	84	89	24	32
133	116	126	84	91	11	61
133	116	67	84	27	32	5
133	129	126	89	91	16	65
133	129	67	89	27	59	4
133	126	67	91	27	65	10
135	124	68	97	94	24	12
135	124	131	97	100	35	57
135	124	128	97	95	23	11
135	124	136	97	100	32	65
135	124	122	97	35	79	3
135	124	127	97	85	29	34
135	68	131	94	100	17	61
135	68	128	94	95	14	20
135	68	136	94	100	12	70
135	68	122	94	35	63	6
135	68	127	94	85	21	41
135	131	128	100	95	65	12
135	131	136	100	100	57	30
135	131	122	100	35	80	4
135	131	127	100	85	73	12
135	128	136	95	100	24	59
135	128	122	95	35	52	10
135	128	127	95	85	31	42
135	136	122	100	35	78	11
135	136	127	100	85	55	27
135	122	127	35	85	10	62
136	122	128	96	95	72	26
136	122	124	96	96	76	15
136	122	131	96	100	69	18
136	122	127	96	90	67	23
136	122	135	96	99	71	21
136	128	124	95	96	19	16
136	128	131	95	100	13	70
136	128	127	95	90	42	28
136	128	135	95	99	21	62
136	124	131	96	100	24	63
136	124	127	96	90	32	31
136	124	135	96	99	25	56
136	131	127	100	90	71	14
136	131	135	100	99	66	27
136	127	135	90	99	26	68
138	126	133	97	92	74	16
138	126	130	97	66	71	22
138	126	118	97	43	78	3
138	126	129	97	70	74	17
138	126	123	97	76	78	12
138	133	130	92	66	62	10
138	133	118	92	43	68	20
138	133	129	92	70	59	29
138	133	123	92	76	54	23
138	130	118	66	43	54	12
138	130	129	66	70	51	27
138	130	123	66	76	27	29
138	118	129	43	70	16	27
138	118	123	43	76	10	62
138	129	123	70	76	23	43
