1	20	3	83	85	17	63
1	20	6	83	92	19	62
1	20	80	83	84	18	54
1	20	2	83	75	27	51
1	20	35	83	88	17	60
1	20	22	83	77	21	52
1	20	13	83	76	22	12
1	20	16	83	12	51	3
1	20	37	83	84	8	41
1	20	33	83	69	32	9
1	3	6	85	92	61	30
1	3	80	85	84	61	13
1	3	2	85	75	53	26
1	3	35	85	88	62	18
1	3	22	85	77	60	15
1	3	13	85	76	51	10
1	3	16	85	12	77	1
1	3	37	85	84	62	16
1	3	33	85	69	69	13
1	6	80	92	84	63	25
1	6	2	92	75	70	10
1	6	35	92	88	71	22
1	6	22	92	77	68	23
1	6	13	92	76	60	21
1	6	16	92	12	63	1
1	6	37	92	84	55	23
1	6	33	92	69	76	17
1	80	2	84	75	22	54
1	80	35	84	88	10	63
1	80	22	84	77	17	54
1	80	13	84	76	65	10
1	80	16	84	12	71	2
1	80	37	84	84	15	13
1	80	33	84	69	51	15
1	2	35	75	88	15	19
1	2	22	75	77	9	47
1	2	13	75	76	49	13
1	2	16	75	12	56	9
1	2	37	75	84	49	13
1	2	33	75	69	48	17
1	35	22	88	77	24	39
1	35	13	88	76	59	20
1	35	16	88	12	76	2
1	35	37	88	84	55	23
1	35	33	88	69	43	17
1	22	13	77	76	53	19
1	22	16	77	12	63	7
1	22	37	77	84	53	11
1	22	33	77	69	53	11
1	13	16	76	12	42	5
1	13	37	76	84	17	50
1	13	33	76	69	19	15
1	16	37	12	84	2	75
1	16	33	12	69	6	29
1	37	33	84	69	52	8
2	10	3	89	77	55	22
2	10	1	89	72	59	5
2	10	75	89	82	71	8
2	10	66	89	68	59	13
2	10	12	89	86	24	28
2	10	17	89	75	59	24
2	3	1	77	72	29	13
2	3	75	77	82	18	47
2	3	66	77	68	58	17
2	3	12	77	86	24	46
2	3	17	77	75	49	22
2	1	75	72	82	9	54
2	1	66	72	68	57	12
2	1	12	72	86	12	57
2	1	17	72	75	54	13
2	75	66	82	68	49	16
2	75	12	82	86	18	50
2	75	17	82	75	49	12
2	66	12	68	86	11	55
2	66	17	68	75	11	23
2	12	17	86	75	52	21
3	6	75	71	76	9	24
3	6	17	71	77	8	16
3	6	10	71	89	19	63
3	6	1	71	85	16	71
3	6	12	71	80	50	13
3	6	18	71	70	23	19
3	6	2	71	75	12	57
3	75	17	76	77	16	12
3	75	10	76	89	13	61
3	75	1	76	85	10	57
3	75	12	76	80	59	13
3	75	18	76	70	28	9
3	75	2	76	75	21	39
3	17	10	77	89	27	49
3	17	1	77	85	7	65
3	17	12	77	80	62	18
3	17	18	77	70	24	19
3	17	2	77	75	21	39
3	10	1	89	85	17	65
3	10	12	89	80	53	19
3	10	18	89	70	64	20
3	10	2	89	75	36	14
3	1	12	85	80	69	11
3	1	18	85	70	59	25
3	1	2	85	75	69	17
3	12	18	80	70	22	52
3	12	2	80	75	24	53
3	18	2	70	75	13	47
4	7	13	100	89	71	27
4	7	19	100	1	99	0
4	7	8	100	100	36	58
4	7	67	100	86	26	9
4	13	19	89	1	87	0
4	13	8	89	100	19	55
4	13	67	89	86	19	54
4	19	8	1	100	2	99
4	19	67	1	86	4	87
4	8	67	100	86	63	12
5	13	39	52	99	9	78
5	13	7	52	100	16	74
5	13	8	52	100	7	81
5	13	77	52	87	15	71
5	39	7	99	100	65	13
5	39	8	99	100	57	28
5	39	77	99	87	71	13
5	7	8	100	100	26	68
5	7	77	100	87	51	13
5	8	77	100	87	69	11
6	1	37	92	83	59	23
6	1	16	92	85	58	18
6	1	13	92	81	45	28
6	1	15	92	38	87	8
6	1	7	92	74	62	10
6	1	3	92	75	61	26
6	1	35	92	82	59	27
6	1	18	92	68	68	18
6	1	22	92	77	65	30
6	1	20	92	78	54	23
6	37	16	83	85	14	6
6	37	13	83	81	24	58
6	37	15	83	38	68	4
6	37	7	83	74	60	13
6	37	3	83	75	22	31
6	37	35	83	82	25	50
6	37	18	83	68	31	13
6	37	22	83	77	23	13
6	37	20	83	78	13	13
6	16	13	85	81	11	62
6	16	15	85	38	56	10
6	16	7	85	74	50	13
6	16	3	85	75	28	50
6	16	35	85	82	10	60
6	16	18	85	68	29	18
6	16	22	85	77	22	18
6	16	20	85	78	29	28
6	13	15	81	38	71	3
6	13	7	81	74	57	19
6	13	3	81	75	67	15
6	13	35	81	82	61	19
6	13	18	81	68	57	15
6	13	22	81	77	54	14
6	13	20	81	78	64	13
6	15	7	38	74	6	52
6	15	3	38	75	8	63
6	15	35	38	82	4	71
6	15	18	38	68	16	49
6	15	22	38	77	8	54
6	15	20	38	78	12	63
6	7	3	74	75	10	50
6	7	35	74	82	11	64
6	7	18	74	68	18	43
6	7	22	74	77	17	42
6	7	20	74	78	11	58
6	3	35	75	82	10	33
6	3	18	75	68	12	48
6	3	22	75	77	43	13
6	3	20	75	78	44	21
6	35	18	82	68	50	18
6	35	22	82	77	59	17
6	35	20	82	78	52	7
6	18	22	68	77	26	23
6	18	20	68	78	13	24
6	22	20	77	78	13	23
7	13	6	95	74	72	18
7	13	8	95	76	68	16
7	13	26	95	100	41	17
7	13	19	95	14	78	17
7	13	5	95	100	58	37
7	13	4	95	99	63	29
7	6	8	74	76	21	28
7	6	26	74	100	10	71
7	6	19	74	14	52	23
7	6	5	74	100	12	78
7	6	4	74	99	15	73
7	8	26	76	100	9	71
7	8	19	76	14	29	27
7	8	5	76	100	22	72
7	8	4	76	99	27	71
7	26	19	100	14	81	15
7	26	5	100	100	64	12
7	26	4	100	99	72	13
7	19	5	14	100	19	72
7	19	4	14	99	22	76
7	5	4	100	99	13	56
8	4	13	98	92	64	25
8	4	5	98	99	71	14
8	4	7	98	86	70	19
8	13	5	92	99	34	40
8	13	7	92	86	68	27
8	5	7	99	86	64	26
10	3	18	87	89	47	33
10	3	12	87	97	21	62
10	3	2	87	89	22	44
10	3	22	87	19	72	3
10	3	17	87	84	16	66
10	18	12	89	97	22	57
10	18	2	89	89	9	63
10	18	22	89	19	63	7
10	18	17	89	84	24	53
10	12	2	97	89	70	24
10	12	22	97	19	83	2
10	12	17	97	84	63	24
10	2	22	89	19	79	3
10	2	17	89	84	20	61
10	22	17	19	84	8	69
12	10	18	94	80	68	19
12	10	17	94	91	76	19
12	10	2	94	85	72	21
12	18	17	80	91	20	58
12	18	2	80	85	13	63
12	17	2	91	85	19	54
13	4	18	88	44	64	3
13	4	36	88	66	63	7
13	4	37	88	95	19	65
13	4	19	88	7	87	1
13	4	7	88	96	23	61
13	4	5	88	59	68	9
13	4	1	88	80	63	15
13	4	8	88	92	26	43
13	4	35	88	69	61	16
13	4	6	88	83	25	54
13	4	22	88	27	71	2
13	18	36	44	66	17	28
13	18	37	44	95	4	74
13	18	19	44	7	59	1
13	18	7	44	96	9	77
13	18	5	44	59	12	26
13	18	1	44	80	15	22
13	18	8	44	92	9	74
13	18	35	44	69	20	35
13	18	6	44	83	12	67
13	18	22	44	27	27	14
13	36	37	66	95	23	64
13	36	19	66	7	67	2
13	36	7	66	96	11	70
13	36	5	66	59	28	17
13	36	1	66	80	18	17
13	36	8	66	92	9	62
13	36	35	66	69	19	19
13	36	6	66	83	20	66
13	36	22	66	27	38	8
13	37	19	95	7	75	5
13	37	7	95	96	24	22
13	37	5	95	59	69	10
13	37	1	95	80	71	19
13	37	8	95	92	60	15
13	37	35	95	69	55	30
13	37	6	95	83	61	20
13	37	22	95	27	81	4
13	19	7	7	96	1	94
13	19	5	7	59	1	57
13	19	1	7	80	5	68
13	19	8	7	92	4	92
13	19	35	7	69	3	63
13	19	6	7	83	2	79
13	19	22	7	27	5	26
13	7	5	96	59	70	17
13	7	1	96	80	72	11
13	7	8	96	92	65	28
13	7	35	96	69	75	12
13	7	6	96	83	56	28
13	7	22	96	27	79	2
13	5	1	59	80	15	23
13	5	8	59	92	11	67
13	5	35	59	69	19	17
13	5	6	59	83	11	66
13	5	22	59	27	32	12
13	1	8	80	92	9	64
13	1	35	80	69	26	26
13	1	6	80	83	25	42
13	1	22	80	27	45	4
13	8	35	92	69	67	8
13	8	6	92	83	22	50
13	8	22	92	27	82	2
13	35	6	69	83	20	66
13	35	22	69	27	42	11
13	6	22	83	27	50	6
14	16	21	80	96	4	95
14	16	18	80	73	44	26
14	16	15	80	88	53	19
14	21	18	96	73	22	62
14	21	15	96	88	62	27
14	18	15	73	88	24	23
15	20	14	98	82	72	18
15	20	21	98	100	41	37
15	20	16	98	100	27	63
15	20	18	98	64	72	8
15	20	6	98	30	63	6
15	14	21	82	100	22	69
15	14	16	82	100	18	74
15	14	18	82	64	58	17
15	14	6	82	30	52	7
15	21	16	100	100	23	66
15	21	18	100	64	46	31
15	21	6	100	30	74	5
15	16	18	100	64	75	17
15	16	6	100	30	78	11
15	18	6	64	30	22	6
16	6	21	84	95	10	70
16	6	14	84	81	20	60
16	6	20	84	99	24	57
16	6	15	84	100	21	74
16	6	18	84	58	50	19
16	6	80	84	92	9	71
16	6	1	84	15	66	3
16	21	14	95	81	68	20
16	21	20	95	99	47	26
16	21	15	95	100	21	70
16	21	18	95	58	74	13
16	21	80	95	92	62	13
16	21	1	95	15	86	2
16	14	20	81	99	17	71
16	14	15	81	100	23	62
16	14	18	81	58	58	15
16	14	80	81	92	45	19
16	14	1	81	15	77	5
16	20	15	99	100	27	56
16	20	18	99	58	75	17
16	20	80	99	92	52	13
16	20	1	99	15	78	3
16	15	18	100	58	27	33
16	15	80	100	92	65	13
16	15	1	100	15	82	1
16	18	80	58	92	7	74
16	18	1	58	15	42	10
16	80	1	92	15	81	4
17	18	12	2	80	0	84
17	18	3	2	79	0	76
17	18	10	2	88	0	85
17	18	22	2	79	0	70
17	18	2	2	74	0	74
17	12	3	80	79	61	27
17	12	10	80	88	20	67
17	12	22	80	79	63	8
17	12	2	80	74	47	14
17	3	10	79	88	25	54
17	3	22	79	79	50	14
17	3	2	79	74	54	21
17	10	22	88	79	52	24
17	10	2	88	74	57	21
17	22	2	79	74	12	8
18	16	10	58	87	14	63
18	16	14	58	75	15	49
18	16	22	58	85	16	58
18	16	12	58	75	11	35
18	16	15	58	60	15	26
18	16	21	58	91	3	86
18	16	3	58	80	13	55
18	16	6	58	72	29	33
18	16	17	58	3	24	3
18	10	14	87	75	50	22
18	10	22	87	85	19	54
18	10	12	87	75	45	26
18	10	15	87	60	63	17
18	10	21	87	91	15	59
18	10	3	87	80	53	25
18	10	6	87	72	62	5
18	10	17	87	3	59	3
18	14	22	75	85	11	58
18	14	12	75	75	49	28
18	14	15	75	60	46	23
18	14	21	75	91	23	54
18	14	3	75	80	23	15
18	14	6	75	72	52	13
18	14	17	75	3	58	1
18	22	12	85	75	70	12
18	22	15	85	60	60	10
18	22	21	85	91	50	22
18	22	3	85	80	56	11
18	22	6	85	72	61	20
18	22	17	85	3	67	2
18	12	15	75	60	25	21
18	12	21	75	91	18	68
18	12	3	75	80	18	57
18	12	6	75	72	16	6
18	12	17	75	3	57	0
18	15	21	60	91	17	63
18	15	3	60	80	22	59
18	15	6	60	72	24	27
18	15	17	60	3	43	1
18	21	3	91	80	63	16
18	21	6	91	72	70	12
18	21	17	91	3	81	0
18	3	6	80	72	43	19
18	3	17	80	3	53	0
18	6	17	72	3	53	0
19	7	0	16	0	0	0
20	1	14	76	33	68	3
20	1	15	76	99	12	64
20	1	6	76	86	22	26
20	1	16	76	100	27	72
20	1	21	76	77	18	52
20	14	15	33	99	13	85
20	14	6	33	86	4	63
20	14	16	33	100	8	83
20	14	21	33	77	7	60
20	15	6	99	86	59	21
20	15	16	99	100	54	30
20	15	21	99	77	73	24
20	6	16	86	100	34	63
20	6	21	86	77	11	50
20	16	21	100	77	5	79
21	18	16	88	95	34	38
21	18	14	88	98	26	63
21	18	15	88	100	30	50
21	18	20	88	79	56	21
21	18	22	88	1	89	2
21	16	14	95	98	34	60
21	16	15	95	100	32	50
21	16	20	95	79	61	21
21	16	22	95	1	91	0
21	14	15	98	100	68	23
21	14	20	98	79	61	25
21	14	22	98	1	98	0
21	15	20	100	79	71	22
21	15	22	100	1	100	0
21	20	22	79	1	77	0
22	13	18	31	87	13	63
22	13	17	31	77	3	55
22	13	6	31	74	6	49
22	13	10	31	24	23	5
22	13	1	31	79	7	59
22	18	17	87	77	57	16
22	18	6	87	74	53	23
22	18	10	87	24	79	6
22	18	1	87	79	54	24
22	17	6	77	74	11	12
22	17	10	77	24	61	8
22	17	1	77	79	13	54
22	6	10	74	24	62	7
22	6	1	74	79	11	55
22	10	1	24	79	1	63
24	27	31	91	95	24	61
25	28	35	100	90	65	23
25	28	53	100	87	56	28
25	28	44	100	84	74	13
25	35	53	90	87	11	58
25	35	44	90	84	54	10
25	53	44	87	84	72	15
26	37	7	98	100	13	72
26	37	36	98	83	35	23
26	37	57	98	28	76	6
26	37	39	98	6	90	1
26	7	36	100	83	66	17
26	7	57	100	28	90	3
26	7	39	100	6	96	2
26	36	57	83	28	72	3
26	36	39	83	6	65	1
26	57	39	28	6	24	9
27	52	41	61	89	13	62
27	52	24	61	88	10	65
27	52	42	61	92	20	71
27	52	45	61	74	20	56
27	52	31	61	99	8	79
27	52	40	61	21	58	2
27	41	24	89	88	46	14
27	41	42	89	92	16	55
27	41	45	89	74	28	46
27	41	31	89	99	9	70
27	41	40	89	21	68	4
27	24	42	88	92	9	61
27	24	45	88	74	24	60
27	24	31	88	99	18	61
27	24	40	88	21	78	2
27	42	45	92	74	41	32
27	42	31	92	99	10	19
27	42	40	92	21	86	5
27	45	31	74	99	12	59
27	45	40	74	21	79	5
27	31	40	99	21	92	2
28	25	35	99	77	76	20
28	25	58	99	70	68	14
28	25	53	99	37	90	3
28	25	38	99	78	68	13
28	35	58	77	70	18	40
28	35	53	77	37	57	6
28	35	38	77	78	27	60
28	58	53	70	37	63	6
28	58	38	70	78	15	50
28	53	38	37	78	3	67
30	43	42	87	79	59	17
30	43	38	87	85	22	37
30	43	48	87	100	18	69
30	43	55	87	80	24	38
30	42	38	79	85	10	53
30	42	48	79	100	10	76
30	42	55	79	80	23	58
30	38	48	85	100	24	71
30	38	55	85	80	19	13
30	48	55	100	80	74	18
31	60	24	88	99	13	57
31	60	27	88	96	18	60
31	60	53	88	96	31	50
31	60	25	88	54	70	8
31	60	54	88	85	28	25
31	60	32	88	0	88	0
31	24	27	99	96	30	62
31	24	53	99	96	60	13
31	24	25	99	54	83	8
31	24	54	99	85	61	21
31	24	32	99	0	98	1
31	27	53	96	96	62	13
31	27	25	96	54	74	9
31	27	54	96	85	73	16
31	27	32	96	0	98	0
31	53	25	96	54	73	12
31	53	54	96	85	66	14
31	53	32	96	0	96	0
31	25	54	54	85	5	61
31	25	32	54	0	53	2
31	54	32	85	0	80	0
32	50	34	86	100	28	73
32	50	54	86	94	27	37
32	50	60	86	94	24	34
32	34	54	100	94	52	34
32	34	60	100	94	59	35
32	54	60	94	94	14	27
33	1	6	70	45	31	16
33	1	35	70	86	28	33
33	6	35	45	86	15	40
34	32	54	99	92	69	22
34	32	60	99	99	64	31
34	32	50	99	99	70	27
34	54	60	92	99	23	70
34	54	50	92	99	24	66
34	60	50	99	99	30	32
35	36	13	80	75	49	24
35	36	25	80	88	16	44
35	36	59	80	84	47	21
35	36	6	80	80	21	54
35	36	1	80	85	21	58
35	36	33	80	82	57	21
35	36	22	80	3	83	2
35	36	28	80	75	42	15
35	36	37	80	88	33	29
35	36	38	80	72	55	13
35	13	25	75	88	12	66
35	13	59	75	84	15	23
35	13	6	75	80	17	45
35	13	1	75	85	17	54
35	13	33	75	82	18	26
35	13	22	75	3	63	1
35	13	28	75	75	12	28
35	13	37	75	88	14	26
35	13	38	75	72	23	17
35	25	59	88	84	60	21
35	25	6	88	80	21	28
35	25	1	88	85	20	57
35	25	33	88	82	67	22
35	25	22	88	3	80	0
35	25	28	88	75	55	20
35	25	37	88	88	59	19
35	25	38	88	72	54	14
35	59	6	84	80	17	48
35	59	1	84	85	27	50
35	59	33	84	82	16	18
35	59	22	84	3	78	0
35	59	28	84	75	18	15
35	59	37	84	88	24	25
35	59	38	84	72	28	12
35	6	1	80	85	25	52
35	6	33	80	82	42	29
35	6	22	80	3	88	0
35	6	28	80	75	61	22
35	6	37	80	88	50	30
35	6	38	80	72	58	14
35	1	33	85	82	60	25
35	1	22	85	3	82	1
35	1	28	85	75	56	13
35	1	37	85	88	50	25
35	1	38	85	72	60	18
35	33	22	82	3	82	0
35	33	28	82	75	25	17
35	33	37	82	88	10	25
35	33	38	82	72	30	13
35	22	28	3	75	1	74
35	22	37	3	88	1	78
35	22	38	3	72	0	72
35	28	37	75	88	12	22
35	28	38	75	72	24	15
35	37	38	88	72	47	14
36	25	38	5	86	0	87
36	25	35	5	84	0	78
36	25	39	5	100	0	96
36	25	37	5	75	1	77
36	25	58	5	89	3	84
36	25	13	5	70	2	56
36	25	7	5	10	3	26
36	25	26	5	79	0	84
36	38	35	86	84	61	27
36	38	39	86	100	55	34
36	38	37	86	75	60	19
36	38	58	86	89	43	20
36	38	13	86	70	66	18
36	38	7	86	10	83	4
36	38	26	86	79	53	22
36	35	39	84	100	12	72
36	35	37	84	75	56	26
36	35	58	84	89	7	43
36	35	13	84	70	51	23
36	35	7	84	10	71	4
36	35	26	84	79	14	16
36	39	37	100	75	68	21
36	39	58	100	89	61	18
36	39	13	100	70	70	8
36	39	7	100	10	91	4
36	39	26	100	79	70	18
36	37	58	75	89	16	59
36	37	13	75	70	21	24
36	37	7	75	10	58	1
36	37	26	75	79	19	44
36	58	13	89	70	68	14
36	58	7	89	10	81	1
36	58	26	89	79	51	15
36	13	7	70	10	57	2
36	13	26	70	79	15	62
36	7	26	10	79	3	81
37	38	13	85	93	13	59
37	38	26	85	98	59	24
37	38	36	85	72	61	20
37	38	59	85	77	58	18
37	38	1	85	85	57	24
37	38	6	85	83	64	22
37	38	35	85	82	64	25
37	38	39	85	44	66	15
37	13	26	93	98	67	14
37	13	36	93	72	68	23
37	13	59	93	77	68	15
37	13	1	93	85	64	27
37	13	6	93	83	65	16
37	13	35	93	82	51	34
37	13	39	93	44	71	4
37	26	36	98	72	54	19
37	26	59	98	77	58	7
37	26	1	98	85	27	25
37	26	6	98	83	20	12
37	26	35	98	82	32	14
37	26	39	98	44	75	10
37	36	59	72	77	7	20
37	36	1	72	85	21	48
37	36	6	72	83	11	56
37	36	35	72	82	15	38
37	36	39	72	44	30	10
37	59	1	77	85	22	58
37	59	6	77	83	23	51
37	59	35	77	82	31	27
37	59	39	77	44	39	12
37	1	6	85	83	30	23
37	1	35	85	82	47	30
37	1	39	85	44	68	12
37	6	35	83	82	38	25
37	6	39	83	44	70	9
37	35	39	82	44	67	7
38	43	37	66	86	18	52
38	43	48	66	17	57	6
38	43	36	66	86	12	61
38	43	39	66	86	11	65
38	43	35	66	71	45	20
38	43	28	66	76	12	57
38	43	30	66	89	18	55
38	37	48	86	17	76	3
38	37	36	86	86	19	55
38	37	39	86	86	23	54
38	37	35	86	71	50	22
38	37	28	86	76	24	14
38	37	30	86	89	15	17
38	48	36	17	86	3	84
38	48	39	17	86	3	87
38	48	35	17	71	3	53
38	48	28	17	76	2	74
38	48	30	17	89	5	80
38	36	39	86	86	40	22
38	36	35	86	71	73	18
38	36	28	86	76	62	11
38	36	30	86	89	58	10
38	39	35	86	71	70	9
38	39	28	86	76	58	19
38	39	30	86	89	68	15
38	35	28	71	76	12	54
38	35	30	71	89	11	69
38	28	30	76	89	16	24
39	5	36	98	99	70	15
39	5	37	98	37	74	6
39	5	57	98	100	69	10
39	5	38	98	86	80	16
39	36	37	99	37	71	8
39	36	57	99	100	17	32
39	36	38	99	86	29	61
39	37	57	37	100	7	81
39	37	38	37	86	17	67
39	57	38	100	86	24	46
40	45	46	96	79	74	22
40	45	48	96	87	71	20
40	45	55	96	69	68	18
40	45	42	96	76	66	24
40	45	52	96	100	69	22
40	45	69	96	76	61	20
40	45	60	96	90	66	26
40	45	50	96	69	59	24
40	45	54	96	89	69	25
40	45	41	96	83	50	35
40	45	43	96	66	78	16
40	45	27	96	10	78	4
40	45	47	96	13	89	3
40	46	48	79	87	13	28
40	46	55	79	69	64	12
40	46	42	79	76	31	19
40	46	52	79	100	27	56
40	46	69	79	76	58	5
40	46	60	79	90	25	30
40	46	50	79	69	64	20
40	46	54	79	89	46	27
40	46	41	79	83	25	58
40	46	43	79	66	69	20
40	46	27	79	10	78	0
40	46	47	79	13	83	1
40	48	55	87	69	67	25
40	48	42	87	76	46	22
40	48	52	87	100	23	57
40	48	69	87	76	56	26
40	48	60	87	90	58	12
40	48	50	87	69	55	12
40	48	54	87	89	52	13
40	48	41	87	83	32	18
40	48	43	87	66	56	23
40	48	27	87	10	73	1
40	48	47	87	13	82	2
40	55	42	69	76	25	45
40	55	52	69	100	10	70
40	55	69	69	76	16	40
40	55	60	69	90	9	61
40	55	50	69	69	13	25
40	55	54	69	89	13	70
40	55	41	69	83	15	67
40	55	43	69	66	34	26
40	55	27	69	10	59	3
40	55	47	69	13	58	3
40	42	52	76	100	21	66
40	42	69	76	76	45	33
40	42	60	76	90	11	17
40	42	50	76	69	48	22
40	42	54	76	89	38	25
40	42	41	76	83	27	54
40	42	43	76	66	51	21
40	42	27	76	10	57	3
40	42	47	76	13	67	4
40	52	69	100	76	70	10
40	52	60	100	90	78	18
40	52	50	100	69	66	19
40	52	54	100	89	67	31
40	52	41	100	83	64	21
40	52	43	100	66	73	17
40	52	27	100	10	85	4
40	52	47	100	13	89	4
40	69	60	76	90	5	52
40	69	50	76	69	48	17
40	69	54	76	89	13	46
40	69	41	76	83	14	64
40	69	43	76	66	55	8
40	69	27	76	10	71	3
40	69	47	76	13	72	3
40	60	50	90	69	51	26
40	60	54	90	89	51	17
40	60	41	90	83	19	63
40	60	43	90	66	68	7
40	60	27	90	10	69	2
40	60	47	90	13	78	1
40	50	54	69	89	23	58
40	50	41	69	83	15	67
40	50	43	69	66	38	16
40	50	27	69	10	61	1
40	50	47	69	13	75	1
40	54	41	89	83	27	56
40	54	43	89	66	69	6
40	54	27	89	10	68	0
40	54	47	89	13	80	3
40	41	43	83	66	68	22
40	41	27	83	10	77	3
40	41	47	83	13	69	3
40	43	27	66	10	36	4
40	43	47	66	13	58	4
40	27	47	10	13	13	2
42	55	50	81	68	54	13
42	55	27	81	95	19	64
42	55	43	81	100	23	70
42	55	46	81	85	13	23
42	55	41	81	100	28	63
42	55	44	81	83	37	7
42	55	30	81	84	47	22
42	55	45	81	82	28	52
42	55	47	81	8	73	1
42	55	48	81	99	14	80
42	55	69	81	69	55	18
42	55	52	81	65	63	9
42	55	40	81	62	25	29
42	50	27	68	95	10	65
42	50	43	68	100	22	64
42	50	46	68	85	20	55
42	50	41	68	100	19	65
42	50	44	68	83	11	63
42	50	30	68	84	12	28
42	50	45	68	82	25	53
42	50	47	68	8	66	2
42	50	48	68	99	6	72
42	50	69	68	69	15	20
42	50	52	68	65	23	42
42	50	40	68	62	26	52
42	27	43	95	100	14	67
42	27	46	95	85	57	26
42	27	41	95	100	26	37
42	27	44	95	83	64	13
42	27	30	95	84	65	14
42	27	45	95	82	32	21
42	27	47	95	8	79	3
42	27	48	95	99	16	25
42	27	69	95	69	66	15
42	27	52	95	65	65	14
42	27	40	95	62	53	27
42	43	46	100	85	67	26
42	43	41	100	100	77	25
42	43	44	100	83	71	18
42	43	30	100	84	74	19
42	43	45	100	82	61	24
42	43	47	100	8	96	3
42	43	48	100	99	57	29
42	43	69	100	69	66	15
42	43	52	100	65	68	26
42	43	40	100	62	61	18
42	46	41	85	100	16	65
42	46	44	85	83	44	13
42	46	30	85	84	63	8
42	46	45	85	82	21	61
42	46	47	85	8	81	4
42	46	48	85	99	14	69
42	46	69	85	69	56	6
42	46	52	85	65	56	16
42	46	40	85	62	26	19
42	41	44	100	83	67	28
42	41	30	100	84	57	20
42	41	45	100	82	37	24
42	41	47	100	8	92	2
42	41	48	100	99	15	37
42	41	69	100	69	74	14
42	41	52	100	65	74	16
42	41	40	100	62	57	26
42	44	30	83	84	62	18
42	44	45	83	82	12	54
42	44	47	83	8	81	0
42	44	48	83	99	17	77
42	44	69	83	69	65	19
42	44	52	83	65	31	15
42	44	40	83	62	16	39
42	30	45	84	82	22	57
42	30	47	84	8	75	2
42	30	48	84	99	26	66
42	30	69	84	69	18	10
42	30	52	84	65	25	44
42	30	40	84	62	18	60
42	45	47	82	8	77	2
42	45	48	82	99	27	32
42	45	69	82	69	56	24
42	45	52	82	65	62	18
42	45	40	82	62	43	30
42	47	48	8	99	0	90
42	47	69	8	69	2	67
42	47	52	8	65	8	52
42	47	40	8	62	2	69
42	48	69	99	69	63	23
42	48	52	99	65	70	16
42	48	40	99	62	63	23
42	69	52	69	65	19	31
42	69	40	69	62	25	54
42	52	40	65	62	18	48
43	42	55	99	91	65	29
43	42	44	99	70	69	18
43	42	45	99	76	57	21
43	42	46	99	65	67	18
43	42	78	99	77	61	12
43	42	52	99	47	72	23
43	42	50	99	14	93	3
43	42	41	99	83	75	18
43	42	38	99	71	72	8
43	42	48	99	100	27	54
43	42	40	99	61	70	12
43	42	30	99	84	80	16
43	55	44	91	70	66	14
43	55	45	91	76	62	21
43	55	46	91	65	64	9
43	55	78	91	77	58	28
43	55	52	91	47	65	11
43	55	50	91	14	86	0
43	55	41	91	83	67	19
43	55	38	91	71	61	7
43	55	48	91	100	24	62
43	55	40	91	61	55	19
43	55	30	91	84	68	21
43	44	45	70	76	9	55
43	44	46	70	65	10	42
43	44	78	70	77	14	62
43	44	52	70	47	21	44
43	44	50	70	14	61	2
43	44	41	70	83	20	60
43	44	38	70	71	23	46
43	44	48	70	100	9	72
43	44	40	70	61	10	27
43	44	30	70	84	10	66
43	45	46	76	65	46	19
43	45	78	76	77	43	28
43	45	52	76	47	30	19
43	45	50	76	14	71	0
43	45	41	76	83	23	44
43	45	38	76	71	37	12
43	45	48	76	100	29	63
43	45	40	76	61	50	19
43	45	30	76	84	9	21
43	46	78	65	77	14	24
43	46	52	65	47	28	41
43	46	50	65	14	66	5
43	46	41	65	83	14	56
43	46	38	65	71	11	41
43	46	48	65	100	9	74
43	46	40	65	61	24	22
43	46	30	65	84	8	64
43	78	52	77	47	30	23
43	78	50	77	14	70	0
43	78	41	77	83	17	59
43	78	38	77	71	21	20
43	78	48	77	100	23	52
43	78	40	77	61	39	5
43	78	30	77	84	15	47
43	52	50	47	14	51	2
43	52	41	47	83	19	64
43	52	38	47	71	10	17
43	52	48	47	100	11	71
43	52	40	47	61	34	28
43	52	30	47	84	8	32
43	50	41	14	83	5	72
43	50	38	14	71	2	62
43	50	48	14	100	0	92
43	50	40	14	61	2	48
43	50	30	14	84	2	76
43	41	38	83	71	63	7
43	41	48	83	100	12	73
43	41	40	83	61	57	14
43	41	30	83	84	43	18
43	38	48	71	100	22	61
43	38	40	71	61	50	10
43	38	30	71	84	18	41
43	48	40	100	61	74	18
43	48	30	100	84	59	28
43	40	30	61	84	11	55
44	43	42	72	90	15	68
44	43	52	72	0	69	0
44	43	41	72	81	18	34
44	43	25	72	84	7	23
44	43	38	72	85	17	47
44	42	52	90	0	84	0
44	42	41	90	81	51	24
44	42	25	90	84	53	14
44	42	38	90	85	45	14
44	52	41	0	81	0	84
44	52	25	0	84	0	85
44	52	38	0	85	0	90
44	41	25	81	84	19	17
44	41	38	81	85	14	63
44	25	38	84	85	16	51
45	43	69	69	74	48	21
45	43	47	69	88	39	27
45	43	27	69	79	10	54
45	43	52	69	100	18	68
45	43	42	69	89	23	48
45	43	40	69	100	23	68
45	43	46	69	100	20	63
45	43	50	69	66	48	28
45	43	48	69	80	50	20
45	43	60	69	0	75	0
45	43	41	69	100	30	54
45	43	54	69	83	37	28
45	43	55	69	58	49	12
45	69	47	74	88	11	21
45	69	27	74	79	18	58
45	69	52	74	100	10	69
45	69	42	74	89	25	66
45	69	40	74	100	20	71
45	69	46	74	100	15	73
45	69	50	74	66	20	24
45	69	48	74	80	43	30
45	69	60	74	0	73	0
45	69	41	74	100	14	60
45	69	54	74	83	9	33
45	69	55	74	58	34	16
45	47	27	88	79	14	51
45	47	52	88	100	28	60
45	47	42	88	89	23	58
45	47	40	88	100	23	61
45	47	46	88	100	30	57
45	47	50	88	66	30	28
45	47	48	88	80	43	11
45	47	60	88	0	84	2
45	47	41	88	100	27	65
45	47	54	88	83	18	34
45	47	55	88	58	42	6
45	27	52	79	100	24	61
45	27	42	79	89	20	50
45	27	40	79	100	27	79
45	27	46	79	100	10	79
45	27	50	79	66	63	16
45	27	48	79	80	57	7
45	27	60	79	0	76	0
45	27	41	79	100	17	65
45	27	54	79	83	53	21
45	27	55	79	58	65	9
45	52	42	100	89	73	18
45	52	40	100	100	23	63
45	52	46	100	100	51	28
45	52	50	100	66	67	18
45	52	48	100	80	82	10
45	52	60	100	0	99	2
45	52	41	100	100	34	65
45	52	54	100	83	76	20
45	52	55	100	58	80	15
45	42	40	89	100	23	50
45	42	46	89	100	20	62
45	42	50	89	66	58	18
45	42	48	89	80	48	26
45	42	60	89	0	83	0
45	42	41	89	100	19	72
45	42	54	89	83	58	19
45	42	55	89	58	62	12
45	40	46	100	100	64	23
45	40	50	100	66	67	20
45	40	48	100	80	64	20
45	40	60	100	0	97	0
45	40	41	100	100	33	39
45	40	54	100	83	51	31
45	40	55	100	58	70	21
45	46	50	100	66	67	19
45	46	48	100	80	74	13
45	46	60	100	0	99	0
45	46	41	100	100	25	57
45	46	54	100	83	66	24
45	46	55	100	58	79	10
45	50	48	66	80	54	11
45	50	60	66	0	77	0
45	50	41	66	100	18	65
45	50	54	66	83	25	39
45	50	55	66	58	42	10
45	48	60	80	0	83	0
45	48	41	80	100	19	70
45	48	54	80	83	15	61
45	48	55	80	58	30	22
45	60	41	0	100	0	100
45	60	54	0	83	0	71
45	60	55	0	58	0	56
45	41	54	100	83	65	21
45	41	55	100	58	74	13
45	54	55	83	58	58	12
46	45	47	93	100	27	36
46	45	52	93	100	30	69
46	45	60	93	91	70	21
46	45	41	93	100	54	36
46	45	54	93	71	58	25
46	45	42	93	87	64	27
46	45	43	93	70	80	16
46	45	40	93	89	58	28
46	45	50	93	90	59	26
46	47	52	100	100	18	58
46	47	60	100	91	70	13
46	47	41	100	100	77	22
46	47	54	100	71	64	17
46	47	42	100	87	71	19
46	47	43	100	70	75	12
46	47	40	100	89	65	29
46	47	50	100	90	60	19
46	52	60	100	91	68	15
46	52	41	100	100	56	29
46	52	54	100	71	75	14
46	52	42	100	87	70	21
46	52	43	100	70	65	16
46	52	40	100	89	68	28
46	52	50	100	90	57	30
46	60	41	91	100	25	59
46	60	54	91	71	58	14
46	60	42	91	87	17	60
46	60	43	91	70	29	14
46	60	40	91	89	31	62
46	60	50	91	90	26	56
46	41	54	100	71	74	19
46	41	42	100	87	68	26
46	41	43	100	70	67	16
46	41	40	100	89	59	33
46	41	50	100	90	56	26
46	54	42	71	87	15	63
46	54	43	71	70	18	24
46	54	40	71	89	25	54
46	54	50	71	90	16	68
46	42	43	87	70	63	23
46	42	40	87	89	21	37
46	42	50	87	90	57	30
46	43	40	70	89	24	65
46	43	50	70	90	18	54
46	40	50	89	90	52	24
47	54	46	78	100	19	61
47	54	52	78	92	21	55
47	54	40	78	3	52	1
47	54	45	78	88	18	41
47	54	50	78	43	29	16
47	46	52	100	92	67	27
47	46	40	100	3	91	0
47	46	45	100	88	60	38
47	46	50	100	43	72	9
47	52	40	92	3	81	1
47	52	45	92	88	52	24
47	52	50	92	43	60	12
47	40	45	3	88	2	75
47	40	50	3	43	1	31
47	45	50	88	43	65	12
48	52	43	58	100	19	68
48	52	69	58	89	10	62
48	52	55	58	100	12	80
48	52	38	58	21	32	2
48	52	30	58	100	12	81
48	52	40	58	89	23	62
48	52	57	58	91	8	33
48	52	42	58	98	22	57
48	52	45	58	66	15	27
48	52	78	58	100	6	74
48	52	83	58	84	12	40
48	43	69	100	89	64	14
48	43	55	100	100	33	35
48	43	38	100	21	77	5
48	43	30	100	100	65	30
48	43	40	100	89	67	27
48	43	57	100	91	63	13
48	43	42	100	98	59	24
48	43	45	100	66	58	13
48	43	78	100	100	63	29
48	43	83	100	84	72	15
48	69	55	89	100	30	63
48	69	38	89	21	79	0
48	69	30	89	100	11	67
48	69	40	89	89	27	66
48	69	57	89	91	54	26
48	69	42	89	98	23	65
48	69	45	89	66	68	22
48	69	78	89	100	25	74
48	69	83	89	84	54	21
48	55	38	100	21	82	2
48	55	30	100	100	49	35
48	55	40	100	89	67	26
48	55	57	100	91	72	20
48	55	42	100	98	62	20
48	55	45	100	66	69	16
48	55	78	100	100	70	19
48	55	83	100	84	59	30
48	38	30	21	100	5	71
48	38	40	21	89	3	79
48	38	57	21	91	4	57
48	38	42	21	98	2	86
48	38	45	21	66	3	57
48	38	78	21	100	1	88
48	38	83	21	84	7	68
48	30	40	100	89	30	9
48	30	57	100	91	67	12
48	30	42	100	98	27	64
48	30	45	100	66	72	10
48	30	78	100	100	8	19
48	30	83	100	84	74	9
48	40	57	89	91	60	22
48	40	42	89	98	28	56
48	40	45	89	66	53	26
48	40	78	89	100	11	41
48	40	83	89	84	62	25
48	57	42	91	98	12	69
48	57	45	91	66	29	20
48	57	78	91	100	9	71
48	57	83	91	84	17	5
48	42	45	98	66	64	21
48	42	78	98	100	63	20
48	42	83	98	84	78	16
48	45	78	66	100	10	83
48	45	83	66	84	16	24
48	78	83	100	84	70	16
50	52	46	66	94	24	60
50	52	60	66	100	15	74
50	52	41	66	91	16	64
50	52	40	66	82	23	38
50	52	59	66	86	19	27
50	52	32	66	91	11	40
50	52	42	66	72	22	24
50	52	47	66	49	36	16
50	52	34	66	97	11	79
50	52	45	66	81	20	41
50	52	54	66	100	21	64
50	52	43	66	8	38	3
50	46	60	94	100	30	60
50	46	41	94	91	33	48
50	46	40	94	82	46	16
50	46	59	94	86	58	13
50	46	32	94	91	40	18
50	46	42	94	72	59	19
50	46	47	94	49	59	14
50	46	34	94	97	20	28
50	46	45	94	81	50	14
50	46	54	94	100	30	67
50	46	43	94	8	74	1
50	60	41	100	91	67	23
50	60	40	100	82	77	16
50	60	59	100	86	68	22
50	60	32	100	91	62	23
50	60	42	100	72	70	6
50	60	47	100	49	80	3
50	60	34	100	97	64	33
50	60	45	100	81	56	24
50	60	54	100	100	16	70
50	60	43	100	8	83	3
50	41	40	91	82	60	22
50	41	59	91	86	48	15
50	41	32	91	91	62	15
50	41	42	91	72	55	20
50	41	47	91	49	73	11
50	41	34	91	97	28	34
50	41	45	91	81	58	28
50	41	54	91	100	25	64
50	41	43	91	8	64	5
50	40	59	82	86	34	25
50	40	32	82	91	11	23
50	40	42	82	72	41	7
50	40	47	82	49	63	9
50	40	34	82	97	9	67
50	40	45	82	81	21	23
50	40	54	82	100	20	74
50	40	43	82	8	69	7
50	59	32	86	91	12	35
50	59	42	86	72	26	12
50	59	47	86	49	48	12
50	59	34	86	97	14	58
50	59	45	86	81	20	54
50	59	54	86	100	26	58
50	59	43	86	8	60	0
50	32	42	91	72	51	9
50	32	47	91	49	63	11
50	32	34	91	97	27	60
50	32	45	91	81	28	17
50	32	54	91	100	25	58
50	32	43	91	8	82	1
50	42	47	72	49	42	14
50	42	34	72	97	5	70
50	42	45	72	81	17	51
50	42	54	72	100	10	72
50	42	43	72	8	51	6
50	47	34	49	97	9	83
50	47	45	49	81	11	57
50	47	54	49	100	13	78
50	47	43	49	8	24	7
50	34	45	97	81	63	8
50	34	54	97	100	21	65
50	34	43	97	8	89	4
50	45	54	81	100	27	63
50	45	43	81	8	67	2
50	54	43	100	8	86	1
52	47	45	77	100	26	70
52	47	50	77	70	56	23
52	47	40	77	100	20	73
52	47	54	77	100	21	63
52	47	43	77	66	53	10
52	47	41	77	100	19	63
52	47	42	77	74	60	20
52	47	27	77	62	63	9
52	47	46	77	100	29	68
52	47	59	77	61	65	11
52	45	50	100	70	77	14
52	45	40	100	100	53	28
52	45	54	100	100	72	25
52	45	43	100	66	68	15
52	45	41	100	100	26	62
52	45	42	100	74	62	26
52	45	27	100	62	76	18
52	45	46	100	100	23	54
52	45	59	100	61	60	8
52	50	40	70	100	24	62
52	50	54	70	100	18	78
52	50	43	70	66	21	45
52	50	41	70	100	17	79
52	50	42	70	74	22	46
52	50	27	70	62	21	8
52	50	46	70	100	17	75
52	50	59	70	61	26	28
52	40	54	100	100	66	25
52	40	43	100	66	69	20
52	40	41	100	100	29	67
52	40	42	100	74	57	29
52	40	27	100	62	74	21
52	40	46	100	100	28	61
52	40	59	100	61	69	11
52	54	43	100	66	71	13
52	54	41	100	100	25	77
52	54	42	100	74	71	12
52	54	27	100	62	69	9
52	54	46	100	100	23	59
52	54	59	100	61	65	23
52	43	41	66	100	15	68
52	43	42	66	74	18	28
52	43	27	66	62	45	19
52	43	46	66	100	17	62
52	43	59	66	61	40	31
52	41	42	100	74	64	18
52	41	27	100	62	67	12
52	41	46	100	100	20	69
52	41	59	100	61	75	13
52	42	27	74	62	51	18
52	42	46	74	100	19	66
52	42	59	74	61	57	25
52	27	46	62	100	11	69
52	27	59	62	61	15	24
52	46	59	100	61	63	15
53	28	59	50	96	7	78
53	28	58	50	100	15	75
53	28	31	50	86	8	69
53	28	25	50	81	8	65
53	28	60	50	24	15	14
53	59	58	96	100	19	66
53	59	31	96	86	22	65
53	59	25	96	81	26	55
53	59	60	96	24	80	4
53	58	31	100	86	83	9
53	58	25	100	81	74	13
53	58	60	100	24	85	3
53	31	25	86	81	25	52
53	31	60	86	24	64	10
53	25	60	81	24	71	4
54	52	46	96	63	90	3
54	52	40	96	91	76	16
54	52	47	96	77	70	29
54	52	31	96	89	66	16
54	52	59	96	100	63	19
54	52	32	96	96	66	13
54	52	50	96	100	40	52
54	52	41	96	94	59	30
54	52	45	96	85	67	25
54	52	34	96	92	78	19
54	46	40	63	91	23	57
54	46	47	63	77	26	25
54	46	31	63	89	6	69
54	46	59	63	100	15	70
54	46	32	63	96	8	57
54	46	50	63	100	16	69
54	46	41	63	94	16	63
54	46	45	63	85	20	57
54	46	34	63	92	13	61
54	40	47	91	77	58	15
54	40	31	91	89	46	15
54	40	59	91	100	12	35
54	40	32	91	96	44	18
54	40	50	91	100	25	68
54	40	41	91	94	21	41
54	40	45	91	85	32	22
54	40	34	91	92	47	22
54	47	31	77	89	21	55
54	47	59	77	100	16	68
54	47	32	77	96	15	63
54	47	50	77	100	25	65
54	47	41	77	94	30	50
54	47	45	77	85	20	41
54	47	34	77	92	13	54
54	31	59	89	100	12	58
54	31	32	89	96	16	32
54	31	50	89	100	16	75
54	31	41	89	94	13	59
54	31	45	89	85	22	23
54	31	34	89	92	15	20
54	59	32	100	96	62	6
54	59	50	100	100	28	53
54	59	41	100	94	24	27
54	59	45	100	85	47	13
54	59	34	100	92	72	18
54	32	50	96	100	31	58
54	32	41	96	94	17	55
54	32	45	96	85	19	22
54	32	34	96	92	26	34
54	50	41	100	94	69	36
54	50	45	100	85	67	16
54	50	34	100	92	70	26
54	41	45	94	85	42	33
54	41	34	94	92	62	17
54	45	34	85	92	16	24
55	78	57	75	100	13	73
55	78	40	75	74	21	8
55	78	42	75	83	21	47
55	78	45	75	62	27	14
55	78	69	75	89	28	58
55	78	43	75	87	18	65
55	78	48	75	100	24	57
55	78	30	75	79	13	46
55	57	40	100	74	70	12
55	57	42	100	83	77	11
55	57	45	100	62	69	7
55	57	69	100	89	39	12
55	57	43	100	87	69	16
55	57	48	100	100	36	62
55	57	30	100	79	66	18
55	40	42	74	83	17	51
55	40	45	74	62	22	21
55	40	69	74	89	16	72
55	40	43	74	87	25	48
55	40	48	74	100	18	57
55	40	30	74	79	12	36
55	42	45	83	62	38	20
55	42	69	83	89	22	66
55	42	43	83	87	21	55
55	42	48	83	100	25	68
55	42	30	83	79	25	24
55	45	69	62	89	21	71
55	45	43	62	87	20	61
55	45	48	62	100	15	72
55	45	30	62	79	10	64
55	69	43	89	87	57	19
55	69	48	89	100	23	68
55	69	30	89	79	63	21
55	43	48	87	100	29	62
55	43	30	87	79	60	26
55	48	30	100	79	75	16
57	26	48	24	84	10	69
57	26	39	24	100	9	67
57	26	55	24	99	4	79
57	48	39	84	100	10	73
57	48	55	84	99	20	62
57	39	55	100	99	18	69
58	28	53	85	100	21	73
58	28	36	85	93	16	56
58	53	36	100	93	66	12
59	35	52	75	85	21	19
59	35	50	75	85	10	30
59	35	54	75	99	16	67
59	35	80	75	97	10	63
59	35	60	75	99	14	74
59	35	53	75	100	14	76
59	35	37	75	87	25	29
59	52	50	85	85	22	29
59	52	54	85	99	14	57
59	52	80	85	97	9	72
59	52	60	85	99	14	71
59	52	53	85	100	15	69
59	52	37	85	87	19	31
59	50	54	85	99	17	77
59	50	80	85	97	15	69
59	50	60	85	99	23	64
59	50	53	85	100	16	70
59	50	37	85	87	28	20
59	54	80	99	97	12	65
59	54	60	99	99	46	11
59	54	53	99	100	41	16
59	54	37	99	87	69	14
59	80	60	97	99	53	20
59	80	53	97	100	58	18
59	80	37	97	87	74	10
59	60	53	99	100	30	32
59	60	37	99	87	71	17
59	53	37	100	87	73	11
60	32	40	95	89	20	66
60	32	31	95	86	39	36
60	32	34	95	100	19	60
60	32	41	95	79	79	11
60	32	59	95	97	33	16
60	32	45	95	18	97	0
60	32	53	95	40	86	4
60	32	46	95	95	25	14
60	32	50	95	99	28	65
60	40	31	89	86	67	23
60	40	34	89	100	52	25
60	40	41	89	79	54	15
60	40	59	89	97	60	28
60	40	45	89	18	84	0
60	40	53	89	40	72	6
60	40	46	89	95	58	21
60	40	50	89	99	23	68
60	31	34	86	100	14	30
60	31	41	86	79	56	15
60	31	59	86	97	20	29
60	31	45	86	18	90	0
60	31	53	86	40	72	5
60	31	46	86	95	58	22
60	31	50	86	99	9	73
60	34	41	100	79	76	9
60	34	59	100	97	38	18
60	34	45	100	18	98	0
60	34	53	100	40	91	5
60	34	46	100	95	73	17
60	34	50	100	99	34	62
60	41	59	79	97	14	73
60	41	45	79	18	70	0
60	41	53	79	40	52	5
60	41	46	79	95	24	59
60	41	50	79	99	29	58
60	59	45	97	18	98	0
60	59	53	97	40	74	4
60	59	46	97	95	37	13
60	59	50	97	99	33	55
60	45	53	18	40	0	17
60	45	46	18	95	0	92
60	45	50	18	99	0	94
60	53	46	40	95	2	79
60	53	50	40	99	4	89
60	46	50	95	99	31	57
63	73	84	79	46	56	13
63	73	65	79	75	24	57
63	73	69	79	86	28	50
63	73	83	79	100	24	64
63	73	68	79	93	13	63
63	73	82	79	76	25	46
63	84	65	46	75	12	64
63	84	69	46	86	11	54
63	84	83	46	100	12	81
63	84	68	46	93	6	78
63	84	82	46	76	10	53
63	65	69	75	86	49	19
63	65	83	75	100	24	66
63	65	68	75	93	9	70
63	65	82	75	76	30	15
63	69	83	86	100	25	57
63	69	68	86	93	21	73
63	69	82	86	76	18	50
63	83	68	100	93	63	19
63	83	82	100	76	68	25
63	68	82	93	76	65	19
65	84	69	78	83	50	28
65	84	123	78	79	58	10
65	84	83	78	77	54	24
65	84	82	78	87	21	66
65	84	66	78	12	61	22
65	84	67	78	78	57	19
65	84	63	78	78	45	31
65	84	126	78	1	73	0
65	84	73	78	18	67	5
65	84	129	78	69	56	16
65	69	123	83	79	18	40
65	69	83	83	77	16	42
65	69	82	83	87	25	58
65	69	66	83	12	35	17
65	69	67	83	78	17	26
65	69	63	83	78	19	49
65	69	126	83	1	79	0
65	69	73	83	18	61	10
65	69	129	83	69	56	15
65	123	83	79	77	17	53
65	123	82	79	87	17	55
65	123	66	79	12	49	10
65	123	67	79	78	23	53
65	123	63	79	78	12	61
65	123	126	79	1	72	0
65	123	73	79	18	68	5
65	123	129	79	69	50	19
65	83	82	77	87	18	67
65	83	66	77	12	52	21
65	83	67	77	78	47	14
65	83	63	77	78	16	29
65	83	126	77	1	80	0
65	83	73	77	18	59	3
65	83	129	77	69	56	12
65	82	66	87	12	73	8
65	82	67	87	78	65	17
65	82	63	87	78	69	17
65	82	126	87	1	89	0
65	82	73	87	18	78	2
65	82	129	87	69	51	26
65	66	67	12	78	9	59
65	66	63	12	78	15	62
65	66	126	12	1	67	0
65	66	73	12	18	49	9
65	66	129	12	69	23	19
65	67	63	78	78	20	53
65	67	126	78	1	72	0
65	67	73	78	18	67	1
65	67	129	78	69	56	15
65	63	126	78	1	80	0
65	63	73	78	18	56	7
65	63	129	78	69	58	14
65	126	73	1	18	0	15
65	126	129	1	69	0	72
65	73	129	18	69	4	51
66	84	73	83	0	68	6
66	84	2	83	65	58	14
66	84	65	83	71	48	21
66	84	83	83	64	51	22
66	84	115	83	52	59	15
66	84	75	83	93	19	48
66	84	82	83	0	49	22
66	73	2	0	65	0	54
66	73	65	0	71	0	24
66	73	83	0	64	2	60
66	73	115	0	52	2	49
66	73	75	0	93	0	89
66	73	82	0	0	0	64
66	2	65	65	71	59	2
66	2	83	65	64	17	16
66	2	115	65	52	26	15
66	2	75	65	93	16	59
66	2	82	65	0	31	39
66	65	83	71	64	0	65
66	65	115	71	52	4	49
66	65	75	71	93	3	85
66	65	82	71	0	1	51
66	83	115	64	52	19	8
66	83	75	64	93	10	62
66	83	82	64	0	22	39
66	115	75	52	93	12	65
66	115	82	52	0	19	39
66	75	82	93	0	69	13
67	65	133	76	90	17	21
67	65	4	76	92	14	18
67	65	123	76	47	54	13
67	65	82	76	10	70	3
67	133	4	90	92	16	46
67	133	123	90	47	65	17
67	133	82	90	10	84	2
67	4	123	92	47	70	10
67	4	82	92	10	84	0
67	123	82	47	10	42	6
68	82	63	87	94	26	59
68	82	135	87	100	11	30
68	82	136	87	29	76	9
68	63	135	94	100	57	26
68	63	136	94	29	75	6
68	135	136	100	29	67	6
69	48	78	86	75	48	21
69	48	45	86	78	54	17
69	48	63	86	79	40	13
69	48	83	86	75	26	51
69	48	73	86	82	61	8
69	48	77	86	74	62	10
69	48	82	86	76	20	54
69	48	65	86	81	64	11
69	48	55	86	88	21	63
69	48	42	86	69	65	20
69	48	40	86	74	50	15
69	48	84	86	67	65	18
69	78	45	75	78	20	39
69	78	63	75	79	12	59
69	78	83	75	75	14	57
69	78	73	75	82	11	32
69	78	77	75	74	8	21
69	78	82	75	76	13	56
69	78	65	75	81	9	53
69	78	55	75	88	20	62
69	78	42	75	69	28	32
69	78	40	75	74	19	61
69	78	84	75	67	16	34
69	45	63	78	79	20	50
69	45	83	78	75	15	58
69	45	73	78	82	27	22
69	45	77	78	74	26	19
69	45	82	78	76	20	60
69	45	65	78	81	20	35
69	45	55	78	88	23	65
69	45	42	78	69	32	22
69	45	40	78	74	23	44
69	45	84	78	67	28	18
69	63	83	79	75	19	53
69	63	73	79	82	57	32
69	63	77	79	74	54	17
69	63	82	79	76	25	47
69	63	65	79	81	28	18
69	63	55	79	88	11	72
69	63	42	79	69	52	14
69	63	40	79	74	19	17
69	63	84	79	67	52	16
69	83	73	75	82	44	30
69	83	77	75	74	55	17
69	83	82	75	76	19	40
69	83	65	75	81	57	22
69	83	55	75	88	22	72
69	83	42	75	69	58	10
69	83	40	75	74	52	25
69	83	84	75	67	53	22
69	73	77	82	74	18	17
69	73	82	82	76	18	59
69	73	65	82	81	32	48
69	73	55	82	88	10	58
69	73	42	82	69	28	19
69	73	40	82	74	23	50
69	73	84	82	67	24	22
69	77	82	74	76	9	46
69	77	65	74	81	19	40
69	77	55	74	88	13	63
69	77	42	74	69	20	18
69	77	40	74	74	18	54
69	77	84	74	67	25	14
69	82	65	76	81	47	23
69	82	55	76	88	19	65
69	82	42	76	69	54	6
69	82	40	76	74	60	14
69	82	84	76	67	53	14
69	65	55	81	88	9	60
69	65	42	81	69	39	10
69	65	40	81	74	19	35
69	65	84	81	67	42	15
69	55	42	88	69	65	22
69	55	40	88	74	62	17
69	55	84	88	67	71	9
69	42	40	69	74	14	53
69	42	84	69	67	25	17
69	40	84	74	67	49	25
70	74	85	52	100	12	76
70	74	76	52	99	19	68
70	85	76	100	99	64	29
71	72	85	68	100	11	72
71	72	74	68	60	23	26
71	72	84	68	89	22	60
71	72	73	68	95	20	67
71	85	74	100	60	59	18
71	85	84	100	89	70	14
71	85	73	100	95	30	50
71	74	84	60	89	19	67
71	74	73	60	95	9	72
71	84	73	89	95	21	62
72	73	84	82	68	67	15
72	73	79	82	100	21	77
72	73	71	82	68	52	17
72	84	79	68	100	11	79
72	84	71	68	68	23	26
72	79	71	100	68	79	16
73	63	84	78	78	23	50
73	63	83	78	88	22	27
73	63	80	78	57	66	12
73	63	69	78	80	34	17
73	63	71	78	92	11	62
73	63	79	78	88	15	34
73	63	72	78	83	11	52
73	63	65	78	27	73	1
73	84	83	78	88	55	20
73	84	80	78	57	58	10
73	84	69	78	80	42	28
73	84	71	78	92	18	66
73	84	79	78	88	40	21
73	84	72	78	83	30	23
73	84	65	78	27	78	0
73	83	80	88	57	55	11
73	83	69	88	80	29	24
73	83	71	88	92	11	68
73	83	79	88	88	10	32
73	83	72	88	83	21	57
73	83	65	88	27	59	10
73	80	69	57	80	10	42
73	80	71	57	92	7	71
73	80	79	57	88	7	67
73	80	72	57	83	7	66
73	80	65	57	27	32	13
73	69	71	80	92	10	63
73	69	79	80	88	13	48
73	69	72	80	83	12	59
73	69	65	80	27	65	3
73	71	79	92	88	53	7
73	71	72	92	83	66	27
73	71	65	92	27	77	6
73	79	72	88	83	22	45
73	79	65	88	27	77	5
73	72	65	83	27	74	3
74	76	70	90	59	61	18
74	76	71	90	61	82	12
74	76	124	90	88	65	12
74	70	71	59	61	23	24
74	70	124	59	88	9	63
74	71	124	61	88	9	68
75	3	2	77	78	20	50
75	3	66	77	91	10	55
75	2	66	78	91	24	63
76	85	74	97	88	29	49
76	85	70	97	99	25	71
76	74	70	88	99	28	31
77	69	5	77	88	10	25
78	43	55	77	74	24	21
78	43	48	77	98	25	69
78	43	69	77	78	50	13
78	55	48	74	98	22	70
78	55	69	74	78	40	22
78	48	69	98	78	59	22
79	73	72	87	99	24	63
80	1	59	83	97	10	75
80	1	16	83	92	17	70
80	1	73	83	59	53	9
80	1	15	83	6	77	1
80	1	67	83	17	79	5
80	59	16	97	92	40	12
80	59	73	97	59	84	8
80	59	15	97	6	91	1
80	59	67	97	17	87	0
80	16	73	92	59	71	10
80	16	15	92	6	79	1
80	16	67	92	17	85	2
80	73	15	59	6	40	1
80	73	67	59	17	30	2
80	15	67	6	17	0	14
82	123	84	69	83	7	61
82	123	63	69	81	9	57
82	123	69	69	86	8	55
82	123	83	69	85	12	22
82	123	65	69	90	22	53
82	123	116	69	15	26	11
82	123	68	69	89	7	62
82	123	129	69	77	19	23
82	123	66	69	26	21	10
82	84	63	83	81	56	26
82	84	69	83	86	67	22
82	84	83	83	85	61	25
82	84	65	83	90	33	47
82	84	116	83	15	67	4
82	84	68	83	89	50	23
82	84	129	83	77	63	16
82	84	66	83	26	65	12
82	63	69	81	86	21	55
82	63	83	81	85	56	15
82	63	65	81	90	19	71
82	63	116	81	15	66	0
82	63	68	81	89	24	44
82	63	129	81	77	49	10
82	63	66	81	26	62	2
82	69	83	86	85	48	25
82	69	65	86	90	20	55
82	69	116	86	15	62	0
82	69	68	86	89	55	20
82	69	129	86	77	56	8
82	69	66	86	26	58	3
82	83	65	85	90	13	69
82	83	116	85	15	39	2
82	83	68	85	89	17	59
82	83	129	85	77	12	5
82	83	66	85	26	33	7
82	65	116	90	15	70	6
82	65	68	90	89	63	23
82	65	129	90	77	65	21
82	65	66	90	26	62	8
82	116	68	15	89	4	61
82	116	129	15	77	5	22
82	116	66	15	26	5	5
82	68	129	89	77	69	15
82	68	66	89	26	78	9
82	129	66	77	26	18	5
83	68	84	11	91	0	85
83	68	82	11	79	0	66
83	68	69	11	80	2	74
83	68	66	11	66	0	61
83	68	73	11	78	2	79
83	68	48	11	82	1	82
83	68	65	11	81	0	77
83	68	63	11	99	2	95
83	68	55	11	12	9	12
83	84	82	91	79	70	25
83	84	69	91	80	74	27
83	84	66	91	66	69	19
83	84	73	91	78	64	24
83	84	48	91	82	58	20
83	84	65	91	81	56	28
83	84	63	91	99	46	30
83	84	55	91	12	88	2
83	82	69	79	80	31	45
83	82	66	79	66	50	20
83	82	73	79	78	52	18
83	82	48	79	82	59	23
83	82	65	79	81	29	45
83	82	63	79	99	25	70
83	82	55	79	12	69	3
83	69	66	80	66	60	10
83	69	73	80	78	47	32
83	69	48	80	82	53	27
83	69	65	80	81	53	21
83	69	63	80	99	23	70
83	69	55	80	12	72	0
83	66	73	66	78	11	67
83	66	48	66	82	12	47
83	66	65	66	81	18	54
83	66	63	66	99	5	74
83	66	55	66	12	49	6
83	73	48	78	82	16	20
83	73	65	78	81	27	48
83	73	63	78	99	25	69
83	73	55	78	12	73	3
83	48	65	82	81	29	55
83	48	63	82	99	11	75
83	48	55	82	12	72	2
83	65	63	81	99	14	69
83	65	55	81	12	76	1
83	63	55	99	12	98	0
84	83	71	89	91	62	13
84	83	72	89	72	60	5
84	83	69	89	63	68	18
84	83	63	89	37	67	8
84	83	65	89	73	58	20
84	83	66	89	85	63	25
84	83	117	89	47	72	7
84	83	82	89	78	31	27
84	83	73	89	79	69	23
84	83	48	89	3	88	0
84	71	72	91	72	64	23
84	71	69	91	63	65	11
84	71	63	91	37	73	6
84	71	65	91	73	40	17
84	71	66	91	85	53	8
84	71	117	91	47	71	8
84	71	82	91	78	16	67
84	71	73	91	79	49	21
84	71	48	91	3	85	0
84	72	69	72	63	23	34
84	72	63	72	37	45	9
84	72	65	72	73	19	52
84	72	66	72	85	9	63
84	72	117	72	47	26	21
84	72	82	72	78	16	61
84	72	73	72	79	16	58
84	72	48	72	3	63	0
84	69	63	63	37	49	6
84	69	65	63	73	16	63
84	69	66	63	85	10	54
84	69	117	63	47	39	8
84	69	82	63	78	17	53
84	69	73	63	79	28	49
84	69	48	63	3	66	0
84	63	65	37	73	8	51
84	63	66	37	85	8	66
84	63	117	37	47	7	33
84	63	82	37	78	8	65
84	63	73	37	79	15	63
84	63	48	37	3	22	2
84	65	66	73	85	48	19
84	65	117	73	47	62	4
84	65	82	73	78	23	52
84	65	73	73	79	57	25
84	65	48	73	3	80	1
84	66	117	85	47	58	9
84	66	82	85	78	24	53
84	66	73	85	79	17	19
84	66	48	85	3	77	0
84	117	82	47	78	11	50
84	117	73	47	79	12	70
84	117	48	47	3	56	0
84	82	73	78	79	59	17
84	82	48	78	3	78	0
84	73	48	79	3	75	0
85	74	71	100	100	72	29
85	74	70	100	99	62	24
85	74	76	100	98	71	28
85	71	70	100	99	28	59
85	71	76	100	98	62	14
85	70	76	99	98	71	25
115	123	132	75	37	70	11
115	123	116	75	100	29	60
115	123	119	75	100	33	59
115	123	120	75	0	81	0
115	123	138	75	2	84	1
115	123	66	75	56	55	9
115	123	118	75	100	22	63
115	123	121	75	89	15	59
115	123	117	75	99	22	66
115	132	116	37	100	3	80
115	132	119	37	100	4	89
115	132	120	37	0	33	1
115	132	138	37	2	23	1
115	132	66	37	56	15	47
115	132	118	37	100	6	85
115	132	121	37	89	7	70
115	132	117	37	99	7	85
115	116	119	100	100	27	64
115	116	120	100	0	100	0
115	116	138	100	2	97	1
115	116	66	100	56	84	5
115	116	118	100	100	30	55
115	116	121	100	89	36	32
115	116	117	100	99	33	61
115	119	120	100	0	100	0
115	119	138	100	2	100	0
115	119	66	100	56	79	11
115	119	118	100	100	47	26
115	119	121	100	89	63	23
115	119	117	100	99	24	70
115	120	138	0	2	0	3
115	120	66	0	56	0	60
115	120	118	0	100	0	99
115	120	121	0	89	0	88
115	120	117	0	99	0	100
115	138	66	2	56	1	57
115	138	118	2	100	0	93
115	138	121	2	89	1	89
115	138	117	2	99	2	99
115	66	118	56	100	9	75
115	66	121	56	89	18	62
115	66	117	56	99	8	79
115	118	121	100	89	58	25
115	118	117	100	99	28	65
115	121	117	89	99	25	60
116	138	136	56	50	16	21
116	138	129	56	89	10	73
116	138	126	56	0	51	1
116	138	133	56	90	17	74
116	138	121	56	91	12	59
116	138	117	56	91	5	69
116	138	115	56	99	15	61
116	138	82	56	23	49	9
116	138	118	56	90	24	59
116	138	123	56	75	20	47
116	138	122	56	100	10	76
116	138	128	56	100	9	80
116	138	119	56	91	23	64
116	136	129	50	89	13	64
116	136	126	50	0	60	0
116	136	133	50	90	7	69
116	136	121	50	91	13	67
116	136	117	50	91	14	62
116	136	115	50	99	10	73
116	136	82	50	23	56	15
116	136	118	50	90	14	72
116	136	123	50	75	15	60
116	136	122	50	100	20	70
116	136	128	50	100	19	59
116	136	119	50	91	14	70
116	129	126	89	0	90	1
116	129	133	89	90	62	28
116	129	121	89	91	62	26
116	129	117	89	91	19	65
116	129	115	89	99	54	21
116	129	82	89	23	70	7
116	129	118	89	90	61	30
116	129	123	89	75	63	19
116	129	122	89	100	20	29
116	129	128	89	100	23	70
116	129	119	89	91	39	35
116	126	133	0	90	1	89
116	126	121	0	91	0	87
116	126	117	0	91	0	90
116	126	115	0	99	1	93
116	126	82	0	23	3	22
116	126	118	0	90	0	87
116	126	123	0	75	0	71
116	126	122	0	100	0	99
116	126	128	0	100	1	99
116	126	119	0	91	1	86
116	133	121	90	91	30	27
116	133	117	90	91	24	61
116	133	115	90	99	24	43
116	133	82	90	23	89	4
116	133	118	90	90	34	33
116	133	123	90	75	61	23
116	133	122	90	100	12	65
116	133	128	90	100	12	74
116	133	119	90	91	25	62
116	121	117	91	91	28	53
116	121	115	91	99	27	75
116	121	82	91	23	80	5
116	121	118	91	90	27	56
116	121	123	91	75	44	17
116	121	122	91	100	12	71
116	121	128	91	100	25	68
116	121	119	91	91	27	51
116	117	115	91	99	61	27
116	117	82	91	23	80	8
116	117	118	91	90	73	22
116	117	123	91	75	64	19
116	117	122	91	100	65	22
116	117	128	91	100	20	66
116	117	119	91	91	66	30
116	115	82	99	23	88	5
116	115	118	99	90	31	26
116	115	123	99	75	72	17
116	115	122	99	100	7	72
116	115	128	99	100	17	79
116	115	119	99	91	39	39
116	82	118	23	90	3	83
116	82	123	23	75	4	57
116	82	122	23	100	2	91
116	82	128	23	100	3	90
116	82	119	23	91	5	85
116	118	123	90	75	72	14
116	118	122	90	100	21	75
116	118	128	90	100	31	59
116	118	119	90	91	23	55
116	123	122	75	100	8	72
116	123	128	75	100	23	73
116	123	119	75	91	23	54
116	122	128	100	100	21	71
116	122	119	100	91	28	13
116	128	119	100	91	61	28
117	118	132	100	95	51	28
117	118	121	100	100	53	33
117	118	128	100	89	68	21
117	118	123	100	99	57	21
117	118	119	100	100	67	26
117	118	116	100	91	62	32
117	118	126	100	73	73	19
117	118	133	100	85	65	24
117	118	84	100	56	74	10
117	118	115	100	100	69	24
117	118	129	100	61	76	11
117	132	121	95	100	23	70
117	132	128	95	89	60	24
117	132	123	95	99	23	64
117	132	119	95	100	17	60
117	132	116	95	91	45	21
117	132	126	95	73	62	20
117	132	133	95	85	60	27
117	132	84	95	56	61	16
117	132	115	95	100	25	63
117	132	129	95	61	76	8
117	121	128	100	89	62	21
117	121	123	100	99	61	14
117	121	119	100	100	58	30
117	121	116	100	91	66	27
117	121	126	100	73	73	10
117	121	133	100	85	75	24
117	121	84	100	56	75	6
117	121	115	100	100	59	30
117	121	129	100	61	73	9
117	128	123	89	99	31	60
117	128	119	89	100	27	54
117	128	116	89	91	33	58
117	128	126	89	73	63	13
117	128	133	89	85	17	8
117	128	84	89	56	72	9
117	128	115	89	100	29	58
117	128	129	89	61	65	17
117	123	119	99	100	37	37
117	123	116	99	91	55	36
117	123	126	99	73	64	19
117	123	133	99	85	59	33
117	123	84	99	56	79	5
117	123	115	99	100	29	48
117	123	129	99	61	65	14
117	119	116	100	91	57	25
117	119	126	100	73	73	11
117	119	133	100	85	64	22
117	119	84	100	56	79	7
117	119	115	100	100	29	45
117	119	129	100	61	67	11
117	116	126	91	73	66	20
117	116	133	91	85	58	24
117	116	84	91	56	70	8
117	116	115	91	100	22	69
117	116	129	91	61	75	5
117	126	133	73	85	15	51
117	126	84	73	56	43	5
117	126	115	73	100	12	64
117	126	129	73	61	36	12
117	133	84	85	56	54	13
117	133	115	85	100	22	61
117	133	129	85	61	59	13
117	84	115	56	100	8	82
117	84	129	56	61	23	18
117	115	129	100	61	73	4
118	117	116	96	89	67	28
118	117	128	96	67	64	23
118	117	126	96	66	67	22
118	117	132	96	66	56	20
118	117	121	96	93	68	21
118	117	138	96	81	72	14
118	117	129	96	84	61	20
118	117	119	96	100	56	39
118	117	137	96	67	64	8
118	117	133	96	96	70	21
118	117	123	96	77	73	20
118	117	115	96	99	63	37
118	116	128	89	67	55	21
118	116	126	89	66	65	14
118	116	132	89	66	64	10
118	116	121	89	93	31	59
118	116	138	89	81	73	14
118	116	129	89	84	31	30
118	116	119	89	100	37	58
118	116	137	89	67	71	10
118	116	133	89	96	25	52
118	116	123	89	77	56	20
118	116	115	89	99	20	66
118	128	126	67	66	18	18
118	128	132	67	66	23	39
118	128	121	67	93	25	65
118	128	138	67	81	12	50
118	128	129	67	84	19	51
118	128	119	67	100	14	76
118	128	137	67	67	23	41
118	128	133	67	96	15	70
118	128	123	67	77	16	39
118	128	115	67	99	17	70
118	126	132	66	66	34	34
118	126	121	66	93	8	75
118	126	138	66	81	26	49
118	126	129	66	84	17	54
118	126	119	66	100	8	70
118	126	137	66	67	22	29
118	126	133	66	96	22	67
118	126	123	66	77	21	29
118	126	115	66	99	4	75
118	132	121	66	93	17	62
118	132	138	66	81	13	13
118	132	129	66	84	20	55
118	132	119	66	100	15	73
118	132	137	66	67	17	24
118	132	133	66	96	24	56
118	132	123	66	77	17	35
118	132	115	66	99	22	74
118	121	138	93	81	69	10
118	121	129	93	84	70	27
118	121	119	93	100	30	60
118	121	137	93	67	76	14
118	121	133	93	96	65	28
118	121	123	93	77	65	14
118	121	115	93	99	49	27
118	138	129	81	84	19	60
118	138	119	81	100	9	77
118	138	137	81	67	30	21
118	138	133	81	96	23	58
118	138	123	81	77	14	25
118	138	115	81	99	24	66
118	129	119	84	100	20	63
118	129	137	84	67	68	15
118	129	133	84	96	28	66
118	129	123	84	77	57	16
118	129	115	84	99	12	67
118	119	137	100	67	71	8
118	119	133	100	96	58	29
118	119	123	100	77	63	19
118	119	115	100	99	55	34
118	137	133	67	96	14	78
118	137	123	67	77	17	18
118	137	115	67	99	5	70
118	133	123	96	77	66	15
118	133	115	96	99	30	54
118	123	115	77	99	20	52
119	128	116	0	90	0	88
119	128	118	0	100	0	100
119	128	133	0	91	0	88
119	128	120	0	66	0	67
119	128	117	0	100	0	99
119	128	123	0	82	0	81
119	128	129	0	16	0	11
119	128	121	0	84	0	84
119	128	115	0	96	0	92
119	128	66	0	0	0	2
119	116	118	90	100	20	71
119	116	133	90	91	55	23
119	116	120	90	66	69	9
119	116	117	90	100	18	72
119	116	123	90	82	53	25
119	116	129	90	16	76	3
119	116	121	90	84	32	51
119	116	115	90	96	25	60
119	116	66	90	0	87	0
119	118	133	100	91	62	17
119	118	120	100	66	76	14
119	118	117	100	100	49	31
119	118	123	100	82	72	25
119	118	129	100	16	91	1
119	118	121	100	84	78	25
119	118	115	100	96	60	24
119	118	66	100	0	99	0
119	133	120	91	66	70	13
119	133	117	91	100	30	48
119	133	123	91	82	30	47
119	133	129	91	16	77	2
119	133	121	91	84	36	53
119	133	115	91	96	22	54
119	133	66	91	0	90	1
119	120	117	66	100	17	78
119	120	123	66	82	17	64
119	120	129	66	16	41	2
119	120	121	66	84	13	67
119	120	115	66	96	16	67
119	120	66	66	0	65	0
119	117	123	100	82	58	31
119	117	129	100	16	86	2
119	117	121	100	84	59	21
119	117	115	100	96	64	28
119	117	66	100	0	96	1
119	123	129	82	16	68	3
119	123	121	82	84	15	55
119	123	115	82	96	21	59
119	123	66	82	0	80	0
119	129	121	16	84	4	74
119	129	115	16	96	4	87
119	129	66	16	0	13	2
119	121	115	84	96	28	32
119	121	66	84	0	83	2
119	115	66	96	0	91	1
120	119	130	64	83	15	56
120	119	121	64	76	26	44
120	119	80	64	0	69	0
120	119	132	64	81	14	65
120	119	137	64	65	16	43
120	119	117	64	17	55	4
120	130	121	83	76	63	21
120	130	80	83	0	81	0
120	130	132	83	81	38	16
120	130	137	83	65	51	15
120	130	117	83	17	73	2
120	121	80	76	0	78	0
120	121	132	76	81	19	53
120	121	137	76	65	33	12
120	121	117	76	17	68	1
120	80	132	0	81	1	83
120	80	137	0	65	0	66
120	80	117	0	17	0	11
120	132	137	81	65	56	13
120	132	117	81	17	75	2
120	137	117	65	17	56	2
121	115	116	84	85	52	27
121	115	118	84	86	21	65
121	115	132	84	67	57	23
121	115	128	84	1	85	0
121	115	117	84	99	23	67
121	115	120	84	75	41	20
121	115	129	84	81	58	11
121	115	119	84	86	34	59
121	115	133	84	90	55	30
121	116	118	85	86	19	63
121	116	132	85	67	34	30
121	116	128	85	1	88	0
121	116	117	85	99	19	71
121	116	120	85	75	28	41
121	116	129	85	81	53	23
121	116	119	85	86	26	54
121	116	133	85	90	24	30
121	118	132	86	67	64	15
121	118	128	86	1	87	0
121	118	117	86	99	32	58
121	118	120	86	75	74	17
121	118	129	86	81	64	28
121	118	119	86	86	37	19
121	118	133	86	90	59	26
121	132	128	67	1	64	0
121	132	117	67	99	12	77
121	132	120	67	75	18	22
121	132	129	67	81	45	36
121	132	119	67	86	17	61
121	132	133	67	90	40	36
121	128	117	1	99	2	92
121	128	120	1	75	0	75
121	128	129	1	81	0	84
121	128	119	1	86	0	71
121	128	133	1	90	1	88
121	117	120	99	75	75	23
121	117	129	99	81	64	22
121	117	119	99	86	72	18
121	117	133	99	90	72	23
121	120	129	75	81	46	19
121	120	119	75	86	28	59
121	120	133	75	90	47	30
121	129	119	81	86	25	55
121	129	133	81	90	24	37
121	119	133	86	90	54	24
122	136	116	98	100	53	31
122	136	135	98	100	66	29
122	136	124	98	98	59	28
122	136	127	98	95	64	30
122	136	128	98	98	69	27
122	116	135	100	100	65	12
122	116	124	100	98	65	15
122	116	127	100	95	22	16
122	116	128	100	98	32	64
122	135	124	100	98	48	29
122	135	127	100	95	29	69
122	135	128	100	98	22	65
122	124	127	98	95	24	56
122	124	128	98	98	13	78
122	127	128	95	98	27	65
123	115	117	72	100	19	66
123	115	133	72	99	10	78
123	115	128	72	51	57	8
123	115	138	72	88	23	51
123	115	67	72	56	40	13
123	115	126	72	17	61	3
123	115	116	72	87	32	21
123	115	119	72	81	18	53
123	115	132	72	50	36	16
123	115	118	72	62	28	25
123	115	82	72	67	18	11
123	115	129	72	92	8	69
123	115	65	72	79	22	28
123	117	133	100	99	67	33
123	117	128	100	51	72	6
123	117	138	100	88	71	14
123	117	67	100	56	71	12
123	117	126	100	17	92	2
123	117	116	100	87	67	24
123	117	119	100	81	73	20
123	117	132	100	50	82	15
123	117	118	100	62	66	25
123	117	82	100	67	76	12
123	117	129	100	92	27	58
123	117	65	100	79	64	14
123	133	128	99	51	75	6
123	133	138	99	88	79	25
123	133	67	99	56	67	15
123	133	126	99	17	95	2
123	133	116	99	87	74	19
123	133	119	99	81	73	22
123	133	132	99	50	71	17
123	133	118	99	62	60	20
123	133	82	99	67	71	4
123	133	129	99	92	25	68
123	133	65	99	79	64	2
123	128	138	51	88	4	63
123	128	67	51	56	12	22
123	128	126	51	17	25	7
123	128	116	51	87	13	46
123	128	119	51	81	16	56
123	128	132	51	50	15	21
123	128	118	51	62	9	55
123	128	82	51	67	8	59
123	128	129	51	92	11	70
123	128	65	51	79	7	61
123	138	67	88	56	61	5
123	138	126	88	17	64	5
123	138	116	88	87	50	20
123	138	119	88	81	38	11
123	138	132	88	50	63	15
123	138	118	88	62	44	29
123	138	82	88	67	65	13
123	138	129	88	92	22	62
123	138	65	88	79	61	9
123	67	126	56	17	43	5
123	67	116	56	87	3	43
123	67	119	56	81	14	65
123	67	132	56	50	20	31
123	67	118	56	62	16	52
123	67	82	56	67	8	47
123	67	129	56	92	9	75
123	67	65	56	79	20	56
123	126	116	17	87	3	67
123	126	119	17	81	4	77
123	126	132	17	50	7	47
123	126	118	17	62	5	69
123	126	82	17	67	4	62
123	126	129	17	92	8	83
123	126	65	17	79	2	66
123	116	119	87	81	18	57
123	116	132	87	50	38	24
123	116	118	87	62	21	21
123	116	82	87	67	27	23
123	116	129	87	92	23	76
123	116	65	87	79	16	24
123	119	132	81	50	56	17
123	119	118	81	62	46	23
123	119	82	81	67	56	16
123	119	129	81	92	19	70
123	119	65	81	79	55	22
123	132	118	50	62	19	38
123	132	82	50	67	21	31
123	132	129	50	92	17	79
123	132	65	50	79	12	60
123	118	82	62	67	20	21
123	118	129	62	92	18	65
123	118	65	62	79	15	21
123	82	129	67	92	20	71
123	82	65	67	79	18	31
123	129	65	92	79	56	22
124	127	74	99	89	63	20
124	127	136	99	99	76	26
124	127	131	99	100	59	13
124	127	135	99	100	59	25
124	127	122	99	97	66	29
124	74	136	89	99	9	70
124	74	131	89	100	12	73
124	74	135	89	100	13	73
124	74	122	89	97	22	23
124	136	131	99	100	24	67
124	136	135	99	100	35	35
124	136	122	99	97	52	30
124	131	135	100	100	42	22
124	131	122	100	97	68	12
124	135	122	100	97	62	31
126	130	118	77	67	55	12
126	130	117	77	70	45	11
126	130	123	77	22	65	7
126	130	129	77	90	16	68
126	130	138	77	100	26	56
126	130	133	77	99	11	73
126	118	117	67	70	21	34
126	118	123	67	22	27	3
126	118	129	67	90	28	55
126	118	138	67	100	21	59
126	118	133	67	99	16	67
126	117	123	70	22	43	7
126	117	129	70	90	13	65
126	117	138	70	100	10	78
126	117	133	70	99	21	68
126	123	129	22	90	6	58
126	123	138	22	100	5	85
126	123	133	22	99	3	74
126	129	138	90	100	30	62
126	129	133	90	99	30	59
126	138	133	100	99	55	20
127	122	128	92	89	70	21
127	122	124	92	100	23	61
127	122	135	92	95	50	27
127	122	136	92	93	60	31
127	128	124	89	100	15	77
127	128	135	89	95	23	55
127	128	136	89	93	31	57
127	124	135	100	95	56	28
127	124	136	100	93	67	23
127	135	136	95	93	50	21
128	123	117	37	87	4	76
128	123	118	37	70	9	41
128	123	135	37	99	8	83
128	123	116	37	100	11	74
128	123	127	37	90	6	77
128	123	122	37	100	2	85
128	123	129	37	86	11	59
128	117	118	87	70	54	28
128	117	135	87	99	16	20
128	117	116	87	100	17	70
128	117	127	87	90	64	23
128	117	122	87	100	14	70
128	117	129	87	86	53	18
128	118	135	70	99	8	72
128	118	116	70	100	24	58
128	118	127	70	90	18	68
128	118	122	70	100	6	75
128	118	129	70	86	17	46
128	135	116	99	100	15	69
128	135	127	99	90	54	28
128	135	122	99	100	31	57
128	135	129	99	86	62	21
128	116	127	100	90	71	13
128	116	122	100	100	30	41
128	116	129	100	86	66	25
128	127	122	90	100	21	69
128	127	129	90	86	33	24
128	122	129	100	86	76	13
129	123	128	98	86	54	25
129	123	82	98	72	81	17
129	123	121	98	79	74	15
129	123	65	98	61	68	19
129	123	138	98	79	75	19
129	123	135	98	87	74	12
129	123	118	98	88	70	29
129	123	119	98	10	80	1
129	123	133	98	88	60	28
129	123	116	98	89	68	23
129	123	126	98	84	55	32
129	123	117	98	50	75	24
129	123	132	98	4	97	0
129	123	131	98	6	98	0
129	128	82	86	72	26	11
129	128	121	86	79	36	31
129	128	65	86	61	75	10
129	128	138	86	79	18	50
129	128	135	86	87	24	28
129	128	118	86	88	34	51
129	128	119	86	10	76	2
129	128	133	86	88	12	66
129	128	116	86	89	22	47
129	128	126	86	84	13	71
129	128	117	86	50	61	12
129	128	132	86	4	83	0
129	128	131	86	6	91	1
129	82	121	72	79	25	34
129	82	65	72	61	57	15
129	82	138	72	79	8	51
129	82	135	72	87	23	28
129	82	118	72	88	16	69
129	82	119	72	10	65	3
129	82	133	72	88	11	68
129	82	116	72	89	28	51
129	82	126	72	84	7	57
129	82	117	72	50	53	15
129	82	132	72	4	69	0
129	82	131	72	6	70	0
129	121	65	79	61	60	16
129	121	138	79	79	14	48
129	121	135	79	87	36	18
129	121	118	79	88	22	58
129	121	119	79	10	65	2
129	121	133	79	88	24	60
129	121	116	79	89	18	46
129	121	126	79	84	17	60
129	121	117	79	50	62	6
129	121	132	79	4	74	0
129	121	131	79	6	76	2
129	65	138	61	79	14	54
129	65	135	61	87	11	67
129	65	118	61	88	14	70
129	65	119	61	10	35	4
129	65	133	61	88	9	67
129	65	116	61	89	11	77
129	65	126	61	84	9	74
129	65	117	61	50	31	20
129	65	132	61	4	48	2
129	65	131	61	6	51	1
129	138	135	79	87	50	28
129	138	118	79	88	23	64
129	138	119	79	10	68	0
129	138	133	79	88	24	57
129	138	116	79	89	24	65
129	138	126	79	84	18	55
129	138	117	79	50	58	4
129	138	132	79	4	80	2
129	138	131	79	6	79	1
129	135	118	87	88	21	58
129	135	119	87	10	81	3
129	135	133	87	88	15	59
129	135	116	87	89	14	62
129	135	126	87	84	16	64
129	135	117	87	50	64	11
129	135	132	87	4	84	0
129	135	131	87	6	90	2
129	118	119	88	10	62	8
129	118	133	88	88	26	37
129	118	116	88	89	23	59
129	118	126	88	84	26	66
129	118	117	88	50	56	20
129	118	132	88	4	81	0
129	118	131	88	6	79	0
129	119	133	10	88	5	73
129	119	116	10	89	1	83
129	119	126	10	84	6	79
129	119	117	10	50	5	26
129	119	132	10	4	17	2
129	119	131	10	6	17	6
129	133	116	88	89	19	71
129	133	126	88	84	27	50
129	133	117	88	50	77	9
129	133	132	88	4	86	1
129	133	131	88	6	84	3
129	116	126	89	84	45	21
129	116	117	89	50	59	15
129	116	132	89	4	90	0
129	116	131	89	6	85	0
129	126	117	84	50	56	19
129	126	132	84	4	83	0
129	126	131	84	6	88	3
129	117	132	50	4	55	0
129	117	131	50	6	54	2
129	132	131	4	6	2	5
130	132	120	89	82	62	17
130	132	138	89	95	62	13
130	132	137	89	100	23	64
130	132	126	89	73	60	18
130	132	133	89	18	80	6
130	120	138	82	95	60	15
130	120	137	82	100	21	66
130	120	126	82	73	55	27
130	120	133	82	18	66	8
130	138	137	95	100	25	77
130	138	126	95	73	63	23
130	138	133	95	18	70	6
130	137	126	100	73	76	7
130	137	133	100	18	86	7
130	126	133	73	18	57	11
131	136	124	99	99	58	27
131	136	135	99	100	14	70
131	136	129	99	10	85	0
131	124	135	99	100	26	57
131	124	129	99	10	95	1
131	135	129	100	10	80	0
132	130	123	88	64	58	16
132	130	117	88	93	69	22
132	130	133	88	69	65	25
132	130	121	88	76	65	15
132	130	120	88	89	51	32
132	130	118	88	67	65	17
132	130	137	88	81	63	16
132	123	117	64	93	15	53
132	123	133	64	69	12	45
132	123	121	64	76	14	62
132	123	120	64	89	16	63
132	123	118	64	67	20	43
132	123	137	64	81	5	59
132	117	133	93	69	51	25
132	117	121	93	76	54	29
132	117	120	93	89	32	44
132	117	118	93	67	60	16
132	117	137	93	81	29	13
132	133	121	69	76	26	56
132	133	120	69	89	17	43
132	133	118	69	67	22	29
132	133	137	69	81	21	53
132	121	120	76	89	22	54
132	121	118	76	67	44	17
132	121	137	76	81	16	56
132	120	118	89	67	62	9
132	120	137	89	81	59	27
132	118	137	67	81	19	48
133	67	121	90	90	29	26
133	67	116	90	99	8	39
133	67	118	90	97	12	69
133	67	123	90	100	25	69
133	67	137	90	90	21	60
133	67	138	90	100	13	69
133	67	132	90	79	56	28
133	67	126	90	99	12	67
133	67	117	90	88	11	34
133	67	119	90	90	24	19
133	67	129	90	89	14	57
133	67	130	90	25	79	3
133	121	116	90	99	20	41
133	121	118	90	97	24	73
133	121	123	90	100	17	80
133	121	137	90	90	17	59
133	121	138	90	100	12	67
133	121	132	90	79	36	19
133	121	126	90	99	14	72
133	121	117	90	88	31	50
133	121	119	90	90	18	31
133	121	129	90	89	26	59
133	121	130	90	25	67	4
133	116	118	99	97	27	56
133	116	123	99	100	23	77
133	116	137	99	90	25	61
133	116	138	99	100	29	54
133	116	132	99	79	71	15
133	116	126	99	99	19	65
133	116	117	99	88	32	27
133	116	119	99	90	48	26
133	116	129	99	89	43	40
133	116	130	99	25	84	2
133	118	123	97	100	20	72
133	118	137	97	90	35	51
133	118	138	97	100	33	63
133	118	132	97	79	77	11
133	118	126	97	99	24	67
133	118	117	97	88	65	20
133	118	119	97	90	67	24
133	118	129	97	89	42	28
133	118	130	97	25	92	3
133	123	137	100	90	22	51
133	123	138	100	100	70	32
133	123	132	100	79	76	13
133	123	126	100	99	68	24
133	123	117	100	88	79	17
133	123	119	100	90	61	24
133	123	129	100	89	69	31
133	123	130	100	25	86	5
133	137	138	90	100	68	22
133	137	132	90	79	65	13
133	137	126	90	99	60	19
133	137	117	90	88	61	19
133	137	119	90	90	65	13
133	137	129	90	89	58	19
133	137	130	90	25	63	6
133	138	132	100	79	78	13
133	138	126	100	99	28	30
133	138	117	100	88	66	12
133	138	119	100	90	74	18
133	138	129	100	89	72	23
133	138	130	100	25	77	9
133	132	126	79	99	13	82
133	132	117	79	88	20	56
133	132	119	79	90	15	41
133	132	129	79	89	20	56
133	132	130	79	25	49	10
133	126	117	99	88	66	23
133	126	119	99	90	73	13
133	126	129	99	89	60	26
133	126	130	99	25	75	11
133	117	119	88	90	48	27
133	117	129	88	89	25	47
133	117	130	88	25	69	5
133	119	129	90	89	32	55
133	119	130	90	25	70	8
133	129	130	89	25	77	8
135	129	124	88	100	14	72
135	129	122	88	100	10	29
135	129	136	88	100	17	71
135	129	131	88	100	16	74
135	129	128	88	100	23	67
135	129	127	88	95	19	72
135	129	68	88	99	9	67
135	124	122	100	100	58	33
135	124	136	100	100	32	66
135	124	131	100	100	26	87
135	124	128	100	100	35	15
135	124	127	100	95	37	42
135	124	68	100	99	19	10
135	122	136	100	100	36	62
135	122	131	100	100	15	60
135	122	128	100	100	34	66
135	122	127	100	95	34	67
135	122	68	100	99	15	71
135	136	131	100	100	36	53
135	136	128	100	100	70	21
135	136	127	100	95	62	23
135	136	68	100	99	60	29
135	131	128	100	100	69	12
135	131	127	100	95	68	15
135	131	68	100	99	73	13
135	128	127	100	95	34	58
135	128	68	100	99	20	17
135	127	68	95	99	69	20
136	68	127	37	92	6	79
136	68	128	37	100	5	86
136	68	131	37	100	7	88
136	68	116	37	48	9	27
136	68	124	37	100	9	84
136	68	135	37	100	7	82
136	68	122	37	99	8	90
136	127	128	92	100	32	36
136	127	131	92	100	12	70
136	127	116	92	48	70	11
136	127	124	92	100	47	31
136	127	135	92	100	27	64
136	127	122	92	99	25	65
136	128	131	100	100	18	65
136	128	116	100	48	74	17
136	128	124	100	100	20	19
136	128	135	100	100	18	70
136	128	122	100	99	26	70
136	131	116	100	48	81	15
136	131	124	100	100	65	24
136	131	135	100	100	59	31
136	131	122	100	99	10	62
136	116	124	48	100	12	80
136	116	135	48	100	7	78
136	116	122	48	99	13	71
136	124	135	100	100	31	51
136	124	122	100	99	33	66
136	135	122	100	99	29	55
137	132	120	82	77	55	26
137	132	133	82	90	17	52
137	132	130	82	100	30	67
137	132	118	82	61	56	19
137	120	133	77	90	12	75
137	120	130	77	100	19	75
137	120	118	77	61	36	9
137	133	130	90	100	30	52
137	133	118	90	61	55	19
137	130	118	100	61	75	11
138	116	123	66	65	23	57
138	116	118	66	72	19	43
138	116	133	66	100	17	69
138	116	126	66	100	10	78
138	116	130	66	78	13	66
138	116	129	66	70	20	56
138	116	137	66	7	64	1
138	123	118	65	72	54	20
138	123	133	65	100	15	69
138	123	126	65	100	20	67
138	123	130	65	78	25	41
138	123	129	65	70	56	21
138	123	137	65	7	84	0
138	118	133	72	100	15	73
138	118	126	72	100	24	64
138	118	130	72	78	22	58
138	118	129	72	70	20	33
138	118	137	72	7	72	1
138	133	126	100	100	38	62
138	133	130	100	78	78	18
138	133	129	100	70	66	22
138	133	137	100	7	93	0
138	126	130	100	78	68	30
138	126	129	100	70	71	21
138	126	137	100	7	95	0
138	130	129	78	70	63	19
138	130	137	78	7	88	0
138	129	137	70	7	83	0
