1	3	80	100	2	100	0
1	3	6	100	73	69	18
1	3	35	100	52	73	8
1	3	2	100	72	65	15
1	3	22	100	64	80	11
1	3	18	100	56	75	8
1	3	37	100	38	83	6
1	3	13	100	74	73	12
1	80	6	2	73	0	60
1	80	35	2	52	1	56
1	80	2	2	72	0	70
1	80	22	2	64	1	66
1	80	18	2	56	0	51
1	80	37	2	38	1	17
1	80	13	2	74	1	64
1	6	35	73	52	58	7
1	6	2	73	72	48	19
1	6	22	73	64	56	21
1	6	18	73	56	54	24
1	6	37	73	38	68	1
1	6	13	73	74	45	21
1	35	2	52	72	19	31
1	35	22	52	64	15	52
1	35	18	52	56	13	41
1	35	37	52	38	21	22
1	35	13	52	74	22	34
1	2	22	72	64	20	32
1	2	18	72	56	26	17
1	2	37	72	38	54	17
1	2	13	72	74	16	34
1	22	18	64	56	41	19
1	22	37	64	38	65	7
1	22	13	64	74	19	24
1	18	37	56	38	37	8
1	18	13	56	74	18	50
1	37	13	38	74	8	43
2	10	1	90	78	57	20
2	10	75	90	1	84	0
2	10	3	90	72	58	22
2	10	12	90	86	56	25
2	10	17	90	26	66	3
2	1	75	78	1	69	0
2	1	3	78	72	24	34
2	1	12	78	86	20	72
2	1	17	78	26	66	7
2	75	3	1	72	0	70
2	75	12	1	86	1	85
2	75	17	1	26	3	23
2	3	12	72	86	24	57
2	3	17	72	26	72	1
2	12	17	86	26	72	7
3	10	2	40	83	15	40
3	10	1	40	100	7	86
3	10	12	40	64	10	32
3	2	1	83	100	13	72
3	2	12	83	64	32	16
3	1	12	100	64	63	11
4	7	19	60	69	28	33
4	7	8	60	86	15	66
4	7	13	60	57	19	19
4	19	8	69	86	13	55
4	19	13	69	57	55	19
4	8	13	86	57	57	9
5	8	7	66	55	32	12
5	8	39	66	82	11	54
5	8	77	66	54	48	9
5	7	39	55	82	9	64
5	7	77	55	54	20	11
5	39	77	82	54	59	6
6	20	13	50	33	32	14
6	20	18	50	61	17	38
6	20	1	50	72	14	56
6	20	22	50	45	32	10
6	20	3	50	4	58	1
6	20	16	50	0	61	0
6	20	80	50	37	37	4
6	20	35	50	2	41	9
6	13	18	33	61	17	36
6	13	1	33	72	14	52
6	13	22	33	45	17	19
6	13	3	33	4	38	1
6	13	16	33	0	45	1
6	13	80	33	37	28	17
6	13	35	33	2	11	12
6	18	1	61	72	18	51
6	18	22	61	45	48	15
6	18	3	61	4	56	0
6	18	16	61	0	62	0
6	18	80	61	37	53	6
6	18	35	61	2	55	8
6	1	22	72	45	57	9
6	1	3	72	4	63	1
6	1	16	72	0	61	0
6	1	80	72	37	65	12
6	1	35	72	2	71	0
6	22	3	45	4	34	1
6	22	16	45	0	31	0
6	22	80	45	37	17	7
6	22	35	45	2	39	6
6	3	16	4	0	6	3
6	3	80	4	37	1	29
6	3	35	4	2	7	8
6	16	80	0	37	1	28
6	16	35	0	2	1	43
6	80	35	37	2	8	19
7	13	19	23	23	7	6
7	13	26	23	55	4	42
7	13	4	23	56	2	45
7	13	5	23	47	0	39
7	19	26	23	55	2	45
7	19	4	23	56	1	50
7	19	5	23	47	13	38
7	26	4	55	56	29	20
7	26	5	55	47	39	13
7	4	5	56	47	17	7
8	19	5	21	60	15	54
8	19	4	21	88	3	73
8	5	4	60	88	9	63
10	2	17	90	84	22	51
10	2	18	90	65	53	17
10	2	3	90	45	69	14
10	2	12	90	72	31	54
10	17	18	84	65	65	11
10	17	3	84	45	67	8
10	17	12	84	72	34	30
10	18	3	65	45	25	12
10	18	12	65	72	17	57
10	3	12	45	72	18	49
12	17	10	79	77	22	54
12	17	2	79	90	24	56
12	17	18	79	81	51	18
12	17	3	79	69	58	6
12	10	2	77	90	47	29
12	10	18	77	81	51	26
12	10	3	77	69	59	21
12	2	18	90	81	57	16
12	2	3	90	69	55	17
12	18	3	81	69	58	20
13	37	35	69	65	38	18
13	37	4	69	40	58	5
13	37	6	69	31	57	8
13	37	1	69	74	29	30
13	35	4	65	40	44	6
13	35	6	65	31	39	9
13	35	1	65	74	15	34
13	4	6	40	31	11	9
13	4	1	40	74	5	51
13	6	1	31	74	8	58
14	20	15	61	66	21	18
14	20	21	61	72	34	20
14	20	16	61	73	21	47
14	20	18	61	74	8	68
14	15	21	66	72	47	25
14	15	16	66	73	16	50
14	15	18	66	74	8	55
14	21	16	72	73	22	49
14	21	18	72	74	14	47
14	16	18	73	74	23	12
15	20	21	53	66	47	20
15	20	14	53	65	42	17
15	20	16	53	75	19	52
15	20	18	53	0	61	0
15	21	14	66	65	17	37
15	21	16	66	75	19	49
15	21	18	66	0	63	0
15	14	16	65	75	16	48
15	14	18	65	0	64	1
15	16	18	75	0	73	0
16	15	21	65	72	22	15
16	15	80	65	39	52	4
16	15	20	65	66	54	11
16	15	14	65	74	47	19
16	21	80	72	39	55	3
16	21	20	72	66	48	13
16	21	14	72	74	39	16
16	80	20	39	66	7	54
16	80	14	39	74	8	51
16	20	14	66	74	16	25
17	12	22	75	18	66	2
17	12	10	75	81	24	46
17	12	2	75	24	56	7
17	22	10	18	81	1	71
17	22	2	18	24	1	7
17	10	2	81	24	57	0
18	1	14	66	71	13	47
18	1	15	66	0	57	0
18	1	21	66	79	9	61
18	1	6	66	53	21	32
18	1	10	66	57	18	14
18	1	12	66	75	14	53
18	1	22	66	64	24	20
18	14	15	71	0	71	0
18	14	21	71	79	19	44
18	14	6	71	53	51	13
18	14	10	71	57	56	14
18	14	12	71	75	48	14
18	14	22	71	64	53	6
18	15	21	0	79	0	77
18	15	6	0	53	0	45
18	15	10	0	57	0	51
18	15	12	0	75	0	74
18	15	22	0	64	0	54
18	21	6	79	53	65	12
18	21	10	79	57	60	12
18	21	12	79	75	52	18
18	21	22	79	64	54	15
18	6	10	53	57	39	17
18	6	12	53	75	15	41
18	6	22	53	64	25	21
18	10	12	57	75	10	52
18	10	22	57	64	13	30
18	12	22	75	64	30	8
19	4	7	65	15	37	8
19	4	8	65	34	33	8
19	7	8	15	34	2	6
20	15	16	57	58	11	24
20	15	6	57	56	43	7
20	15	14	57	63	44	12
20	16	6	58	56	46	15
20	16	14	58	63	35	25
20	6	14	56	63	15	32
21	18	16	77	80	43	7
21	18	15	77	59	63	20
21	18	14	77	61	56	13
21	18	22	77	1	82	0
21	16	15	80	59	54	14
21	16	14	80	61	54	19
21	16	22	80	1	75	0
21	15	14	59	61	29	14
21	15	22	59	1	57	0
21	14	22	61	1	65	0
22	18	1	57	67	24	31
22	18	17	57	13	59	5
22	18	6	57	42	44	11
22	1	17	67	13	65	0
22	1	6	67	42	55	8
22	17	6	13	42	6	33
24	31	0	66	0	0	0
25	28	35	75	58	57	7
25	28	53	75	57	47	11
25	28	58	75	53	43	9
25	35	53	58	57	8	27
25	35	58	58	53	33	15
25	53	58	57	53	47	11
26	36	7	70	48	35	15
26	36	37	70	10	69	0
26	7	37	48	10	47	2
27	31	40	91	75	29	16
27	31	41	91	79	23	27
27	31	45	91	57	69	3
27	31	42	91	75	20	48
27	31	44	91	51	70	11
27	31	46	91	8	83	1
27	40	41	75	79	33	30
27	40	45	75	57	43	17
27	40	42	75	75	19	49
27	40	44	75	51	54	20
27	40	46	75	8	74	2
27	41	45	79	57	41	23
27	41	42	79	75	21	53
27	41	44	79	51	57	8
27	41	46	79	8	67	3
27	45	42	57	75	13	46
27	45	44	57	51	25	18
27	45	46	57	8	56	4
27	42	44	75	51	51	14
27	42	46	75	8	71	3
27	44	46	51	8	48	6
28	25	38	80	65	45	12
30	38	43	86	80	36	24
30	38	48	86	77	32	42
30	43	48	80	77	17	50
31	50	27	0	89	0	89
31	50	24	0	29	0	22
31	50	54	0	41	0	52
31	27	24	89	29	66	6
31	27	54	89	41	66	5
31	24	54	29	41	26	26
32	54	60	90	89	27	29
32	54	34	90	100	22	63
32	54	50	90	37	69	3
32	60	34	89	100	15	60
32	60	50	89	37	84	0
32	34	50	100	37	90	1
33	35	37	35	7	48	0
33	35	59	35	2	37	0
33	35	60	35	72	29	30
33	37	59	7	2	0	0
33	37	60	7	72	0	66
33	59	60	2	72	9	60
34	50	54	79	65	17	57
34	50	32	79	99	25	62
34	54	32	65	99	23	64
35	25	13	47	63	14	27
35	25	1	47	61	24	19
35	25	36	47	60	11	43
35	25	38	47	1	35	1
35	25	6	47	34	41	0
35	13	1	63	61	18	33
35	13	36	63	60	11	48
35	13	38	63	1	22	6
35	13	6	63	34	44	2
35	1	36	61	60	28	23
35	1	38	61	1	68	0
35	1	6	61	34	68	0
35	36	38	60	1	49	3
35	36	6	60	34	56	4
35	38	6	1	34	3	18
36	35	39	66	68	38	15
36	35	28	66	11	62	5
36	35	38	66	78	21	56
36	35	26	66	71	19	48
36	39	28	68	11	63	3
36	39	38	68	78	28	57
36	39	26	68	71	12	58
36	28	38	11	78	0	68
36	28	26	11	71	9	64
36	38	26	78	71	57	21
37	38	1	74	36	60	3
37	38	35	74	46	58	9
37	38	36	74	58	45	22
37	38	59	74	40	68	3
37	38	13	74	62	30	16
37	1	35	36	46	9	26
37	1	36	36	58	8	51
37	1	59	36	40	22	7
37	1	13	36	62	5	48
37	35	36	46	58	13	36
37	35	59	46	40	24	11
37	35	13	46	62	12	47
37	36	59	58	40	50	5
37	36	13	58	62	19	59
37	59	13	40	62	10	49
38	28	44	71	13	51	0
38	28	37	71	74	15	52
38	28	30	71	86	11	48
38	28	36	71	79	22	43
38	28	39	71	74	21	62
38	44	37	13	74	4	62
38	44	30	13	86	1	84
38	44	36	13	79	1	67
38	44	39	13	74	1	69
38	37	30	74	86	16	29
38	37	36	74	79	20	53
38	37	39	74	74	16	52
38	30	36	86	79	17	54
38	30	39	86	74	23	56
38	36	39	79	74	27	27
39	36	57	77	58	32	23
39	36	5	77	74	21	47
39	36	38	77	75	24	56
39	57	5	58	74	22	49
39	57	38	58	75	11	65
39	5	38	74	75	54	27
40	52	54	73	74	50	23
40	52	48	73	57	66	13
40	52	42	73	80	12	33
40	52	45	73	100	16	67
40	52	43	73	60	41	17
40	52	44	73	30	60	4
40	52	41	73	67	45	17
40	52	60	73	84	48	0
40	52	27	73	71	41	10
40	52	50	73	75	36	27
40	54	48	74	57	32	21
40	54	42	74	80	19	45
40	54	45	74	100	16	70
40	54	43	74	60	27	17
40	54	44	74	30	37	4
40	54	41	74	67	9	41
40	54	60	74	84	24	17
40	54	27	74	71	6	47
40	54	50	74	75	29	18
40	48	42	57	80	18	43
40	48	45	57	100	2	84
40	48	43	57	60	5	61
40	48	44	57	30	3	54
40	48	41	57	67	11	44
40	48	60	57	84	5	48
40	48	27	57	71	1	64
40	48	50	57	75	9	56
40	42	45	80	100	17	59
40	42	43	80	60	42	13
40	42	44	80	30	47	22
40	42	41	80	67	37	24
40	42	60	80	84	52	10
40	42	27	80	71	56	24
40	42	50	80	75	47	10
40	45	43	100	60	45	21
40	45	44	100	30	56	12
40	45	41	100	67	55	16
40	45	60	100	84	57	13
40	45	27	100	71	56	17
40	45	50	100	75	48	18
40	43	44	60	30	50	12
40	43	41	60	67	14	46
40	43	60	60	84	38	16
40	43	27	60	71	13	44
40	43	50	60	75	19	25
40	44	41	30	67	2	59
40	44	60	30	84	9	19
40	44	27	30	71	8	53
40	44	50	30	75	5	60
40	41	60	67	84	47	11
40	41	27	67	71	25	20
40	41	50	67	75	27	10
40	60	27	84	71	12	49
40	60	50	84	75	16	51
40	27	50	71	75	26	13
42	52	45	76	85	17	67
42	52	43	76	77	17	44
42	52	27	76	76	33	16
42	52	40	76	73	31	34
42	52	41	76	61	31	21
42	52	44	76	62	57	21
42	52	47	76	21	51	10
42	45	43	85	77	53	7
42	45	27	85	76	69	18
42	45	40	85	73	48	25
42	45	41	85	61	64	20
42	45	44	85	62	75	15
42	45	47	85	21	66	6
42	43	27	77	76	47	8
42	43	40	77	73	58	20
42	43	41	77	61	55	25
42	43	44	77	62	37	17
42	43	47	77	21	57	4
42	27	40	76	73	24	56
42	27	41	76	61	29	23
42	27	44	76	62	43	24
42	27	47	76	21	58	5
42	40	41	73	61	66	17
42	40	44	73	62	65	16
42	40	47	73	21	58	2
42	41	44	61	62	57	25
42	41	47	61	21	46	5
42	44	47	62	21	49	5
43	30	55	66	49	33	11
43	30	45	66	27	57	7
43	30	41	66	65	35	12
43	30	44	66	29	59	4
43	30	52	66	60	13	10
43	30	69	66	15	40	5
43	30	78	66	70	32	9
43	30	48	66	83	14	67
43	30	42	66	76	22	60
43	30	38	66	21	62	9
43	30	40	66	59	29	24
43	55	45	49	27	36	10
43	55	41	49	65	6	21
43	55	44	49	29	12	5
43	55	52	49	60	14	22
43	55	69	49	15	16	16
43	55	78	49	70	2	7
43	55	48	49	83	15	67
43	55	42	49	76	9	54
43	55	38	49	21	39	3
43	55	40	49	59	4	33
43	45	41	27	65	5	34
43	45	44	27	29	8	8
43	45	52	27	60	7	47
43	45	69	27	15	9	20
43	45	78	27	70	7	36
43	45	48	27	83	4	72
43	45	42	27	76	3	62
43	45	38	27	21	12	10
43	45	40	27	59	6	46
43	41	44	65	29	46	5
43	41	52	65	60	11	21
43	41	69	65	15	26	10
43	41	78	65	70	24	19
43	41	48	65	83	12	60
43	41	42	65	76	17	51
43	41	38	65	21	44	4
43	41	40	65	59	20	43
43	44	52	29	60	4	58
43	44	69	29	15	5	21
43	44	78	29	70	5	33
43	44	48	29	83	1	59
43	44	42	29	76	7	50
43	44	38	29	21	16	6
43	44	40	29	59	8	49
43	52	69	60	15	35	9
43	52	78	60	70	35	17
43	52	48	60	83	10	48
43	52	42	60	76	14	45
43	52	38	60	21	54	4
43	52	40	60	59	15	27
43	69	78	15	70	6	18
43	69	48	15	83	11	64
43	69	42	15	76	7	58
43	69	38	15	21	32	6
43	69	40	15	59	6	34
43	78	48	70	83	5	61
43	78	42	70	76	6	25
43	78	38	70	21	46	2
43	78	40	70	59	15	41
43	48	42	83	76	27	22
43	48	38	83	21	84	2
43	48	40	83	59	65	9
43	42	38	76	21	40	3
43	42	40	76	59	64	17
43	38	40	21	59	9	52
44	43	38	31	14	30	7
44	43	42	31	62	2	64
44	43	45	31	52	7	42
44	43	41	31	0	28	0
44	43	27	31	40	9	28
44	43	40	31	61	5	23
44	38	42	14	62	5	60
44	38	45	14	52	8	55
44	38	41	14	0	12	0
44	38	27	14	40	7	29
44	38	40	14	61	5	30
44	42	45	62	52	29	16
44	42	41	62	0	68	0
44	42	27	62	40	39	16
44	42	40	62	61	31	21
44	45	41	52	0	52	1
44	45	27	52	40	38	17
44	45	40	52	61	27	18
44	41	27	0	40	0	51
44	41	40	0	61	0	50
44	27	40	40	61	26	15
45	52	40	70	99	15	57
45	52	46	70	74	41	21
45	52	48	70	77	50	9
45	52	44	70	17	54	16
45	52	43	70	13	53	7
45	52	54	70	16	43	13
45	52	27	70	49	56	9
45	52	50	70	69	58	18
45	52	69	70	8	58	6
45	52	42	70	78	15	56
45	52	41	70	83	25	45
45	40	46	99	74	57	13
45	40	48	99	77	56	19
45	40	44	99	17	50	18
45	40	43	99	13	61	14
45	40	54	99	16	61	16
45	40	27	99	49	59	16
45	40	50	99	69	58	20
45	40	69	99	8	63	1
45	40	42	99	78	26	25
45	40	41	99	83	46	27
45	46	48	74	77	7	42
45	46	44	74	17	32	10
45	46	43	74	13	58	6
45	46	54	74	16	24	10
45	46	27	74	49	40	16
45	46	50	74	69	21	39
45	46	69	74	8	63	2
45	46	42	74	78	9	50
45	46	41	74	83	17	45
45	48	44	77	17	62	11
45	48	43	77	13	57	8
45	48	54	77	16	45	9
45	48	27	77	49	58	17
45	48	50	77	69	29	14
45	48	69	77	8	57	4
45	48	42	77	78	13	59
45	48	41	77	83	14	50
45	44	43	17	13	41	10
45	44	54	17	16	7	16
45	44	27	17	49	16	16
45	44	50	17	69	6	48
45	44	69	17	8	56	7
45	44	42	17	78	12	56
45	44	41	17	83	8	54
45	43	54	13	16	6	45
45	43	27	13	49	11	31
45	43	50	13	69	5	57
45	43	69	13	8	20	8
45	43	42	13	78	10	61
45	43	41	13	83	16	53
45	54	27	16	49	15	11
45	54	50	16	69	21	49
45	54	69	16	8	58	1
45	54	42	16	78	13	47
45	54	41	16	83	20	38
45	27	50	49	69	7	45
45	27	69	49	8	46	2
45	27	42	49	78	20	46
45	27	41	49	83	14	52
45	50	69	69	8	66	3
45	50	42	69	78	12	54
45	50	41	69	83	12	54
45	69	42	8	78	2	74
45	69	41	8	83	1	78
45	42	41	78	83	43	24
46	47	52	82	93	28	59
46	47	27	82	1	83	0
46	47	41	82	72	40	19
46	47	45	82	34	63	9
46	52	27	93	1	76	2
46	52	41	93	72	65	20
46	52	45	93	34	63	10
46	27	41	1	72	0	72
46	27	45	1	34	0	60
46	41	45	72	34	42	20
47	41	52	74	75	23	47
47	41	42	74	28	61	13
47	41	46	74	76	14	52
47	52	42	75	28	59	14
47	52	46	75	76	27	43
47	42	46	28	76	8	60
48	57	40	59	52	20	15
48	57	30	59	78	5	35
48	57	55	59	89	15	76
48	57	43	59	88	6	67
48	57	45	59	61	19	37
48	57	69	59	27	49	0
48	40	30	52	78	5	54
48	40	55	52	89	16	76
48	40	43	52	88	23	57
48	40	45	52	61	12	41
48	40	69	52	27	59	0
48	30	55	78	89	17	63
48	30	43	78	88	28	50
48	30	45	78	61	24	14
48	30	69	78	27	78	0
48	55	43	89	88	27	48
48	55	45	89	61	56	7
48	55	69	89	27	89	0
48	43	45	88	61	49	18
48	43	69	88	27	85	0
48	45	69	61	27	66	0
50	54	34	95	84	71	16
50	54	43	95	15	87	3
50	54	40	95	64	64	24
50	54	41	95	29	87	5
50	54	52	95	66	79	8
50	54	45	95	71	64	19
50	54	60	95	73	65	16
50	54	59	95	16	80	4
50	34	43	84	15	68	1
50	34	40	84	64	14	48
50	34	41	84	29	44	5
50	34	52	84	66	38	23
50	34	45	84	71	22	46
50	34	60	84	73	24	36
50	34	59	84	16	57	2
50	43	40	15	64	3	57
50	43	41	15	29	7	1
50	43	52	15	66	0	51
50	43	45	15	71	0	67
50	43	60	15	73	0	73
50	43	59	15	16	5	12
50	40	41	64	29	59	0
50	40	52	64	66	39	23
50	40	45	64	71	20	21
50	40	60	64	73	35	34
50	40	59	64	16	62	0
50	41	52	29	66	6	52
50	41	45	29	71	12	57
50	41	60	29	73	8	36
50	41	59	29	16	36	16
50	52	45	66	71	23	43
50	52	60	66	73	25	32
50	52	59	66	16	44	9
50	45	60	71	73	55	15
50	45	59	71	16	63	1
50	60	59	73	16	74	1
52	60	47	66	66	10	51
52	60	43	66	58	12	27
52	60	45	66	72	16	62
52	60	55	66	47	32	10
52	60	40	66	73	19	44
52	60	42	66	75	11	42
52	60	54	66	68	29	42
52	60	50	66	66	14	23
52	60	41	66	73	4	52
52	60	46	66	67	13	42
52	47	43	66	58	46	10
52	47	45	66	72	13	28
52	47	55	66	47	58	9
52	47	40	66	73	25	16
52	47	42	66	75	27	54
52	47	54	66	68	9	36
52	47	50	66	66	45	12
52	47	41	66	73	22	48
52	47	46	66	67	15	49
52	43	45	58	72	16	51
52	43	55	58	47	33	14
52	43	40	58	73	16	48
52	43	42	58	75	35	39
52	43	54	58	68	14	51
52	43	50	58	66	36	22
52	43	41	58	73	20	47
52	43	46	58	67	9	56
52	45	55	72	47	56	4
52	45	40	72	73	49	22
52	45	42	72	75	25	35
52	45	54	72	68	9	35
52	45	50	72	66	45	21
52	45	41	72	73	16	49
52	45	46	72	67	18	42
52	55	40	47	73	8	58
52	55	42	47	75	13	52
52	55	54	47	68	3	57
52	55	50	47	66	7	31
52	55	41	47	73	7	64
52	55	46	47	67	8	63
52	40	42	73	75	28	35
52	40	54	73	68	27	33
52	40	50	73	66	35	25
52	40	41	73	73	20	47
52	40	46	73	67	21	55
52	42	54	75	68	17	17
52	42	50	75	66	51	9
52	42	41	75	73	15	61
52	42	46	75	67	8	55
52	54	50	68	66	42	23
52	54	41	68	73	15	57
52	54	46	68	67	12	49
52	50	41	66	73	12	58
52	50	46	66	67	15	45
52	41	46	73	67	45	24
53	58	59	80	87	54	16
53	58	25	80	68	65	16
53	59	25	87	68	62	15
54	34	52	86	69	25	53
54	34	50	86	93	19	63
54	34	45	86	69	27	20
54	34	40	86	72	19	51
54	34	31	86	45	68	4
54	34	46	86	0	59	4
54	34	59	86	47	44	12
54	34	60	86	77	30	28
54	52	50	69	93	19	69
54	52	45	69	69	39	17
54	52	40	69	72	47	22
54	52	31	69	45	49	17
54	52	46	69	0	78	0
54	52	59	69	47	60	12
54	52	60	69	77	57	24
54	50	45	93	69	64	16
54	50	40	93	72	75	14
54	50	31	93	45	72	6
54	50	46	93	0	92	6
54	50	59	93	47	71	13
54	50	60	93	77	56	23
54	45	40	69	72	14	33
54	45	31	69	45	43	11
54	45	46	69	0	56	4
54	45	59	69	47	44	10
54	45	60	69	77	12	20
54	40	31	72	45	53	16
54	40	46	72	0	61	7
54	40	59	72	47	47	10
54	40	60	72	77	58	17
54	31	46	45	0	56	1
54	31	59	45	47	16	23
54	31	60	45	77	12	45
54	46	59	0	47	1	40
54	46	60	0	77	0	72
54	59	60	47	77	15	56
55	48	42	70	39	56	9
55	48	43	70	67	63	16
55	48	52	70	37	51	5
55	48	69	70	34	81	0
55	48	78	70	2	77	1
55	48	57	70	28	60	5
55	42	43	39	67	22	44
55	42	52	39	37	37	5
55	42	69	39	34	13	7
55	42	78	39	2	41	5
55	42	57	39	28	31	11
55	43	52	67	37	44	6
55	43	69	67	34	35	6
55	43	78	67	2	49	9
55	43	57	67	28	37	16
55	52	69	37	34	25	7
55	52	78	37	2	13	16
55	52	57	37	28	11	9
55	69	78	34	2	9	20
55	69	57	34	28	10	19
55	78	57	2	28	8	14
57	39	48	70	47	30	8
57	39	55	70	11	37	10
57	39	43	70	0	51	0
57	48	55	47	11	23	12
57	48	43	47	0	57	0
57	55	43	11	0	41	0
58	53	0	86	0	0	0
59	53	80	87	49	69	12
59	53	37	87	38	67	8
59	53	50	87	0	84	0
59	53	60	87	98	27	21
59	53	35	87	38	57	4
59	80	37	49	38	37	14
59	80	50	49	0	33	7
59	80	60	49	98	12	76
59	80	35	49	38	24	11
59	37	50	38	0	28	0
59	37	60	38	98	10	73
59	37	35	38	38	10	13
59	50	60	0	98	0	96
59	50	35	0	38	0	25
59	60	35	98	38	85	2
60	59	32	90	91	66	14
60	59	40	90	66	71	12
60	59	50	90	78	31	25
60	59	33	90	89	63	8
60	59	52	90	69	70	14
60	59	31	90	0	96	0
60	32	40	91	66	38	9
60	32	50	91	78	19	57
60	32	33	91	89	21	13
60	32	52	91	69	56	12
60	32	31	91	0	90	0
60	40	50	66	78	19	54
60	40	33	66	89	18	31
60	40	52	66	69	25	18
60	40	31	66	0	76	0
60	50	33	78	89	54	17
60	50	52	78	69	54	19
60	50	31	78	0	77	0
60	33	52	89	69	24	9
60	33	31	89	0	88	0
60	52	31	69	0	69	0
63	82	68	40	81	10	61
63	82	84	40	67	11	59
63	82	83	40	85	15	71
63	82	69	40	68	17	51
63	82	65	40	80	10	69
63	68	84	81	67	45	26
63	68	83	81	85	34	25
63	68	69	81	68	62	11
63	68	65	81	80	46	30
63	84	83	67	85	13	51
63	84	69	67	68	34	16
63	84	65	67	80	16	64
63	83	69	85	68	63	21
63	83	65	85	80	54	22
63	69	65	68	80	20	53
65	123	63	79	86	18	62
65	123	129	79	75	22	26
65	123	84	79	76	16	54
65	123	66	79	88	12	61
65	123	69	79	64	38	17
65	123	68	79	12	66	5
65	123	73	79	69	41	22
65	123	82	79	100	13	74
65	123	83	79	81	25	58
65	63	129	86	75	69	15
65	63	84	86	76	44	17
65	63	66	86	88	61	26
65	63	69	86	64	47	21
65	63	68	86	12	74	2
65	63	73	86	69	61	14
65	63	82	86	100	16	63
65	63	83	86	81	52	24
65	129	84	75	76	22	58
65	129	66	75	88	8	69
65	129	69	75	64	30	26
65	129	68	75	12	64	7
65	129	73	75	69	41	21
65	129	82	75	100	11	70
65	129	83	75	81	15	59
65	84	66	76	88	43	32
65	84	69	76	64	62	14
65	84	68	76	12	71	5
65	84	73	76	69	50	21
65	84	82	76	100	22	62
65	84	83	76	81	54	29
65	66	69	88	64	68	5
65	66	68	88	12	86	7
65	66	73	88	69	78	4
65	66	82	88	100	26	61
65	66	83	88	81	28	21
65	69	68	64	12	61	3
65	69	73	64	69	45	14
65	69	82	64	100	16	70
65	69	83	64	81	19	62
65	68	73	12	69	3	58
65	68	82	12	100	4	95
65	68	83	12	81	0	76
65	73	82	69	100	12	76
65	73	83	69	81	22	59
65	82	83	100	81	72	19
66	65	75	88	100	26	24
66	65	82	88	13	68	14
66	65	84	88	86	26	43
66	75	82	100	13	81	8
66	75	84	100	86	25	49
66	82	84	13	86	23	52
67	82	0	37	0	0	0
68	84	131	2	6	20	7
68	84	135	2	46	8	40
68	84	82	2	56	24	13
68	84	63	2	78	10	55
68	84	65	2	51	9	31
68	131	135	6	46	4	43
68	131	82	6	56	10	16
68	131	63	6	78	1	62
68	131	65	6	51	7	22
68	135	82	46	56	58	3
68	135	63	46	78	14	55
68	135	65	46	51	44	8
68	82	63	56	78	11	59
68	82	65	56	51	7	31
68	63	65	78	51	65	13
69	45	77	22	56	3	45
69	45	82	22	60	5	48
69	45	83	22	48	3	26
69	45	43	22	48	11	19
69	45	63	22	64	10	49
69	45	55	22	3	23	4
69	45	65	22	56	2	56
69	77	82	56	60	18	18
69	77	83	56	48	25	19
69	77	43	56	48	27	22
69	77	63	56	64	10	31
69	77	55	56	3	51	1
69	77	65	56	56	13	28
69	82	83	60	48	23	18
69	82	43	60	48	26	17
69	82	63	60	64	20	28
69	82	55	60	3	41	6
69	82	65	60	56	14	36
69	83	43	48	48	38	7
69	83	63	48	64	13	35
69	83	55	48	3	33	11
69	83	65	48	56	12	37
69	43	63	48	64	16	27
69	43	55	48	3	55	2
69	43	65	48	56	11	27
69	63	55	64	3	41	10
69	63	65	64	56	24	17
69	55	65	3	56	9	33
70	74	85	100	98	26	56
70	74	76	100	99	29	53
70	85	76	98	99	70	15
71	73	85	87	90	62	27
71	73	84	87	71	57	29
71	85	84	90	71	62	5
72	73	79	78	87	14	20
72	73	84	78	66	63	19
72	79	84	87	66	61	7
73	71	83	85	64	64	13
73	71	72	85	78	60	6
73	71	84	85	81	53	25
73	71	65	85	77	72	7
73	71	85	85	16	74	6
73	83	72	64	78	18	53
73	83	84	64	81	31	48
73	83	65	64	77	23	21
73	83	85	64	16	61	2
73	72	84	78	81	30	53
73	72	65	78	77	50	24
73	72	85	78	16	72	2
73	84	65	81	77	60	23
73	84	85	81	16	73	7
73	65	85	77	16	50	1
74	76	71	100	13	100	0
74	76	70	100	99	61	26
74	76	85	100	99	26	72
74	71	70	13	99	0	100
74	71	85	13	99	1	95
74	70	85	99	99	28	57
75	66	2	100	12	91	2
76	85	70	1	100	1	90
76	85	74	1	99	0	98
76	70	74	100	99	22	66
77	126	69	20	54	6	38
77	126	5	20	49	4	39
77	69	5	54	49	27	17
78	55	43	47	57	18	24
78	55	45	47	4	45	2
78	43	45	57	4	61	2
79	73	72	54	89	6	74
80	1	6	41	40	17	17
80	1	16	41	38	13	6
80	6	16	40	38	5	15
82	65	63	100	44	68	7
82	65	67	100	40	78	8
82	65	83	100	98	64	25
82	65	68	100	62	79	11
82	65	69	100	58	69	16
82	65	66	100	90	61	25
82	65	84	100	91	63	27
82	63	67	44	40	19	14
82	63	83	44	98	10	68
82	63	68	44	62	11	29
82	63	69	44	58	15	21
82	63	66	44	90	8	30
82	63	84	44	91	19	68
82	67	83	40	98	6	84
82	67	68	40	62	16	17
82	67	69	40	58	18	20
82	67	66	40	90	4	31
82	67	84	40	91	6	74
82	83	68	98	62	76	9
82	83	69	98	58	76	16
82	83	66	98	90	62	11
82	83	84	98	91	61	30
82	68	69	62	58	22	26
82	68	66	62	90	12	27
82	68	84	62	91	23	59
82	69	66	58	90	13	40
82	69	84	58	91	21	50
82	66	84	90	91	25	58
83	82	65	98	83	63	22
83	82	63	98	89	36	56
83	82	84	98	85	74	17
83	82	69	98	58	72	13
83	82	73	98	52	75	7
83	82	48	98	0	100	0
83	65	63	83	89	21	55
83	65	84	83	85	32	35
83	65	69	83	58	68	17
83	65	73	83	52	66	20
83	65	48	83	0	86	1
83	63	84	89	85	62	29
83	63	69	89	58	53	22
83	63	73	89	52	70	12
83	63	48	89	0	89	1
83	84	69	85	58	62	7
83	84	73	85	52	57	20
83	84	48	85	0	78	0
83	69	73	58	52	18	34
83	69	48	58	0	54	1
83	73	48	52	0	68	0
84	71	63	61	74	17	22
84	71	66	61	87	7	64
84	71	68	61	40	55	10
84	71	65	61	81	9	63
84	71	73	61	81	20	51
84	71	83	61	87	10	59
84	71	82	61	87	12	56
84	71	72	61	58	48	15
84	63	66	74	87	9	54
84	63	68	74	40	51	10
84	63	65	74	81	23	50
84	63	73	74	81	17	60
84	63	83	74	87	21	45
84	63	82	74	87	14	64
84	63	72	74	58	52	16
84	66	68	87	40	76	4
84	66	65	87	81	29	50
84	66	73	87	81	21	45
84	66	83	87	87	16	18
84	66	82	87	87	23	37
84	66	72	87	58	65	5
84	68	65	40	81	7	73
84	68	73	40	81	8	69
84	68	83	40	87	9	68
84	68	82	40	87	13	64
84	68	72	40	58	17	28
84	65	73	81	81	32	27
84	65	83	81	87	51	26
84	65	82	81	87	52	31
84	65	72	81	58	67	7
84	73	83	81	87	46	28
84	73	82	81	87	34	17
84	73	72	81	58	43	19
84	83	82	87	87	21	33
84	83	72	87	58	57	10
84	82	72	87	58	64	10
85	71	74	88	100	19	65
85	71	70	88	99	15	70
85	74	70	100	99	60	30
115	132	116	70	72	15	58
115	132	133	70	57	29	19
115	132	123	70	60	25	16
115	132	121	70	73	21	49
115	132	129	70	7	81	2
115	132	118	70	94	19	73
115	132	119	70	83	12	60
115	132	117	70	99	18	75
115	116	133	72	57	54	20
115	116	123	72	60	54	22
115	116	121	72	73	34	46
115	116	129	72	7	57	2
115	116	118	72	94	11	71
115	116	119	72	83	29	45
115	116	117	72	99	24	65
115	133	123	57	60	25	24
115	133	121	57	73	18	50
115	133	129	57	7	60	4
115	133	118	57	94	20	64
115	133	119	57	83	15	68
115	133	117	57	99	6	71
115	123	121	60	73	8	58
115	123	129	60	7	62	7
115	123	118	60	94	19	64
115	123	119	60	83	10	54
115	123	117	60	99	15	72
115	121	129	73	7	63	2
115	121	118	73	94	21	51
115	121	119	73	83	25	63
115	121	117	73	99	21	67
115	129	118	7	94	5	84
115	129	119	7	83	2	74
115	129	117	7	99	3	93
115	118	119	94	83	55	15
115	118	117	94	99	15	57
115	119	117	83	99	24	39
116	136	126	16	61	3	52
116	136	133	16	67	7	50
116	136	115	16	66	2	65
116	136	123	16	92	3	88
116	136	129	16	98	3	93
116	136	117	16	89	10	71
116	136	128	16	99	8	80
116	126	133	61	67	32	25
116	126	115	61	66	21	42
116	126	123	61	92	21	64
116	126	129	61	98	17	74
116	126	117	61	89	25	67
116	126	128	61	99	10	76
116	133	115	67	66	24	52
116	133	123	67	92	17	81
116	133	129	67	98	13	70
116	133	117	67	89	15	63
116	133	128	67	99	9	75
116	115	123	66	92	16	62
116	115	129	66	98	16	60
116	115	117	66	89	24	51
116	115	128	66	99	16	76
116	123	129	92	98	30	60
116	123	117	92	89	32	36
116	123	128	92	99	23	65
116	129	117	98	89	52	17
116	129	128	98	99	32	59
116	117	128	89	99	12	74
117	121	123	80	88	15	26
117	121	116	80	83	52	24
117	121	129	80	85	27	18
117	121	118	80	100	19	62
117	121	132	80	73	54	28
117	121	119	80	72	67	22
117	121	115	80	75	27	57
117	123	116	88	83	63	29
117	123	129	88	85	58	16
117	123	118	88	100	27	75
117	123	132	88	73	68	16
117	123	119	88	72	69	11
117	123	115	88	75	31	54
117	116	129	83	85	19	47
117	116	118	83	100	20	76
117	116	132	83	73	65	10
117	116	119	83	72	51	12
117	116	115	83	75	32	46
117	129	118	85	100	25	62
117	129	132	85	73	58	13
117	129	119	85	72	49	24
117	129	115	85	75	30	53
117	118	132	100	73	55	32
117	118	119	100	72	77	17
117	118	115	100	75	69	25
117	132	119	73	72	15	50
117	132	115	73	75	18	61
117	119	115	72	75	24	58
118	133	123	78	93	22	27
118	133	115	78	97	19	66
118	133	129	78	38	47	10
118	133	121	78	97	17	68
118	133	117	78	100	8	66
118	133	132	78	90	14	26
118	123	115	93	97	33	66
118	123	129	93	38	48	10
118	123	121	93	97	17	72
118	123	117	93	100	24	60
118	123	132	93	90	36	25
118	115	129	97	38	58	13
118	115	121	97	97	39	26
118	115	117	97	100	27	71
118	115	132	97	90	68	13
118	129	121	38	97	12	75
118	129	117	38	100	14	74
118	129	132	38	90	7	67
118	121	117	97	100	28	54
118	121	132	97	90	64	21
118	117	132	100	90	74	26
119	117	133	72	78	45	8
119	117	129	72	13	67	6
119	117	121	72	86	21	50
119	117	115	72	74	30	52
119	117	118	72	0	77	0
119	133	129	78	13	67	4
119	133	121	78	86	20	53
119	133	115	78	74	26	43
119	133	118	78	0	79	0
119	129	121	13	86	2	66
119	129	115	13	74	2	61
119	129	118	13	0	14	0
119	121	115	86	74	20	33
119	121	118	86	0	75	0
119	115	118	74	0	75	0
120	130	137	46	53	48	18
120	130	132	46	75	22	49
120	130	121	46	62	49	14
120	137	132	53	75	20	56
120	137	121	53	62	18	27
120	132	121	75	62	54	15
121	119	117	91	90	26	45
121	119	118	91	96	19	69
121	119	115	91	69	43	25
121	119	133	91	66	59	25
121	119	132	91	65	65	10
121	119	120	91	64	61	8
121	117	118	90	96	23	57
121	117	115	90	69	44	29
121	117	133	90	66	61	19
121	117	132	90	65	53	22
121	117	120	90	64	67	6
121	118	115	96	69	52	16
121	118	133	96	66	63	21
121	118	132	96	65	58	18
121	118	120	96	64	63	12
121	115	133	69	66	47	15
121	115	132	69	65	52	19
121	115	120	69	64	44	16
121	133	132	66	65	46	14
121	133	120	66	64	16	15
121	132	120	65	64	13	42
122	128	135	100	28	71	11
122	128	136	100	85	33	62
122	128	116	100	30	74	6
122	128	127	100	83	79	13
122	128	131	100	0	99	0
122	135	136	28	85	7	75
122	135	116	28	30	14	15
122	135	127	28	83	9	45
122	135	131	28	0	29	0
122	136	116	85	30	66	8
122	136	127	85	83	50	25
122	136	131	85	0	78	2
122	116	127	30	83	2	61
122	116	131	30	0	20	1
122	127	131	83	0	84	0
123	129	126	100	99	56	22
123	129	128	100	84	69	13
123	129	65	100	90	56	17
123	129	115	100	54	62	20
123	129	133	100	100	27	69
123	129	117	100	86	52	24
123	129	116	100	99	69	20
123	129	118	100	79	71	23
123	129	132	100	1	95	0
123	129	137	100	66	77	11
123	126	128	99	84	65	11
123	126	65	99	90	62	13
123	126	115	99	54	66	6
123	126	133	99	100	23	51
123	126	117	99	86	19	18
123	126	116	99	99	51	32
123	126	118	99	79	54	7
123	126	132	99	1	86	0
123	126	137	99	66	58	18
123	128	65	84	90	14	57
123	128	115	84	54	21	14
123	128	133	84	100	14	64
123	128	117	84	86	14	64
123	128	116	84	99	20	70
123	128	118	84	79	24	24
123	128	132	84	1	65	1
123	128	137	84	66	17	19
123	65	115	90	54	51	22
123	65	133	90	100	16	63
123	65	117	90	86	19	51
123	65	116	90	99	10	68
123	65	118	90	79	40	15
123	65	132	90	1	78	0
123	65	137	90	66	58	16
123	115	133	54	100	21	67
123	115	117	54	86	20	55
123	115	116	54	99	22	65
123	115	118	54	79	17	32
123	115	132	54	1	57	0
123	115	137	54	66	14	12
123	133	117	100	86	66	7
123	133	116	100	99	59	28
123	133	118	100	79	71	17
123	133	132	100	1	93	0
123	133	137	100	66	78	20
123	117	116	86	99	49	37
123	117	118	86	79	52	19
123	117	132	86	1	81	0
123	117	137	86	66	65	10
123	116	118	99	79	64	21
123	116	132	99	1	98	0
123	116	137	99	66	78	13
123	118	132	79	1	72	2
123	118	137	79	66	35	9
123	132	137	1	66	1	60
124	127	136	84	68	55	14
126	129	133	84	62	35	31
126	129	116	84	55	56	15
126	129	138	84	100	20	65
126	129	77	84	17	61	3
126	129	123	84	98	24	76
126	133	116	62	55	31	21
126	133	138	62	100	19	69
126	133	77	62	17	59	2
126	133	123	62	98	21	65
126	116	138	55	100	7	75
126	116	77	55	17	33	3
126	116	123	55	98	15	70
126	138	77	100	17	81	4
126	138	123	100	98	50	29
126	77	123	17	98	2	87
127	136	135	73	69	59	17
127	136	124	73	88	25	46
127	136	122	73	84	52	28
127	135	124	69	88	16	53
127	135	122	69	84	19	38
127	124	122	88	84	54	16
128	123	135	83	38	59	9
128	123	127	83	0	65	0
128	123	118	83	56	68	12
128	123	122	83	100	11	76
128	123	136	83	89	18	60
128	123	129	83	73	30	16
128	123	116	83	99	23	74
128	135	127	38	0	48	0
128	135	118	38	56	24	24
128	135	122	38	100	5	78
128	135	136	38	89	15	58
128	135	129	38	73	17	45
128	135	116	38	99	8	82
128	127	118	0	56	0	13
128	127	122	0	100	0	100
128	127	136	0	89	0	90
128	127	129	0	73	0	77
128	127	116	0	99	0	100
128	118	122	56	100	2	91
128	118	136	56	89	8	83
128	118	129	56	73	7	62
128	118	116	56	99	4	92
128	122	136	100	89	57	25
128	122	129	100	73	65	12
128	122	116	100	99	28	58
128	136	129	89	73	67	21
128	136	116	89	99	27	48
128	129	116	73	99	16	72
129	123	116	95	100	59	28
129	123	117	95	88	63	30
129	123	128	95	60	65	32
129	123	118	95	71	64	16
129	123	133	95	88	54	26
129	123	65	95	74	58	26
129	123	126	95	79	63	30
129	123	138	95	99	57	26
129	116	117	100	88	34	39
129	116	128	100	60	64	20
129	116	118	100	71	77	16
129	116	133	100	88	33	56
129	116	65	100	74	71	10
129	116	126	100	79	60	22
129	116	138	100	99	25	16
129	117	128	88	60	65	16
129	117	118	88	71	67	12
129	117	133	88	88	19	64
129	117	65	88	74	64	15
129	117	126	88	79	72	23
129	117	138	88	99	57	24
129	128	118	60	71	24	36
129	128	133	60	88	10	64
129	128	65	60	74	21	41
129	128	126	60	79	23	66
129	128	138	60	99	9	73
129	118	133	71	88	23	69
129	118	65	71	74	25	19
129	118	126	71	79	22	62
129	118	138	71	99	27	48
129	133	65	88	74	67	7
129	133	126	88	79	66	26
129	133	138	88	99	74	22
129	65	126	74	79	18	63
129	65	138	74	99	11	75
129	126	138	79	99	24	74
130	132	137	85	89	31	59
130	132	120	85	71	68	13
130	137	120	89	71	55	20
131	68	135	25	78	13	73
131	68	136	25	66	9	55
131	135	136	78	66	63	17
132	121	117	72	68	18	29
132	121	120	72	85	16	52
132	121	115	72	58	28	18
132	121	130	72	90	8	68
132	121	118	72	86	8	63
132	121	137	72	71	1	62
132	121	123	72	3	29	13
132	117	120	68	85	13	55
132	117	115	68	58	42	6
132	117	130	68	90	11	63
132	117	118	68	86	16	48
132	117	137	68	71	10	55
132	117	123	68	3	42	4
132	120	115	85	58	50	8
132	120	130	85	90	21	58
132	120	118	85	86	54	13
132	120	137	85	71	29	49
132	120	123	85	3	85	0
132	115	130	58	90	2	83
132	115	118	58	86	6	67
132	115	137	58	71	1	59
132	115	123	58	3	43	0
132	130	118	90	86	57	11
132	130	137	90	71	57	26
132	130	123	90	3	83	2
132	118	137	86	71	20	57
132	118	123	86	3	81	0
132	137	123	71	3	71	0
133	137	118	87	71	59	12
133	137	115	87	48	70	10
133	137	126	87	79	65	25
133	137	121	87	61	58	15
133	137	116	87	84	63	22
133	137	129	87	100	15	54
133	137	123	87	100	22	67
133	137	119	87	76	63	4
133	118	115	71	48	23	24
133	118	126	71	79	16	61
133	118	121	71	61	35	19
133	118	116	71	84	22	23
133	118	129	71	100	23	67
133	118	123	71	100	12	68
133	118	119	71	76	22	12
133	115	126	48	79	14	58
133	115	121	48	61	23	21
133	115	116	48	84	20	24
133	115	129	48	100	9	66
133	115	123	48	100	13	70
133	115	119	48	76	21	25
133	126	121	79	61	62	10
133	126	116	79	84	43	19
133	126	129	79	100	18	74
133	126	123	79	100	21	62
133	126	119	79	76	69	15
133	121	116	61	84	48	19
133	121	129	61	100	17	75
133	121	123	61	100	14	80
133	121	119	61	76	21	20
133	116	129	84	100	25	65
133	116	123	84	100	20	66
133	116	119	84	76	41	19
133	129	123	100	100	29	62
133	129	119	100	76	73	11
133	123	119	100	76	77	11
135	131	68	78	61	63	16
135	131	136	78	79	16	46
135	131	127	78	79	60	12
135	131	122	78	44	63	8
135	131	128	78	40	66	7
135	68	136	61	79	22	63
135	68	127	61	79	31	24
135	68	122	61	44	53	7
135	68	128	61	40	48	11
135	136	127	79	79	47	17
135	136	122	79	44	74	9
135	136	128	79	40	64	15
135	127	122	79	44	51	7
135	127	128	79	40	48	14
135	122	128	44	40	8	20
136	135	131	88	67	60	17
136	135	127	88	83	54	20
136	135	128	88	91	22	28
136	135	122	88	89	22	61
136	135	124	88	69	63	11
136	135	116	88	18	65	6
136	131	127	67	83	9	69
136	131	128	67	91	10	67
136	131	122	67	89	9	73
136	131	124	67	69	15	29
136	131	116	67	18	40	5
136	127	128	83	91	13	55
136	127	122	83	89	24	54
136	127	124	83	69	60	26
136	127	116	83	18	67	4
136	128	122	91	89	25	46
136	128	124	91	69	75	4
136	128	116	91	18	65	9
136	122	124	89	69	64	13
136	122	116	89	18	68	11
136	124	116	69	18	50	6
137	133	130	88	100	13	69
137	133	120	88	70	64	11
137	133	132	88	85	34	35
137	133	123	88	74	43	20
137	130	120	100	70	77	15
137	130	132	100	85	64	18
137	130	123	100	74	77	14
137	120	132	70	85	12	68
137	120	123	70	74	28	22
137	132	123	85	74	62	20
138	133	123	0	4	3	1
138	133	129	0	100	0	98
138	133	119	0	0	2	0
138	133	121	0	3	1	0
138	133	126	0	100	0	97
138	133	130	0	8	0	2
138	133	117	0	0	0	0
138	123	129	4	100	0	98
138	123	119	4	0	2	0
138	123	121	4	3	0	0
138	123	126	4	100	0	97
138	123	130	4	8	1	9
138	123	117	4	0	4	0
138	129	119	100	0	100	0
138	129	121	100	3	98	0
138	129	126	100	100	31	65
138	129	130	100	8	86	0
138	129	117	100	0	100	0
138	119	121	0	3	0	3
138	119	126	0	100	0	100
138	119	130	0	8	2	23
138	119	117	0	0	0	0
138	121	126	3	100	0	99
138	121	130	3	8	0	41
138	121	117	3	0	1	0
138	126	130	100	8	79	12
138	126	117	100	0	99	0
138	130	117	8	0	31	0
