51
65 1 82 
57 1 84 
73 1 65 
58 1 59 
53 1 57 
51 1 46 
54 1 55 
75 1 68 
119 2 133 73 
47 1 58 
56 3 54 51 53 
79 1 75 
137 1 119 
32 1 34 
27 2 56 47 
138 1 79 
131 3 139 122 137 
128 1 130 
48 2 45 32 
24 1 27 
135 2 131 138 
124 2 117 128 
17 1 83 
31 2 24 48 
123 1 135 
126 1 124 
120 1 136 
19 3 12 26 17 
60 1 31 
38 1 30 
25 1 28 
71 2 74 70 
118 4 120 126 123 132 
69 1 76 
2 1 19 
66 1 60 
7 1 15 
3 2 20 6 
37 2 39 38 
35 3 36 25 33 
72 1 71 
63 2 77 78 
80 3 2 69 118 
11 1 13 
18 4 3 7 16 66 
5 2 35 37 
67 1 72 
64 2 80 63 
14 3 5 18 11 
9 3 10 4 67 
1 4 9 14 8 64 
