50
65 1 82 
73 1 65 
119 2 133 73 
137 1 119 
131 1 137 
139 2 131 138 
128 1 130 
135 2 139 122 
124 3 126 117 128 
123 1 135 
120 3 124 118 132 
53 1 57 
136 2 120 123 
51 3 53 46 84 
83 1 136 
31 1 24 
58 1 59 
56 2 51 30 
17 1 83 
27 1 31 
47 3 55 56 58 
39 1 17 
54 2 47 27 
34 1 32 
38 1 39 
45 2 34 54 
25 1 28 
36 1 38 
75 4 79 76 69 68 
48 1 45 
15 2 20 16 
35 3 36 25 33 
71 1 74 
77 1 75 
60 1 48 
7 1 15 
37 2 35 26 
19 1 12 
72 2 71 70 
63 2 77 78 
66 1 60 
11 1 6 
18 1 7 
5 3 2 19 37 
67 1 72 
64 1 80 
8 1 63 
14 6 5 18 3 11 66 13 
9 1 67 
1 6 9 10 14 8 64 4 
