54
65 1 82 
68 1 77 
73 1 65 
75 1 68 
119 2 133 73 
57 1 84 
79 1 75 
137 1 119 
53 1 57 
138 1 79 
131 3 139 122 137 
51 2 53 46 
135 2 131 138 
128 1 130 
38 1 30 
25 1 28 
34 1 32 
58 1 59 
56 3 54 55 51 
123 1 135 
124 2 117 128 
37 2 39 38 
35 3 36 25 33 
17 1 83 
45 1 34 
47 1 58 
27 1 56 
132 1 123 
126 1 124 
120 1 136 
5 2 35 37 
19 3 12 26 17 
48 2 47 45 
24 1 27 
118 3 120 126 132 
69 1 76 
2 2 19 5 
31 2 24 48 
80 3 2 69 118 
60 1 31 
71 2 74 70 
64 1 80 
66 1 60 
7 1 15 
11 2 13 20 
72 1 71 
63 2 64 78 
18 3 7 16 66 
4 1 11 
3 1 6 
8 2 63 72 
14 1 18 
9 3 10 4 67 
1 4 9 14 8 3 
