57
128 1 117 
130 1 128 
126 2 124 130 
120 1 136 
118 2 120 126 
65 1 82 
132 1 118 
73 1 65 
123 1 132 
24 1 31 
34 1 32 
58 1 59 
119 2 133 73 
135 1 123 
27 1 24 
45 1 34 
47 2 55 58 
137 1 119 
131 2 122 135 
54 4 47 45 48 27 
71 1 74 
139 2 131 137 
56 1 54 
72 1 71 
138 1 139 
51 1 56 
57 3 84 46 30 
70 1 72 
79 1 138 
53 2 57 51 
78 1 70 
75 2 77 79 
68 3 75 78 53 
17 1 83 
76 1 68 
60 1 33 
39 1 17 
69 1 76 
66 1 60 
38 1 39 
80 1 69 
19 2 26 12 
16 1 66 
37 2 36 38 
2 2 19 80 
25 1 28 
7 1 15 
3 1 16 
5 2 2 37 
20 1 6 
35 1 25 
18 3 5 3 7 
11 2 13 20 
64 1 63 
14 2 18 35 
9 4 10 4 67 11 
1 4 9 14 8 64 
