54
65 1 82 
73 1 65 
119 2 133 73 
137 1 119 
139 1 138 
128 1 130 
57 1 84 
131 2 139 137 
124 2 117 128 
53 2 57 30 
31 1 24 
122 1 131 
126 1 124 
120 2 136 132 
51 2 53 46 
27 1 31 
135 1 122 
118 2 120 126 
56 1 51 
55 1 27 
58 1 59 
17 1 83 
123 2 118 135 
47 3 58 55 56 
28 1 25 
39 1 17 
78 1 70 
75 3 79 68 77 
69 2 123 63 
54 1 47 
34 1 32 
38 2 39 28 
76 3 69 75 78 
45 2 34 54 
7 1 3 
36 1 38 
80 1 76 
48 1 45 
15 2 16 7 
26 1 36 
2 1 80 
71 1 74 
60 1 48 
20 1 15 
19 3 2 26 12 
72 1 71 
35 1 33 
66 1 60 
11 3 13 20 6 
5 2 19 37 
67 1 72 
14 5 5 18 11 66 35 
9 1 67 
1 6 9 10 14 8 4 64 
