1	9	10	94	100	27	46	38	35
1	9	3	94	88	70	13	38	44
1	9	14	94	100	27	61	38	12
1	9	8	94	100	50	30	38	40
1	9	64	94	87	59	27	38	42
1	9	66	94	79	70	13	38	43
1	9	4	94	100	21	70	38	23
1	9	18	94	94	72	19	38	42
1	9	11	94	10	78	4	38	48
1	10	3	100	88	72	7	35	44
1	10	14	100	100	14	58	35	12
1	10	8	100	100	61	23	35	40
1	10	64	100	87	69	8	35	42
1	10	66	100	79	78	10	35	43
1	10	4	100	100	25	68	35	23
1	10	18	100	94	72	10	35	42
1	10	11	100	10	88	3	35	48
1	3	14	88	100	23	64	44	12
1	3	8	88	100	13	20	44	40
1	3	64	88	87	21	10	44	42
1	3	66	88	79	38	14	44	43
1	3	4	88	100	12	78	44	23
1	3	18	88	94	37	34	44	42
1	3	11	88	10	61	2	44	48
1	14	8	100	100	64	22	12	40
1	14	64	100	87	61	21	12	42
1	14	66	100	79	68	17	12	43
1	14	4	100	100	71	14	12	23
1	14	18	100	94	67	22	12	42
1	14	11	100	10	73	3	12	48
1	8	64	100	87	40	17	40	42
1	8	66	100	79	31	7	40	43
1	8	4	100	100	28	51	40	23
1	8	18	100	94	36	27	40	42
1	8	11	100	10	56	2	40	48
1	64	66	87	79	28	25	42	43
1	64	4	87	100	8	61	42	23
1	64	18	87	94	13	23	42	42
1	64	11	87	10	45	3	42	48
1	66	4	79	100	7	73	43	23
1	66	18	79	94	17	29	43	42
1	66	11	79	10	39	7	43	48
1	4	18	100	94	67	10	23	42
1	4	11	100	10	86	3	23	48
1	18	11	94	10	45	1	42	48
2	12	80	1	88	0	86	28	37
2	12	19	1	69	2	69	28	34
2	12	18	1	79	1	69	28	41
2	12	5	1	83	0	79	28	36
2	80	19	88	69	25	19	37	34
2	80	18	88	79	55	16	37	41
2	80	5	88	83	29	18	37	36
2	19	18	69	79	45	20	34	41
2	19	5	69	83	23	34	34	36
2	18	5	79	83	17	54	41	36
3	7	20	100	79	68	16	29	29
3	7	6	100	79	67	22	29	46
3	7	5	100	2	94	0	29	45
3	7	1	100	92	61	7	29	42
3	7	18	100	99	22	60	29	20
3	7	15	100	75	56	22	29	37
3	7	16	100	83	50	18	29	32
3	7	14	100	92	55	29	29	31
3	20	6	79	79	39	29	29	46
3	20	5	79	2	71	0	29	45
3	20	1	79	92	51	16	29	42
3	20	18	79	99	9	69	29	20
3	20	15	79	75	40	24	29	37
3	20	16	79	83	22	42	29	32
3	20	14	79	92	6	59	29	31
3	6	5	79	2	73	0	46	45
3	6	1	79	92	15	29	46	42
3	6	18	79	99	10	65	46	20
3	6	15	79	75	22	43	46	37
3	6	16	79	83	15	49	46	32
3	6	14	79	92	9	66	46	31
3	5	1	2	92	0	86	45	42
3	5	18	2	99	0	99	45	20
3	5	15	2	75	0	77	45	37
3	5	16	2	83	0	81	45	32
3	5	14	2	92	0	96	45	31
3	1	18	92	99	25	56	42	20
3	1	15	92	75	16	51	42	37
3	1	16	92	83	21	43	42	32
3	1	14	92	92	25	55	42	31
3	18	15	99	75	65	14	20	37
3	18	16	99	83	61	22	20	32
3	18	14	99	92	66	21	20	31
3	15	16	75	83	21	55	37	32
3	15	14	75	92	11	73	37	31
3	16	14	83	92	27	45	32	31
4	10	8	99	100	73	20	28	31
4	10	9	99	100	55	28	28	32
4	10	11	99	93	71	11	28	37
4	10	67	99	100	67	27	28	35
4	10	1	99	99	28	59	28	27
4	8	9	100	100	21	45	31	32
4	8	11	100	93	51	30	31	37
4	8	67	100	100	60	24	31	35
4	8	1	100	99	25	63	31	27
4	9	11	100	93	50	11	32	37
4	9	67	100	100	61	30	32	35
4	9	1	100	99	28	63	32	27
4	11	67	93	100	53	14	37	35
4	11	1	93	99	19	64	37	27
4	67	1	100	99	9	65	35	27
5	37	35	92	71	45	17	31	37
5	37	19	92	63	58	24	31	34
5	37	18	92	90	38	27	31	33
5	37	2	92	76	51	18	31	39
5	37	14	92	100	35	23	31	33
5	37	11	92	15	54	4	31	49
5	37	12	92	1	70	0	31	33
5	35	19	71	63	33	18	37	34
5	35	18	71	90	23	35	37	33
5	35	2	71	76	33	28	37	39
5	35	14	71	100	24	68	37	33
5	35	11	71	15	71	4	37	49
5	35	12	71	1	72	2	37	33
5	19	18	63	90	18	44	34	33
5	19	2	63	76	38	30	34	39
5	19	14	63	100	9	70	34	33
5	19	11	63	15	72	8	34	49
5	19	12	63	1	77	0	34	33
5	18	2	90	76	71	17	33	39
5	18	14	90	100	29	64	33	33
5	18	11	90	15	77	7	33	49
5	18	12	90	1	97	1	33	33
5	2	14	76	100	15	72	39	33
5	2	11	76	15	66	2	39	49
5	2	12	76	1	77	2	39	33
5	14	11	100	15	80	2	33	49
5	14	12	100	1	97	0	33	33
5	11	12	15	1	17	0	49	33
6	15	20	76	76	47	20	29	31
6	15	11	76	88	15	33	29	33
6	15	7	76	89	56	27	29	36
6	15	3	76	76	57	17	29	45
6	15	16	76	76	19	58	29	29
6	20	11	76	88	19	62	31	33
6	20	7	76	89	31	51	31	36
6	20	3	76	76	26	52	31	45
6	20	16	76	76	7	64	31	29
6	11	7	88	89	67	9	33	36
6	11	3	88	76	69	12	33	45
6	11	16	88	76	25	44	33	29
6	7	3	89	76	64	20	36	45
6	7	16	89	76	35	48	36	29
6	3	16	76	76	28	49	45	29
7	6	15	89	91	24	50	39	23
7	6	16	89	89	18	73	39	33
7	6	20	89	89	54	27	39	37
7	6	3	89	100	22	70	39	30
7	6	14	89	98	62	19	39	43
7	6	18	89	98	18	67	39	33
7	15	16	91	89	62	25	23	33
7	15	20	91	89	42	27	23	37
7	15	3	91	100	61	30	23	30
7	15	14	91	98	68	20	23	43
7	15	18	91	98	62	23	23	33
7	16	20	89	89	54	28	33	37
7	16	3	89	100	18	68	33	30
7	16	14	89	98	57	25	33	43
7	16	18	89	98	67	25	33	33
7	20	3	89	100	25	71	37	30
7	20	14	89	98	21	16	37	43
7	20	18	89	98	25	67	37	33
7	3	14	100	98	63	24	30	43
7	3	18	100	98	53	38	30	33
7	14	18	98	98	34	55	43	33
8	14	63	100	72	70	15	37	45
8	14	67	100	97	69	9	37	43
8	14	18	100	41	70	12	37	45
8	14	11	100	27	90	3	37	49
8	14	9	100	100	32	49	37	27
8	14	64	100	99	73	19	37	39
8	14	10	100	98	10	62	37	33
8	14	4	100	100	7	63	37	29
8	14	1	100	96	52	26	37	43
8	14	72	100	2	85	0	37	48
8	63	67	72	97	8	28	45	43
8	63	18	72	41	16	0	45	45
8	63	11	72	27	81	5	45	49
8	63	9	72	100	12	70	45	27
8	63	64	72	99	21	50	45	39
8	63	10	72	98	6	70	45	33
8	63	4	72	100	6	65	45	29
8	63	1	72	96	17	26	45	43
8	63	72	72	2	83	0	45	48
8	67	18	97	41	69	3	43	45
8	67	11	97	27	60	2	43	49
8	67	9	97	100	16	65	43	27
8	67	64	97	99	25	23	43	39
8	67	10	97	98	11	58	43	33
8	67	4	97	100	16	43	43	29
8	67	1	97	96	21	8	43	43
8	67	72	97	2	87	1	43	48
8	18	11	41	27	28	14	45	49
8	18	9	41	100	10	72	45	27
8	18	64	41	99	5	80	45	39
8	18	10	41	98	8	84	45	33
8	18	4	41	100	4	83	45	29
8	18	1	41	96	8	77	45	43
8	18	72	41	2	43	0	45	48
8	11	9	27	100	3	81	49	27
8	11	64	27	99	5	84	49	39
8	11	10	27	98	4	93	49	33
8	11	4	27	100	7	91	49	29
8	11	1	27	96	7	77	49	43
8	11	72	27	2	26	0	49	48
8	9	64	100	99	63	27	27	39
8	9	10	100	98	56	27	27	33
8	9	4	100	100	71	19	27	29
8	9	1	100	96	66	18	27	43
8	9	72	100	2	100	0	27	48
8	64	10	99	98	12	67	39	33
8	64	4	99	100	13	62	39	29
8	64	1	99	96	48	27	39	43
8	64	72	99	2	95	0	39	48
8	10	4	98	100	35	37	33	29
8	10	1	98	96	63	23	33	43
8	10	72	98	2	99	0	33	48
8	4	1	100	96	51	33	29	43
8	4	72	100	2	98	0	29	48
8	1	72	96	2	90	0	43	48
9	1	10	97	100	20	71	37	15
9	1	4	97	100	24	61	37	28
9	1	8	97	100	29	58	37	23
9	1	14	97	29	74	12	37	46
9	1	67	97	100	9	78	37	25
9	1	72	97	0	74	0	37	65535
9	1	64	97	50	61	15	37	44
9	10	4	100	100	58	22	15	28
9	10	8	100	100	56	29	15	23
9	10	14	100	29	78	3	15	46
9	10	67	100	100	73	23	15	25
9	10	72	100	0	100	0	15	65535
9	10	64	100	50	78	4	15	44
9	4	8	100	100	37	58	28	23
9	4	14	100	29	84	5	28	46
9	4	67	100	100	35	53	28	25
9	4	72	100	0	100	0	28	65535
9	4	64	100	50	75	7	28	44
9	8	14	100	29	77	12	23	46
9	8	67	100	100	31	52	23	25
9	8	72	100	0	100	0	23	65535
9	8	64	100	50	67	16	23	44
9	14	67	29	100	4	78	46	25
9	14	72	29	0	26	0	46	65535
9	14	64	29	50	14	35	46	44
9	67	72	100	0	100	0	25	65535
9	67	64	100	50	77	4	25	44
9	72	64	0	50	0	47	65535	44
10	1	67	99	100	26	8	37	37
10	1	8	99	99	24	62	37	31
10	1	4	99	100	25	66	37	25
10	1	13	99	26	82	3	37	44
10	1	9	99	99	37	58	37	17
10	67	8	100	99	37	49	37	31
10	67	4	100	100	35	51	37	25
10	67	13	100	26	82	4	37	44
10	67	9	100	99	24	71	37	17
10	8	4	99	100	22	68	31	25
10	8	13	99	26	82	2	31	44
10	8	9	99	99	26	68	31	17
10	4	13	100	26	84	1	25	44
10	4	9	100	99	29	66	25	17
10	13	9	26	99	2	74	44	17
11	4	18	90	89	49	8	31	33
11	4	20	90	90	17	59	31	23
11	4	66	90	7	78	1	31	46
11	4	15	90	43	63	6	31	44
11	4	13	90	82	56	6	31	35
11	4	14	90	90	66	8	31	39
11	4	6	90	90	22	62	31	33
11	4	8	90	27	71	12	31	45
11	4	1	90	10	79	3	31	46
11	18	20	89	90	18	61	33	23
11	18	66	89	7	75	2	33	46
11	18	15	89	43	63	10	33	44
11	18	13	89	82	39	23	33	35
11	18	14	89	90	55	21	33	39
11	18	6	89	90	19	63	33	33
11	18	8	89	27	50	12	33	45
11	18	1	89	10	81	0	33	46
11	20	66	90	7	78	1	23	46
11	20	15	90	43	62	11	23	44
11	20	13	90	82	30	49	23	35
11	20	14	90	90	63	17	23	39
11	20	6	90	90	55	19	23	33
11	20	8	90	27	69	3	23	45
11	20	1	90	10	84	3	23	46
11	66	15	7	43	3	32	46	44
11	66	13	7	82	1	71	46	35
11	66	14	7	90	1	75	46	39
11	66	6	7	90	1	79	46	33
11	66	8	7	27	1	15	46	45
11	66	1	7	10	4	9	46	46
11	15	13	43	82	10	64	44	35
11	15	14	43	90	9	70	44	39
11	15	6	43	90	14	62	44	33
11	15	8	43	27	12	9	44	45
11	15	1	43	10	38	6	44	46
11	13	14	82	90	48	34	35	39
11	13	6	82	90	9	59	35	33
11	13	8	82	27	63	5	35	45
11	13	1	82	10	74	5	35	46
11	14	6	90	90	15	60	39	33
11	14	8	90	27	66	10	39	45
11	14	1	90	10	84	1	39	46
11	6	8	90	27	69	4	33	45
11	6	1	90	10	84	1	33	46
11	8	1	27	10	19	6	45	46
13	11	14	82	82	20	49	38	35
13	11	10	82	21	71	6	38	44
13	11	18	82	77	61	30	38	38
13	11	20	82	76	50	22	38	38
13	14	10	82	21	76	4	35	44
13	14	18	82	77	56	39	35	38
13	14	20	82	76	71	8	35	38
13	10	18	21	77	2	76	44	38
13	10	20	21	76	1	74	44	38
13	18	20	77	76	25	14	38	38
14	9	11	37	91	9	62	45	42
14	9	1	37	100	9	75	45	12
14	9	8	37	100	9	79	45	33
14	9	18	37	100	3	70	45	17
14	9	5	37	100	5	81	45	31
14	9	35	37	74	10	59	45	37
14	9	66	37	89	7	69	45	33
14	9	37	37	73	14	49	45	36
14	9	3	37	95	5	78	45	31
14	9	64	37	56	12	20	45	43
14	9	13	37	92	6	69	45	32
14	9	7	37	89	9	55	45	41
14	9	16	37	88	10	57	45	41
14	11	1	91	100	21	59	42	12
14	11	8	91	100	17	69	42	33
14	11	18	91	100	23	62	42	17
14	11	5	91	100	19	65	42	31
14	11	35	91	74	28	50	42	37
14	11	66	91	89	24	59	42	33
14	11	37	91	73	31	18	42	36
14	11	3	91	95	24	49	42	31
14	11	64	91	56	69	7	42	43
14	11	13	91	92	19	54	42	32
14	11	7	91	89	51	23	42	41
14	11	16	91	88	9	7	42	41
14	1	8	100	100	66	23	12	33
14	1	18	100	100	70	22	12	17
14	1	5	100	100	68	16	12	31
14	1	35	100	74	73	10	12	37
14	1	66	100	89	71	24	12	33
14	1	37	100	73	77	10	12	36
14	1	3	100	95	60	23	12	31
14	1	64	100	56	78	8	12	43
14	1	13	100	92	74	15	12	32
14	1	7	100	89	68	10	12	41
14	1	16	100	88	68	6	12	41
14	8	18	100	100	34	42	33	17
14	8	5	100	100	7	64	33	31
14	8	35	100	74	52	10	33	37
14	8	66	100	89	29	46	33	33
14	8	37	100	73	62	13	33	36
14	8	3	100	95	19	56	33	31
14	8	64	100	56	72	14	33	43
14	8	13	100	92	18	50	33	32
14	8	7	100	89	72	7	33	41
14	8	16	100	88	57	10	33	41
14	18	5	100	100	68	23	17	31
14	18	35	100	74	75	22	17	37
14	18	66	100	89	59	14	17	33
14	18	37	100	73	78	10	17	36
14	18	3	100	95	67	25	17	31
14	18	64	100	56	76	9	17	43
14	18	13	100	92	69	18	17	32
14	18	7	100	89	62	23	17	41
14	18	16	100	88	72	19	17	41
14	5	35	100	74	62	16	31	37
14	5	66	100	89	46	15	31	33
14	5	37	100	73	81	12	31	36
14	5	3	100	95	21	65	31	31
14	5	64	100	56	76	9	31	43
14	5	13	100	92	33	25	31	32
14	5	7	100	89	68	12	31	41
14	5	16	100	88	78	12	31	41
14	35	66	74	89	26	63	37	33
14	35	37	74	73	24	23	37	36
14	35	3	74	95	22	65	37	31
14	35	64	74	56	53	21	37	43
14	35	13	74	92	14	68	37	32
14	35	7	74	89	47	24	37	41
14	35	16	74	88	33	30	37	41
14	66	37	89	73	65	23	33	36
14	66	3	89	95	16	63	33	31
14	66	64	89	56	57	13	33	43
14	66	13	89	92	14	17	33	32
14	66	7	89	89	67	10	33	41
14	66	16	89	88	62	21	33	41
14	37	3	73	95	16	63	36	31
14	37	64	73	56	49	18	36	43
14	37	13	73	92	17	69	36	32
14	37	7	73	89	45	27	36	41
14	37	16	73	88	33	31	36	41
14	3	64	95	56	60	7	31	43
14	3	13	95	92	54	11	31	32
14	3	7	95	89	53	18	31	41
14	3	16	95	88	60	27	31	41
14	64	13	56	92	13	64	43	32
14	64	7	56	89	7	37	43	41
14	64	16	56	88	5	49	43	41
14	13	7	92	89	58	9	32	41
14	13	16	92	88	64	7	32	41
14	7	16	89	88	8	27	41	41
15	11	3	44	79	6	58	48	41
15	11	6	44	81	13	56	48	33
15	11	7	44	86	3	73	48	26
15	11	16	44	77	2	68	48	29
15	11	20	44	79	15	56	48	31
15	11	18	44	85	11	78	48	38
15	3	6	79	81	29	39	41	33
15	3	7	79	86	24	49	41	26
15	3	16	79	77	18	53	41	29
15	3	20	79	79	22	50	41	31
15	3	18	79	85	26	28	41	38
15	6	7	81	86	25	53	33	26
15	6	16	81	77	22	50	33	29
15	6	20	81	79	46	22	33	31
15	6	18	81	85	54	19	33	38
15	7	16	86	77	56	29	26	29
15	7	20	86	79	69	16	26	31
15	7	18	86	85	61	22	26	38
15	16	20	77	79	54	26	29	31
15	16	18	77	85	58	29	29	38
15	20	18	79	85	58	21	31	38
16	3	15	77	80	26	50	32	25
16	3	6	77	82	21	42	32	31
16	3	20	77	79	25	46	32	23
16	3	18	77	83	54	30	32	42
16	3	14	77	87	50	21	32	41
16	3	66	77	71	49	8	32	37
16	3	7	77	88	45	28	32	32
16	15	6	80	82	25	27	25	31
16	15	20	80	79	25	46	25	23
16	15	18	80	83	52	30	25	42
16	15	14	80	87	55	10	25	41
16	15	66	80	71	54	8	25	37
16	15	7	80	88	55	24	25	32
16	6	20	82	79	20	46	31	23
16	6	18	82	83	60	19	31	42
16	6	14	82	87	50	10	31	41
16	6	66	82	71	53	8	31	37
16	6	7	82	88	53	33	31	32
16	20	18	79	83	59	16	23	42
16	20	14	79	87	54	10	23	41
16	20	66	79	71	49	6	23	37
16	20	7	79	88	60	21	23	32
16	18	14	83	87	26	49	42	41
16	18	66	83	71	25	49	42	37
16	18	7	83	88	30	61	42	32
16	14	66	87	71	29	42	41	37
16	14	7	87	88	19	58	41	32
16	66	7	71	88	6	65	37	32
17	83	39	70	58	27	11	44	45
17	83	12	70	1	80	1	44	29
17	39	12	58	1	61	1	45	29
18	1	16	85	87	19	16	44	45
18	1	9	85	3	95	0	44	46
18	1	15	85	90	17	53	44	37
18	1	5	85	100	6	62	44	34
18	1	13	85	90	20	48	44	39
18	1	7	85	100	14	57	44	35
18	1	33	85	68	29	7	44	45
18	1	66	85	82	32	41	44	40
18	1	35	85	81	29	48	44	38
18	1	11	85	90	28	59	44	38
18	1	8	85	42	27	18	44	45
18	1	14	85	100	22	70	44	20
18	1	3	85	100	30	47	44	24
18	1	2	85	90	25	19	44	43
18	1	37	85	0	85	0	44	65535
18	1	19	85	57	45	9	44	43
18	16	9	87	3	78	3	45	46
18	16	15	87	90	7	70	45	37
18	16	5	87	100	2	65	45	34
18	16	13	87	90	6	38	45	39
18	16	7	87	100	18	63	45	35
18	16	33	87	68	31	14	45	45
18	16	66	87	82	24	39	45	40
18	16	35	87	81	31	48	45	38
18	16	11	87	90	12	68	45	38
18	16	8	87	42	50	10	45	45
18	16	14	87	100	13	71	45	20
18	16	3	87	100	16	66	45	24
18	16	2	87	90	19	17	45	43
18	16	37	87	0	72	0	45	65535
18	16	19	87	57	30	19	45	43
18	9	15	3	90	1	83	46	37
18	9	5	3	100	0	97	46	34
18	9	13	3	90	1	77	46	39
18	9	7	3	100	0	96	46	35
18	9	33	3	68	2	46	46	45
18	9	66	3	82	4	70	46	40
18	9	35	3	81	0	75	46	38
18	9	11	3	90	2	89	46	38
18	9	8	3	42	1	42	46	45
18	9	14	3	100	1	100	46	20
18	9	3	3	100	1	98	46	24
18	9	2	3	90	1	76	46	43
18	9	37	3	0	3	0	46	65535
18	9	19	3	57	1	51	46	43
18	15	5	90	100	12	65	37	34
18	15	13	90	90	21	14	37	39
18	15	7	90	100	22	68	37	35
18	15	33	90	68	67	19	37	45
18	15	66	90	82	27	10	37	40
18	15	35	90	81	26	26	37	38
18	15	11	90	90	21	61	37	38
18	15	8	90	42	73	11	37	45
18	15	14	90	100	11	66	37	20
18	15	3	90	100	20	61	37	24
18	15	2	90	90	51	17	37	43
18	15	37	90	0	91	0	37	65535
18	15	19	90	57	64	11	37	43
18	5	13	100	90	61	13	34	39
18	5	7	100	100	13	21	34	35
18	5	33	100	68	68	17	34	45
18	5	66	100	82	82	10	34	40
18	5	35	100	81	67	22	34	38
18	5	11	100	90	29	23	34	38
18	5	8	100	42	79	9	34	45
18	5	14	100	100	33	54	34	20
18	5	3	100	100	30	55	34	24
18	5	2	100	90	64	26	34	43
18	5	37	100	0	98	0	34	65535
18	5	19	100	57	77	12	34	43
18	13	7	90	100	12	65	39	35
18	13	33	90	68	64	10	39	45
18	13	66	90	82	24	9	39	40
18	13	35	90	81	32	44	39	38
18	13	11	90	90	23	62	39	38
18	13	8	90	42	67	11	39	45
18	13	14	90	100	34	68	39	20
18	13	3	90	100	9	73	39	24
18	13	2	90	90	30	18	39	43
18	13	37	90	0	87	0	39	65535
18	13	19	90	57	68	15	39	43
18	7	33	100	68	69	5	35	45
18	7	66	100	82	71	7	35	40
18	7	35	100	81	73	7	35	38
18	7	11	100	90	32	18	35	38
18	7	8	100	42	81	7	35	45
18	7	14	100	100	16	78	35	20
18	7	3	100	100	33	56	35	24
18	7	2	100	90	72	9	35	43
18	7	37	100	0	100	0	35	65535
18	7	19	100	57	75	7	35	43
18	33	66	68	82	26	51	45	40
18	33	35	68	81	21	51	45	38
18	33	11	68	90	20	73	45	38
18	33	8	68	42	24	15	45	45
18	33	14	68	100	6	75	45	20
18	33	3	68	100	9	79	45	24
18	33	2	68	90	14	42	45	43
18	33	37	68	0	66	0	45	65535
18	33	19	68	57	23	18	45	43
18	66	35	82	81	31	53	40	38
18	66	11	82	90	16	67	40	38
18	66	8	82	42	58	14	40	45
18	66	14	82	100	17	63	40	20
18	66	3	82	100	14	65	40	24
18	66	2	82	90	21	26	40	43
18	66	37	82	0	74	0	40	65535
18	66	19	82	57	52	25	40	43
18	35	11	81	90	21	67	38	38
18	35	8	81	42	52	15	38	45
18	35	14	81	100	19	73	38	20
18	35	3	81	100	4	70	38	24
18	35	2	81	90	50	31	38	43
18	35	37	81	0	72	0	38	65535
18	35	19	81	57	47	18	38	43
18	11	8	90	42	50	14	38	45
18	11	14	90	100	24	66	38	20
18	11	3	90	100	18	60	38	24
18	11	2	90	90	61	19	38	43
18	11	37	90	0	91	0	38	65535
18	11	19	90	57	72	13	38	43
18	8	14	42	100	13	66	45	20
18	8	3	42	100	4	77	45	24
18	8	2	42	90	9	59	45	43
18	8	37	42	0	51	0	45	65535
18	8	19	42	57	22	25	45	43
18	14	3	100	100	65	28	20	24
18	14	2	100	90	72	7	20	43
18	14	37	100	0	100	0	20	65535
18	14	19	100	57	75	3	20	43
18	3	2	100	90	67	12	24	43
18	3	37	100	0	99	0	24	65535
18	3	19	100	57	81	9	24	43
18	2	37	90	0	78	0	43	65535
18	2	19	90	57	44	14	43	43
18	37	19	0	57	0	51	65535	43
19	18	26	54	82	12	67	44	28
19	18	5	54	74	19	52	44	34
19	18	2	54	66	13	42	44	37
19	18	83	54	62	11	22	44	45
19	18	12	54	72	14	56	44	21
19	26	5	82	74	64	21	28	34
19	26	2	82	66	57	24	28	37
19	26	83	82	62	70	6	28	45
19	26	12	82	72	33	47	28	21
19	5	2	74	66	24	18	34	37
19	5	83	74	62	55	7	34	45
19	5	12	74	72	37	44	34	21
19	2	83	66	62	56	6	37	45
19	2	12	66	72	31	53	37	21
19	83	12	62	72	17	47	45	21
20	3	11	80	90	11	64	34	29
20	3	7	80	86	52	24	34	39
20	3	13	80	85	46	10	34	39
20	3	6	80	78	45	21	34	36
20	3	16	80	78	22	50	34	27
20	3	15	80	74	23	18	34	31
20	11	7	90	86	69	12	29	39
20	11	13	90	85	60	19	29	39
20	11	6	90	78	62	17	29	36
20	11	16	90	78	19	6	29	27
20	11	15	90	74	58	13	29	31
20	7	13	86	85	19	10	39	39
20	7	6	86	78	28	47	39	36
20	7	16	86	78	21	59	39	27
20	7	15	86	74	32	43	39	31
20	13	6	85	78	6	47	39	36
20	13	16	85	78	5	46	39	27
20	13	15	85	74	12	54	39	31
20	6	16	78	78	23	56	36	27
20	6	15	78	74	26	30	36	31
20	16	15	78	74	59	22	27	31
24	27	48	55	62	14	42	42	43
25	35	38	72	43	51	11	43	45
26	36	19	87	80	20	50	30	26
26	36	2	87	0	87	1	30	65535
26	19	2	80	0	80	2	26	65535
27	24	40	56	48	21	14	35	44
27	24	58	56	33	29	5	35	44
27	24	31	56	87	7	72	35	23
27	24	56	56	89	15	48	35	21
27	24	55	56	65	13	50	35	32
27	24	54	56	70	15	53	35	32
27	24	47	56	57	11	42	35	44
27	24	45	56	43	19	13	35	46
27	40	58	48	33	24	14	44	44
27	40	31	48	87	12	71	44	23
27	40	56	48	89	14	58	44	21
27	40	55	48	65	12	43	44	32
27	40	54	48	70	14	48	44	32
27	40	47	48	57	13	22	44	44
27	40	45	48	43	28	15	44	46
27	58	31	33	87	8	66	44	23
27	58	56	33	89	10	62	44	21
27	58	55	33	65	5	61	44	32
27	58	54	33	70	9	63	44	32
27	58	47	33	57	7	42	44	44
27	58	45	33	43	9	13	44	46
27	31	56	87	89	35	21	23	21
27	31	55	87	65	58	12	23	32
27	31	54	87	70	64	16	23	32
27	31	47	87	57	68	13	23	44
27	31	45	87	43	67	15	23	46
27	56	55	89	65	68	12	21	32
27	56	54	89	70	55	22	21	32
27	56	47	89	57	57	21	21	44
27	56	45	89	43	64	9	21	46
27	55	54	65	70	10	24	32	32
27	55	47	65	57	41	22	32	44
27	55	45	65	43	55	6	32	46
27	54	47	70	57	52	20	32	44
27	54	45	70	43	56	12	32	46
27	47	45	57	43	47	12	44	46
28	38	25	71	79	15	61	33	25
30	56	36	72	4	71	1	43	47
30	56	39	72	34	43	15	43	47
30	56	37	72	71	23	18	43	44
30	56	46	72	97	13	74	43	39
30	56	57	72	63	24	32	43	45
30	56	53	72	64	26	40	43	40
30	56	38	72	81	9	65	43	36
30	56	51	72	74	14	61	43	39
30	36	39	4	34	0	35	47	47
30	36	37	4	71	0	52	47	44
30	36	46	4	97	0	93	47	39
30	36	57	4	63	1	65	47	45
30	36	53	4	64	2	63	47	40
30	36	38	4	81	1	74	47	36
30	36	51	4	74	1	73	47	39
30	39	37	34	71	10	29	47	44
30	39	46	34	97	3	81	47	39
30	39	57	34	63	15	37	47	45
30	39	53	34	64	10	53	47	40
30	39	38	34	81	17	51	47	36
30	39	51	34	74	14	60	47	39
30	37	46	71	97	9	80	44	39
30	37	57	71	63	30	45	44	45
30	37	53	71	64	22	44	44	40
30	37	38	71	81	14	65	44	36
30	37	51	71	74	14	55	44	39
30	46	57	97	63	47	15	39	45
30	46	53	97	64	54	16	39	40
30	46	38	97	81	22	61	39	36
30	46	51	97	74	44	23	39	39
30	57	53	63	64	15	12	45	40
30	57	38	63	81	18	65	45	36
30	57	51	63	74	16	36	45	39
30	53	38	64	81	24	61	40	36
30	53	51	64	74	20	43	40	39
30	38	51	81	74	54	20	36	39
31	60	32	56	0	56	0	44	65535
31	60	48	56	70	24	49	44	34
31	60	33	56	17	51	1	44	47
31	60	27	56	87	6	65	44	20
31	32	48	0	70	0	51	65535	34
31	32	33	0	17	0	10	65535	47
31	32	27	0	87	0	93	65535	20
31	48	33	70	17	69	6	34	47
31	48	27	70	87	17	67	34	20
31	33	27	17	87	0	84	47	20
32	45	33	53	75	25	25	45	45
32	45	60	53	25	42	3	45	48
32	45	34	53	77	22	44	45	35
32	33	60	75	25	26	3	45	48
32	33	34	75	77	8	56	45	35
32	60	34	25	77	3	66	48	35
33	32	35	60	79	23	53	43	35
33	32	45	60	60	22	25	43	45
33	32	18	60	70	24	21	43	43
33	32	60	60	2	67	0	43	49
33	32	5	60	47	24	21	43	42
33	32	31	60	17	38	4	43	47
33	32	48	60	51	28	10	43	46
33	35	45	79	60	52	21	35	45
33	35	18	79	70	41	19	35	43
33	35	60	79	2	62	0	35	49
33	35	5	79	47	45	16	35	42
33	35	31	79	17	57	3	35	47
33	35	48	79	51	49	15	35	46
33	45	18	60	70	11	37	45	43
33	45	60	60	2	54	0	45	49
33	45	5	60	47	28	13	45	42
33	45	31	60	17	34	6	45	47
33	45	48	60	51	21	8	45	46
33	18	60	70	2	65	0	43	49
33	18	5	70	47	17	22	43	42
33	18	31	70	17	42	6	43	47
33	18	48	70	51	30	8	43	46
33	60	5	2	47	0	54	49	42
33	60	31	2	17	0	21	49	47
33	60	48	2	51	0	41	49	46
33	5	31	47	17	39	5	42	47
33	5	48	47	51	24	13	42	46
33	31	48	17	51	6	25	47	46
34	32	45	79	88	24	59	33	33
35	60	18	50	65	10	53	45	35
35	60	38	50	38	49	8	45	44
35	60	5	50	71	4	49	45	34
35	60	33	50	73	23	52	45	33
35	60	25	50	70	27	26	45	39
35	60	48	50	34	44	9	45	48
35	60	36	50	55	24	18	45	40
35	60	14	50	75	8	62	45	37
35	60	37	50	73	12	66	45	27
35	18	38	65	38	60	5	35	44
35	18	5	65	71	18	32	35	34
35	18	33	65	73	23	50	35	33
35	18	25	65	70	64	10	35	39
35	18	48	65	34	62	3	35	48
35	18	36	65	55	63	8	35	40
35	18	14	65	75	26	52	35	37
35	18	37	65	73	7	62	35	27
35	38	5	38	71	2	73	44	34
35	38	33	38	73	6	54	44	33
35	38	25	38	70	6	54	44	39
35	38	48	38	34	15	9	44	48
35	38	36	38	55	12	32	44	40
35	38	14	38	75	10	53	44	37
35	38	37	38	73	13	55	44	27
35	5	33	71	73	22	48	34	33
35	5	25	71	70	52	9	34	39
35	5	48	71	34	62	6	34	48
35	5	36	71	55	57	3	34	40
35	5	14	71	75	21	28	34	37
35	5	37	71	73	29	52	34	27
35	33	25	73	70	45	12	33	39
35	33	48	73	34	41	13	33	48
35	33	36	73	55	51	10	33	40
35	33	14	73	75	38	16	33	37
35	33	37	73	73	8	66	33	27
35	25	48	70	34	50	11	39	48
35	25	36	70	55	19	16	39	40
35	25	14	70	75	5	55	39	37
35	25	37	70	73	5	55	39	27
35	48	36	34	55	14	43	48	40
35	48	14	34	75	7	64	48	37
35	48	37	34	73	3	70	48	27
35	36	14	55	75	8	53	40	37
35	36	37	55	73	11	60	40	27
35	14	37	75	73	21	42	37	27
36	38	26	99	87	73	12	26	30
36	38	35	99	52	65	16	26	42
36	38	37	99	23	80	11	26	40
36	26	35	87	52	53	16	30	42
36	26	37	87	23	63	2	30	40
36	35	37	52	23	15	11	42	40
37	35	60	80	61	53	10	33	40
37	35	36	80	57	48	10	33	39
37	35	38	80	75	21	16	33	33
37	35	39	80	57	62	13	33	45
37	35	5	80	90	21	26	33	31
37	35	14	80	65	47	17	33	40
37	35	30	80	58	61	19	33	45
37	60	36	61	57	30	9	40	39
37	60	38	61	75	14	56	40	33
37	60	39	61	57	52	14	40	45
37	60	5	61	90	13	51	40	31
37	60	14	61	65	23	9	40	40
37	60	30	61	58	41	20	40	45
37	36	38	57	75	16	62	39	33
37	36	39	57	57	30	16	39	45
37	36	5	57	90	11	69	39	31
37	36	14	57	65	5	21	39	40
37	36	30	57	58	34	26	39	45
37	38	39	75	57	65	23	33	45
37	38	5	75	90	22	20	33	31
37	38	14	75	65	66	12	33	40
37	38	30	75	58	56	23	33	45
37	39	5	57	90	11	78	45	31
37	39	14	57	65	13	47	45	40
37	39	30	57	58	15	26	45	45
37	5	14	90	65	66	13	31	40
37	5	30	90	58	68	10	31	45
37	14	30	65	58	40	16	40	45
38	37	25	87	36	69	2	31	44
38	37	35	87	27	65	5	31	46
38	37	36	87	99	18	64	31	25
38	37	60	87	5	77	2	31	48
38	37	39	87	94	25	65	31	30
38	37	28	87	80	36	6	31	35
38	37	27	87	1	79	0	31	45
38	37	51	87	61	72	4	31	41
38	37	30	87	78	57	20	31	35
38	25	35	36	27	11	5	44	46
38	25	36	36	99	9	65	44	25
38	25	60	36	5	17	1	44	48
38	25	39	36	94	3	66	44	30
38	25	28	36	80	9	50	44	35
38	25	27	36	1	28	0	44	45
38	25	51	36	61	10	43	44	41
38	25	30	36	78	4	62	44	35
38	35	36	27	99	7	60	46	25
38	35	60	27	5	20	3	46	48
38	35	39	27	94	2	74	46	30
38	35	28	27	80	4	71	46	35
38	35	27	27	1	17	0	46	45
38	35	51	27	61	10	41	46	41
38	35	30	27	78	5	75	46	35
38	36	60	99	5	89	1	25	48
38	36	39	99	94	55	6	25	30
38	36	28	99	80	67	5	25	35
38	36	27	99	1	92	0	25	45
38	36	51	99	61	73	6	25	41
38	36	30	99	78	60	25	25	35
38	60	39	5	94	0	81	48	30
38	60	28	5	80	2	75	48	35
38	60	27	5	1	2	0	48	45
38	60	51	5	61	0	51	48	41
38	60	30	5	78	0	79	48	35
38	39	28	94	80	40	11	30	35
38	39	27	94	1	82	0	30	45
38	39	51	94	61	66	4	30	41
38	39	30	94	78	59	25	30	35
38	28	27	80	1	74	0	35	45
38	28	51	80	61	65	8	35	41
38	28	30	80	78	45	21	35	35
38	27	51	1	61	1	44	45	41
38	27	30	1	78	0	88	45	35
38	51	30	61	78	11	69	41	35
39	37	38	46	85	11	62	43	30
39	37	17	46	57	12	22	43	44
39	37	30	46	44	18	16	43	46
39	38	17	85	57	63	11	30	44
39	38	30	85	44	71	12	30	46
39	17	30	57	44	15	20	44	46
40	53	27	76	60	57	16	34	39
40	53	54	76	59	16	75	34	15
40	53	58	76	76	10	61	34	28
40	53	59	76	69	41	19	34	39
40	53	68	76	12	55	4	34	44
40	53	84	76	68	22	15	34	40
40	53	45	76	55	49	10	34	45
40	53	47	76	78	17	52	34	31
40	53	55	76	92	17	63	34	15
40	53	48	76	41	53	11	34	46
40	53	56	76	57	23	61	34	18
40	53	51	76	60	30	10	34	38
40	53	81	76	52	48	14	34	40
40	53	77	76	51	58	12	34	47
40	27	54	60	59	13	64	39	15
40	27	58	60	76	12	54	39	28
40	27	59	60	69	7	15	39	39
40	27	68	60	12	50	3	39	44
40	27	84	60	68	16	11	39	40
40	27	45	60	55	48	12	39	45
40	27	47	60	78	11	55	39	31
40	27	55	60	92	8	64	39	15
40	27	48	60	41	31	9	39	46
40	27	56	60	57	17	62	39	18
40	27	51	60	60	19	33	39	38
40	27	81	60	52	19	18	39	40
40	27	77	60	51	33	22	39	47
40	54	58	59	76	45	24	15	28
40	54	59	59	69	60	19	15	39
40	54	68	59	12	85	3	15	44
40	54	84	59	68	60	22	15	40
40	54	45	59	55	67	4	15	45
40	54	47	59	78	38	8	15	31
40	54	55	59	92	53	28	15	15
40	54	48	59	41	64	9	15	46
40	54	56	59	57	59	22	15	18
40	54	51	59	60	59	18	15	38
40	54	81	59	52	61	7	15	40
40	54	77	59	51	70	7	15	47
40	58	59	76	69	42	22	28	39
40	58	68	76	12	61	0	28	44
40	58	84	76	68	60	11	28	40
40	58	45	76	55	58	7	28	45
40	58	47	76	78	17	42	28	31
40	58	55	76	92	24	53	28	15
40	58	48	76	41	53	10	28	46
40	58	56	76	57	15	29	28	18
40	58	51	76	60	51	11	28	38
40	58	81	76	52	65	6	28	40
40	58	77	76	51	65	6	28	47
40	59	68	69	12	62	1	39	44
40	59	84	69	68	19	12	39	40
40	59	45	69	55	42	5	39	45
40	59	47	69	78	20	46	39	31
40	59	55	69	92	15	60	39	15
40	59	48	69	41	38	4	39	46
40	59	56	69	57	18	58	39	18
40	59	51	69	60	23	33	39	38
40	59	81	69	52	18	1	39	40
40	59	77	69	51	36	8	39	47
40	68	84	12	68	1	33	44	40
40	68	45	12	55	6	21	44	45
40	68	47	12	78	1	73	44	31
40	68	55	12	92	0	79	44	15
40	68	48	12	41	1	26	44	46
40	68	56	12	57	3	80	44	18
40	68	51	12	60	1	45	44	38
40	68	81	12	52	4	30	44	40
40	68	77	12	51	6	36	44	47
40	84	45	68	55	41	10	40	45
40	84	47	68	78	9	41	40	31
40	84	55	68	92	5	69	40	15
40	84	48	68	41	39	10	40	46
40	84	56	68	57	7	63	40	18
40	84	51	68	60	13	26	40	38
40	84	81	68	52	19	9	40	40
40	84	77	68	51	26	12	40	47
40	45	47	55	78	10	56	45	31
40	45	55	55	92	5	70	45	15
40	45	48	55	41	9	13	45	46
40	45	56	55	57	7	61	45	18
40	45	51	55	60	11	15	45	38
40	45	81	55	52	16	19	45	40
40	45	77	55	51	11	26	45	47
40	47	55	78	92	13	69	31	15
40	47	48	78	41	52	12	31	46
40	47	56	78	57	21	63	31	18
40	47	51	78	60	58	16	31	38
40	47	81	78	52	60	6	31	40
40	47	77	78	51	57	7	31	47
40	55	48	92	41	55	15	15	46
40	55	56	92	57	56	18	15	18
40	55	51	92	60	58	11	15	38
40	55	81	92	52	55	5	15	40
40	55	77	92	51	72	8	15	47
40	48	56	41	57	10	52	46	18
40	48	51	41	60	12	42	46	38
40	48	81	41	52	16	16	46	40
40	48	77	41	51	17	24	46	47
40	56	51	57	60	74	8	18	38
40	56	81	57	52	65	11	18	40
40	56	77	57	51	56	9	18	47
40	51	81	60	52	29	8	38	40
40	51	77	60	51	40	24	38	47
40	81	77	52	51	30	11	40	47
45	48	58	96	78	68	26	28	36
45	48	51	96	43	94	1	28	45
45	48	32	96	63	63	8	28	43
45	48	34	96	79	61	9	28	31
45	48	40	96	11	74	9	28	46
45	48	54	96	78	73	13	28	36
45	48	56	96	65	70	11	28	41
45	48	33	96	49	60	20	28	44
45	48	27	96	37	74	6	28	43
45	48	55	96	52	65	16	28	46
45	58	51	78	43	43	14	36	45
45	58	32	78	63	61	16	36	43
45	58	34	78	79	16	57	36	31
45	58	40	78	11	55	8	36	46
45	58	54	78	78	15	57	36	36
45	58	56	78	65	53	14	36	41
45	58	33	78	49	59	14	36	44
45	58	27	78	37	53	7	36	43
45	58	55	78	52	45	15	36	46
45	51	32	43	63	13	44	45	43
45	51	34	43	79	5	62	45	31
45	51	40	43	11	31	1	45	46
45	51	54	43	78	7	65	45	36
45	51	56	43	65	9	24	45	41
45	51	33	43	49	10	36	45	44
45	51	27	43	37	10	18	45	43
45	51	55	43	52	8	50	45	46
45	32	34	63	79	13	50	43	31
45	32	40	63	11	30	20	43	46
45	32	54	63	78	14	62	43	36
45	32	56	63	65	26	17	43	41
45	32	33	63	49	25	22	43	44
45	32	27	63	37	23	8	43	43
45	32	55	63	52	10	37	43	46
45	34	40	79	11	66	14	31	46
45	34	54	79	78	29	13	31	36
45	34	56	79	65	64	13	31	41
45	34	33	79	49	57	13	31	44
45	34	27	79	37	70	10	31	43
45	34	55	79	52	58	17	31	46
45	40	54	11	78	12	62	46	36
45	40	56	11	65	17	14	46	41
45	40	33	11	49	26	18	46	44
45	40	27	11	37	17	26	46	43
45	40	55	11	52	8	62	46	46
45	54	56	78	65	57	16	36	41
45	54	33	78	49	65	9	36	44
45	54	27	78	37	65	7	36	43
45	54	55	78	52	57	19	36	46
45	56	33	65	49	25	14	41	44
45	56	27	65	37	32	10	41	43
45	56	55	65	52	12	38	41	46
45	33	27	49	37	12	14	44	43
45	33	55	49	52	12	58	44	46
45	27	55	37	52	14	51	43	46
46	57	53	35	64	11	46	47	31
46	57	51	35	56	13	38	47	41
46	57	30	35	93	17	49	47	39
46	57	56	35	33	29	16	47	44
46	53	51	64	56	52	15	31	41
46	53	30	64	93	49	38	31	39
46	53	56	64	33	52	11	31	44
46	51	30	56	93	17	36	41	39
46	51	56	56	33	46	9	41	44
46	30	56	93	33	77	11	39	44
47	55	40	73	74	56	18	28	30
47	55	54	73	77	37	17	28	35
47	55	53	73	26	61	8	28	43
47	55	48	73	66	50	16	28	38
47	55	60	73	55	51	9	28	46
47	55	45	73	42	54	3	28	44
47	55	51	73	56	43	8	28	39
47	55	58	73	88	20	56	28	12
47	55	59	73	69	46	20	28	29
47	55	56	73	70	44	17	28	27
47	55	57	73	55	50	15	28	42
47	55	27	73	48	31	6	28	39
47	40	54	74	77	48	23	30	35
47	40	53	74	26	53	2	30	43
47	40	48	74	66	51	8	30	38
47	40	60	74	55	58	10	30	46
47	40	45	74	42	63	0	30	44
47	40	51	74	56	52	12	30	39
47	40	58	74	88	17	50	30	12
47	40	59	74	69	16	25	30	29
47	40	56	74	70	20	47	30	27
47	40	57	74	55	48	13	30	42
47	40	27	74	48	44	11	30	39
47	54	53	77	26	50	3	35	43
47	54	48	77	66	54	14	35	38
47	54	60	77	55	57	9	35	46
47	54	45	77	42	68	0	35	44
47	54	51	77	56	52	14	35	39
47	54	58	77	88	19	57	35	12
47	54	59	77	69	16	42	35	29
47	54	56	77	70	20	48	35	27
47	54	57	77	55	44	16	35	42
47	54	27	77	48	30	15	35	39
47	53	48	26	66	5	53	43	38
47	53	60	26	55	13	37	43	46
47	53	45	26	42	11	18	43	44
47	53	51	26	56	9	54	43	39
47	53	58	26	88	10	81	43	12
47	53	59	26	69	5	75	43	29
47	53	56	26	70	7	66	43	27
47	53	57	26	55	9	47	43	42
47	53	27	26	48	6	60	43	39
47	48	60	66	55	56	12	38	46
47	48	45	66	42	49	8	38	44
47	48	51	66	56	47	13	38	39
47	48	58	66	88	17	63	38	12
47	48	59	66	69	11	59	38	29
47	48	56	66	70	11	55	38	27
47	48	57	66	55	48	13	38	42
47	48	27	66	48	53	15	38	39
47	60	45	55	42	19	21	46	44
47	60	51	55	56	17	35	46	39
47	60	58	55	88	5	71	46	12
47	60	59	55	69	12	56	46	29
47	60	56	55	70	15	55	46	27
47	60	57	55	55	19	52	46	42
47	60	27	55	48	13	20	46	39
47	45	51	42	56	24	38	44	39
47	45	58	42	88	12	67	44	12
47	45	59	42	69	5	55	44	29
47	45	56	42	70	12	42	44	27
47	45	57	42	55	15	50	44	42
47	45	27	42	48	18	26	44	39
47	51	58	56	88	17	67	39	12
47	51	59	56	69	5	53	39	29
47	51	56	56	70	9	56	39	27
47	51	57	56	55	15	31	39	42
47	51	27	56	48	48	8	39	39
47	58	59	88	69	57	17	12	29
47	58	56	88	70	59	21	12	27
47	58	57	88	55	69	10	12	42
47	58	27	88	48	69	13	12	39
47	59	56	69	70	38	22	29	27
47	59	57	69	55	63	7	29	42
47	59	27	69	48	51	9	29	39
47	56	57	70	55	50	18	27	42
47	56	27	70	48	51	15	27	39
47	57	27	55	48	42	15	42	39
48	33	40	40	50	19	14	45	45
48	33	47	40	62	7	52	45	41
48	33	45	40	97	12	68	45	24
48	33	58	40	66	17	44	45	38
48	33	31	40	87	11	61	45	31
48	33	60	40	72	10	50	45	37
48	33	54	40	67	8	59	45	38
48	33	24	40	62	4	47	45	33
48	40	47	50	62	19	44	45	41
48	40	45	50	97	12	70	45	24
48	40	58	50	66	9	48	45	38
48	40	31	50	87	1	62	45	31
48	40	60	50	72	13	45	45	37
48	40	54	50	67	8	60	45	38
48	40	24	50	62	12	44	45	33
48	47	45	62	97	24	51	41	24
48	47	58	62	66	29	18	41	38
48	47	31	62	87	17	50	41	31
48	47	60	62	72	27	39	41	37
48	47	54	62	67	16	57	41	38
48	47	24	62	62	39	18	41	33
48	45	58	97	66	71	12	24	38
48	45	31	97	87	66	10	24	31
48	45	60	97	72	63	12	24	37
48	45	54	97	67	66	21	24	38
48	45	24	97	62	70	5	24	33
48	58	31	66	87	16	63	38	31
48	58	60	66	72	18	42	38	37
48	58	54	66	67	17	53	38	38
48	58	24	66	62	13	10	38	33
48	31	60	87	72	46	19	31	37
48	31	54	87	67	51	12	31	38
48	31	24	87	62	60	9	31	33
48	60	54	72	67	15	48	37	38
48	60	24	72	62	48	17	37	33
48	54	24	67	62	53	10	38	33
51	81	45	66	35	51	6	33	45
51	81	57	66	54	24	30	33	38
51	81	53	66	99	17	74	33	20
51	81	55	66	77	54	16	33	42
51	81	54	66	68	40	23	33	41
51	81	56	66	85	21	67	33	21
51	81	40	66	56	33	24	33	40
51	81	47	66	61	45	20	33	40
51	81	68	66	87	15	61	33	30
51	81	38	66	55	54	15	33	40
51	81	84	66	75	34	20	33	35
51	81	21	66	0	70	0	33	65535
51	81	30	66	80	47	18	33	39
51	81	75	66	37	52	9	33	45
51	81	46	66	73	43	25	33	40
51	45	57	35	54	7	61	45	38
51	45	53	35	99	1	95	45	20
51	45	55	35	77	5	55	45	42
51	45	54	35	68	4	57	45	41
51	45	56	35	85	1	80	45	21
51	45	40	35	56	4	43	45	40
51	45	47	35	61	1	52	45	40
51	45	68	35	87	7	75	45	30
51	45	38	35	55	8	26	45	40
51	45	84	35	75	13	66	45	35
51	45	21	35	0	23	0	45	65535
51	45	30	35	80	6	61	45	39
51	45	75	35	37	15	20	45	45
51	45	46	35	73	2	60	45	40
51	57	53	54	99	12	69	38	20
51	57	55	54	77	33	25	38	42
51	57	54	54	68	40	21	38	41
51	57	56	54	85	18	49	38	21
51	57	40	54	56	44	16	38	40
51	57	47	54	61	41	26	38	40
51	57	68	54	87	8	65	38	30
51	57	38	54	55	48	12	38	40
51	57	84	54	75	50	17	38	35
51	57	21	54	0	60	0	38	65535
51	57	30	54	80	45	27	38	39
51	57	75	54	37	51	17	38	45
51	57	46	54	73	29	31	38	40
51	53	55	99	77	64	14	20	42
51	53	54	99	68	75	15	20	41
51	53	56	99	85	56	23	20	21
51	53	40	99	56	61	15	20	40
51	53	47	99	61	64	14	20	40
51	53	68	99	87	62	15	20	30
51	53	38	99	55	79	7	20	40
51	53	84	99	75	66	20	20	35
51	53	21	99	0	99	0	20	65535
51	53	30	99	80	48	21	20	39
51	53	75	99	37	74	6	20	45
51	53	46	99	73	65	17	20	40
51	55	54	77	68	20	22	42	41
51	55	56	77	85	15	59	42	21
51	55	40	77	56	17	14	42	40
51	55	47	77	61	23	27	42	40
51	55	68	77	87	8	57	42	30
51	55	38	77	55	31	13	42	40
51	55	84	77	75	12	45	42	35
51	55	21	77	0	68	0	42	65535
51	55	30	77	80	9	28	42	39
51	55	75	77	37	52	8	42	45
51	55	46	77	73	12	19	42	40
51	54	56	68	85	19	59	41	21
51	54	40	68	56	29	12	41	40
51	54	47	68	61	17	25	41	40
51	54	68	68	87	9	58	41	30
51	54	38	68	55	43	6	41	40
51	54	84	68	75	26	45	41	35
51	54	21	68	0	65	0	41	65535
51	54	30	68	80	10	35	41	39
51	54	75	68	37	42	9	41	45
51	54	46	68	73	13	15	41	40
51	56	40	85	56	53	22	21	40
51	56	47	85	61	55	18	21	40
51	56	68	85	87	57	32	21	30
51	56	38	85	55	70	14	21	40
51	56	84	85	75	69	13	21	35
51	56	21	85	0	89	0	21	65535
51	56	30	85	80	62	30	21	39
51	56	75	85	37	72	8	21	45
51	56	46	85	73	57	24	21	40
51	40	47	56	61	22	36	40	40
51	40	68	56	87	11	63	40	30
51	40	38	56	55	49	13	40	40
51	40	84	56	75	18	39	40	35
51	40	21	56	0	70	0	40	65535
51	40	30	56	80	38	18	40	39
51	40	75	56	37	56	8	40	45
51	40	46	56	73	36	19	40	40
51	47	68	61	87	13	66	40	30
51	47	38	61	55	47	12	40	40
51	47	84	61	75	10	30	40	35
51	47	21	61	0	79	0	40	65535
51	47	30	61	80	15	24	40	39
51	47	75	61	37	54	7	40	45
51	47	46	61	73	20	16	40	40
51	68	38	87	55	67	5	30	40
51	68	84	87	75	61	12	30	35
51	68	21	87	0	92	0	30	65535
51	68	30	87	80	55	9	30	39
51	68	75	87	37	69	9	30	45
51	68	46	87	73	61	12	30	40
51	38	84	55	75	15	67	40	35
51	38	21	55	0	40	0	40	65535
51	38	30	55	80	14	42	40	39
51	38	75	55	37	28	5	40	45
51	38	46	55	73	8	42	40	40
51	84	21	75	0	72	0	35	65535
51	84	30	75	80	41	16	35	39
51	84	75	75	37	62	1	35	45
51	84	46	75	73	42	17	35	40
51	21	30	0	80	0	80	65535	39
51	21	75	0	37	0	1	65535	45
51	21	46	0	73	0	72	65535	40
51	30	75	80	37	84	0	39	45
51	30	46	80	73	24	20	39	40
51	75	46	37	73	1	74	45	40
53	46	40	79	67	58	7	31	35
53	46	84	79	51	54	6	31	38
53	46	56	79	54	53	14	31	37
53	46	78	79	21	68	1	31	43
53	46	51	79	100	18	73	31	21
53	46	58	79	27	64	4	31	43
53	46	57	79	78	21	59	31	34
53	46	81	79	43	59	7	31	40
53	46	77	79	48	61	10	31	45
53	46	68	79	76	45	8	31	33
53	46	54	79	66	62	11	31	38
53	46	30	79	57	59	16	31	41
53	46	47	79	7	76	4	31	48
53	40	84	67	51	47	14	35	38
53	40	56	67	54	37	14	35	37
53	40	78	67	21	61	7	35	43
53	40	51	67	100	19	75	35	21
53	40	58	67	27	45	7	35	43
53	40	57	67	78	20	51	35	34
53	40	81	67	43	42	10	35	40
53	40	77	67	48	47	22	35	45
53	40	68	67	76	16	23	35	33
53	40	54	67	66	28	22	35	38
53	40	30	67	57	47	13	35	41
53	40	47	67	7	57	0	35	48
53	84	56	51	54	15	17	38	37
53	84	78	51	21	50	7	38	43
53	84	51	51	100	15	64	38	21
53	84	58	51	27	53	8	38	43
53	84	57	51	78	19	53	38	34
53	84	81	51	43	42	9	38	40
53	84	77	51	48	44	11	38	45
53	84	68	51	76	11	50	38	33
53	84	54	51	66	15	44	38	38
53	84	30	51	57	26	10	38	41
53	84	47	51	7	49	0	38	48
53	56	78	54	21	40	7	37	43
53	56	51	54	100	20	61	37	21
53	56	58	54	27	38	4	37	43
53	56	57	54	78	13	59	37	34
53	56	81	54	43	37	13	37	40
53	56	77	54	48	42	16	37	45
53	56	68	54	76	16	39	37	33
53	56	54	54	66	22	29	37	38
53	56	30	54	57	32	18	37	41
53	56	47	54	7	48	1	37	48
53	78	51	21	100	2	77	43	21
53	78	58	21	27	8	9	43	43
53	78	57	21	78	9	60	43	34
53	78	81	21	43	13	20	43	40
53	78	77	21	48	6	22	43	45
53	78	68	21	76	8	41	43	33
53	78	54	21	66	6	41	43	38
53	78	30	21	57	4	40	43	41
53	78	47	21	7	14	3	43	48
53	51	58	100	27	67	6	21	43
53	51	57	100	78	67	17	21	34
53	51	81	100	43	77	5	21	40
53	51	77	100	48	62	14	21	45
53	51	68	100	76	68	13	21	33
53	51	54	100	66	71	13	21	38
53	51	30	100	57	60	16	21	41
53	51	47	100	7	84	3	21	48
53	58	57	27	78	14	47	43	34
53	58	81	27	43	11	15	43	40
53	58	77	27	48	9	20	43	45
53	58	68	27	76	7	40	43	33
53	58	54	27	66	10	39	43	38
53	58	30	27	57	8	38	43	41
53	58	47	27	7	22	1	43	48
53	57	81	78	43	58	12	34	40
53	57	77	78	48	58	17	34	45
53	57	68	78	76	43	19	34	33
53	57	54	78	66	42	17	34	38
53	57	30	78	57	45	24	34	41
53	57	47	78	7	60	1	34	48
53	81	77	43	48	14	18	40	45
53	81	68	43	76	14	36	40	33
53	81	54	43	66	20	40	40	38
53	81	30	43	57	8	31	40	41
53	81	47	43	7	35	1	40	48
53	77	68	48	76	14	45	45	33
53	77	54	48	66	10	55	45	38
53	77	30	48	57	3	24	45	41
53	77	47	48	7	39	1	45	48
53	68	54	76	66	18	20	33	38
53	68	30	76	57	49	15	33	41
53	68	47	76	7	63	2	33	48
53	54	30	66	57	46	19	38	41
53	54	47	66	7	59	0	38	48
53	30	47	57	7	58	0	41	48
54	40	84	83	78	68	10	13	40
54	40	59	83	82	60	17	13	38
54	40	81	83	64	63	19	13	37
54	40	27	83	81	56	23	13	28
54	40	56	83	82	64	19	13	18
54	40	51	83	72	56	20	13	36
54	40	53	83	59	62	18	13	35
54	40	45	83	73	62	20	13	34
54	40	57	83	62	70	8	13	42
54	40	58	83	77	62	23	13	26
54	40	48	83	69	57	24	13	39
54	40	47	83	82	56	23	13	35
54	40	55	83	78	56	23	13	21
54	84	59	78	82	7	58	40	38
54	84	81	78	64	22	40	40	37
54	84	27	78	81	12	54	40	28
54	84	56	78	82	5	61	40	18
54	84	51	78	72	16	47	40	36
54	84	53	78	59	11	52	40	35
54	84	45	78	73	10	54	40	34
54	84	57	78	62	21	36	40	42
54	84	58	78	77	9	57	40	26
54	84	48	78	69	17	49	40	39
54	84	47	78	82	8	52	40	35
54	84	55	78	78	10	48	40	21
54	59	81	82	64	26	7	38	37
54	59	27	82	81	14	55	38	28
54	59	56	82	82	17	52	38	18
54	59	51	82	72	17	53	38	36
54	59	53	82	59	20	35	38	35
54	59	45	82	73	14	53	38	34
54	59	57	82	62	31	35	38	42
54	59	58	82	77	24	45	38	26
54	59	48	82	69	21	36	38	39
54	59	47	82	82	20	53	38	35
54	59	55	82	78	22	52	38	21
54	81	27	64	81	14	49	37	28
54	81	56	64	82	21	43	37	18
54	81	51	64	72	23	51	37	36
54	81	53	64	59	21	44	37	35
54	81	45	64	73	11	58	37	34
54	81	57	64	62	30	32	37	42
54	81	58	64	77	16	65	37	26
54	81	48	64	69	19	49	37	39
54	81	47	64	82	8	64	37	35
54	81	55	64	78	8	62	37	21
54	27	56	81	82	25	57	28	18
54	27	51	81	72	57	15	28	36
54	27	53	81	59	67	14	28	35
54	27	45	81	73	44	25	28	34
54	27	57	81	62	65	9	28	42
54	27	58	81	77	28	38	28	26
54	27	48	81	69	67	9	28	39
54	27	47	81	82	61	26	28	35
54	27	55	81	78	26	46	28	21
54	56	51	82	72	52	25	18	36
54	56	53	82	59	55	9	18	35
54	56	45	82	73	46	25	18	34
54	56	57	82	62	53	16	18	42
54	56	58	82	77	48	24	18	26
54	56	48	82	69	63	12	18	39
54	56	47	82	82	50	23	18	35
54	56	55	82	78	20	26	18	21
54	51	53	72	59	20	18	36	35
54	51	45	72	73	23	43	36	34
54	51	57	72	62	42	16	36	42
54	51	58	72	77	14	49	36	26
54	51	48	72	69	38	18	36	39
54	51	47	72	82	13	49	36	35
54	51	55	72	78	25	42	36	21
54	53	45	59	73	12	40	35	34
54	53	57	59	62	34	9	35	42
54	53	58	59	77	20	48	35	26
54	53	48	59	69	30	24	35	39
54	53	47	59	82	14	42	35	35
54	53	55	59	78	11	57	35	21
54	45	57	73	62	53	14	34	42
54	45	58	73	77	22	48	34	26
54	45	48	73	69	47	14	34	39
54	45	47	73	82	23	25	34	35
54	45	55	73	78	17	55	34	21
54	57	58	62	77	22	39	42	26
54	57	48	62	69	14	27	42	39
54	57	47	62	82	15	38	42	35
54	57	55	62	78	11	48	42	21
54	58	48	77	69	47	20	26	39
54	58	47	77	82	41	18	26	35
54	58	55	77	78	18	46	26	21
54	48	47	69	82	18	46	39	35
54	48	55	69	78	17	56	39	21
54	47	55	82	78	17	48	35	21
55	54	57	72	59	50	17	22	47
55	54	40	72	89	13	59	22	16
55	54	59	72	74	46	22	22	39
55	54	56	72	76	55	21	22	29
55	54	58	72	78	55	18	22	24
55	54	47	72	76	51	28	22	25
55	54	45	72	71	52	19	22	40
55	54	27	72	70	44	27	22	29
55	54	51	72	59	49	12	22	38
55	57	40	59	89	17	73	47	16
55	57	59	59	74	8	55	47	39
55	57	56	59	76	12	52	47	29
55	57	58	59	78	12	59	47	24
55	57	47	59	76	16	51	47	25
55	57	45	59	71	17	49	47	40
55	57	27	59	70	13	52	47	29
55	57	51	59	59	14	50	47	38
55	40	59	89	74	58	24	16	39
55	40	56	89	76	67	14	16	29
55	40	58	89	78	59	15	16	24
55	40	47	89	76	56	26	16	25
55	40	45	89	71	47	23	16	40
55	40	27	89	70	64	19	16	29
55	40	51	89	59	63	18	16	38
55	59	56	74	76	17	50	39	29
55	59	58	74	78	19	41	39	24
55	59	47	74	76	22	56	39	25
55	59	45	74	71	24	16	39	40
55	59	27	74	70	16	48	39	29
55	59	51	74	59	14	31	39	38
55	56	58	76	78	16	53	29	24
55	56	47	76	76	15	47	29	25
55	56	45	76	71	56	20	29	40
55	56	27	76	70	23	25	29	29
55	56	51	76	59	54	16	29	38
55	58	47	78	76	25	47	24	25
55	58	45	78	71	49	11	24	40
55	58	27	78	70	54	23	24	29
55	58	51	78	59	61	12	24	38
55	47	45	76	71	44	25	25	40
55	47	27	76	70	46	21	25	29
55	47	51	76	59	42	20	25	38
55	45	27	71	70	15	42	40	29
55	45	51	71	59	19	32	40	38
55	27	51	70	59	46	15	29	38
56	30	53	73	70	33	33	43	37
56	30	40	73	83	17	53	43	21
56	30	46	73	50	34	9	43	45
56	30	55	73	77	22	44	43	32
56	30	57	73	64	24	47	43	36
56	30	45	73	52	27	5	43	44
56	30	81	73	72	10	58	43	32
56	30	58	73	79	11	53	43	38
56	30	47	73	78	14	53	43	29
56	30	59	73	79	18	62	43	38
56	30	54	73	78	13	62	43	23
56	30	68	73	58	40	7	43	42
56	30	27	73	83	5	62	43	21
56	30	51	73	92	22	56	43	22
56	53	40	70	83	13	70	37	21
56	53	46	70	50	32	23	37	45
56	53	55	70	77	10	60	37	32
56	53	57	70	64	20	37	37	36
56	53	45	70	52	47	22	37	44
56	53	81	70	72	14	58	37	32
56	53	58	70	79	24	31	37	38
56	53	47	70	78	12	49	37	29
56	53	59	70	79	10	20	37	38
56	53	54	70	78	17	46	37	23
56	53	68	70	58	38	15	37	42
56	53	27	70	83	2	71	37	21
56	53	51	70	92	12	72	37	22
56	40	46	83	50	67	2	21	45
56	40	55	83	77	55	22	21	32
56	40	57	83	64	62	17	21	36
56	40	45	83	52	74	11	21	44
56	40	81	83	72	61	20	21	32
56	40	58	83	79	53	21	21	38
56	40	47	83	78	59	22	21	29
56	40	59	83	79	65	18	21	38
56	40	54	83	78	33	19	21	23
56	40	68	83	58	60	9	21	42
56	40	27	83	83	55	20	21	21
56	40	51	83	92	47	33	21	22
56	46	55	50	77	9	59	45	32
56	46	57	50	64	21	47	45	36
56	46	45	50	52	18	25	45	44
56	46	81	50	72	13	57	45	32
56	46	58	50	79	6	53	45	38
56	46	47	50	78	13	60	45	29
56	46	59	50	79	17	63	45	38
56	46	54	50	78	9	59	45	23
56	46	68	50	58	23	27	45	42
56	46	27	50	83	10	70	45	21
56	46	51	50	92	11	57	45	22
56	55	57	77	64	22	21	32	36
56	55	45	77	52	48	8	32	44
56	55	81	77	72	58	13	32	32
56	55	58	77	79	48	25	32	38
56	55	47	77	78	14	53	32	29
56	55	59	77	79	52	20	32	38
56	55	54	77	78	22	42	32	23
56	55	68	77	58	53	9	32	42
56	55	27	77	83	23	51	32	21
56	55	51	77	92	20	52	32	22
56	57	45	64	52	59	18	36	44
56	57	81	64	72	38	37	36	32
56	57	58	64	79	52	17	36	38
56	57	47	64	78	15	47	36	29
56	57	59	64	79	56	24	36	38
56	57	54	64	78	16	49	36	23
56	57	68	64	58	42	16	36	42
56	57	27	64	83	5	62	36	21
56	57	51	64	92	26	55	36	22
56	45	81	52	72	14	57	44	32
56	45	58	52	79	20	41	44	38
56	45	47	52	78	17	42	44	29
56	45	59	52	79	10	54	44	38
56	45	54	52	78	9	52	44	23
56	45	68	52	58	19	18	44	42
56	45	27	52	83	11	51	44	21
56	45	51	52	92	17	56	44	22
56	81	58	72	79	50	17	32	38
56	81	47	72	78	9	54	32	29
56	81	59	72	79	45	15	32	38
56	81	54	72	78	17	54	32	23
56	81	68	72	58	52	9	32	42
56	81	27	72	83	10	54	32	21
56	81	51	72	92	16	56	32	22
56	58	47	79	78	21	50	38	29
56	58	59	79	79	13	28	38	38
56	58	54	79	78	25	43	38	23
56	58	68	79	58	57	8	38	42
56	58	27	79	83	19	59	38	21
56	58	51	79	92	17	66	38	22
56	47	59	78	79	46	18	29	38
56	47	54	78	78	9	62	29	23
56	47	68	78	58	56	9	29	42
56	47	27	78	83	19	60	29	21
56	47	51	78	92	24	49	29	22
56	59	54	79	78	14	48	38	23
56	59	68	79	58	53	6	38	42
56	59	27	79	83	11	67	38	21
56	59	51	79	92	11	57	38	22
56	54	68	78	58	62	4	23	42
56	54	27	78	83	50	32	23	21
56	54	51	78	92	49	28	23	22
56	68	27	58	83	8	65	42	21
56	68	51	58	92	5	73	42	22
56	27	51	83	92	8	20	21	22
57	84	54	22	62	9	46	42	40
57	84	51	22	62	4	44	42	35
57	84	47	22	68	4	46	42	40
57	84	46	22	64	9	20	42	42
57	84	53	22	74	7	58	42	29
57	84	55	22	57	5	17	42	43
57	84	30	22	72	3	38	42	39
57	84	40	22	56	10	23	42	43
57	84	56	22	66	4	52	42	30
57	84	68	22	51	11	30	42	39
57	84	81	22	56	8	34	42	35
57	54	51	62	62	22	32	40	35
57	54	47	62	68	19	18	40	40
57	54	46	62	64	46	4	40	42
57	54	53	62	74	21	32	40	29
57	54	55	62	57	41	12	40	43
57	54	30	62	72	32	18	40	39
57	54	40	62	56	51	14	40	43
57	54	56	62	66	19	35	40	30
57	54	68	62	51	34	7	40	39
57	54	81	62	56	22	16	40	35
57	51	47	62	68	33	20	35	40
57	51	46	62	64	48	11	35	42
57	51	53	62	74	14	43	35	29
57	51	55	62	57	49	16	35	43
57	51	30	62	72	40	27	35	39
57	51	40	62	56	39	11	35	43
57	51	56	62	66	14	46	35	30
57	51	68	62	51	38	12	35	39
57	51	81	62	56	46	11	35	35
57	47	46	68	64	41	13	40	42
57	47	53	68	74	13	50	40	29
57	47	55	68	57	44	8	40	43
57	47	30	68	72	27	22	40	39
57	47	40	68	56	31	14	40	43
57	47	56	68	66	18	41	40	30
57	47	68	68	51	28	6	40	39
57	47	81	68	56	17	21	40	35
57	46	53	64	74	21	49	42	29
57	46	55	64	57	10	8	42	43
57	46	30	64	72	15	31	42	39
57	46	40	64	56	25	9	42	43
57	46	56	64	66	15	55	42	30
57	46	68	64	51	15	21	42	39
57	46	81	64	56	22	41	42	35
57	53	55	74	57	52	5	29	43
57	53	30	74	72	67	19	29	39
57	53	40	74	56	44	9	29	43
57	53	56	74	66	53	11	29	30
57	53	68	74	51	60	13	29	39
57	53	81	74	56	46	20	29	35
57	55	30	57	72	7	26	43	39
57	55	40	57	56	27	21	43	43
57	55	56	57	66	12	45	43	30
57	55	68	57	51	7	8	43	39
57	55	81	57	56	12	35	43	35
57	30	40	72	56	33	5	39	43
57	30	56	72	66	22	41	39	30
57	30	68	72	51	24	9	39	39
57	30	81	72	56	18	35	39	35
57	40	56	56	66	11	50	43	30
57	40	68	56	51	15	13	43	39
57	40	81	56	56	17	32	43	35
57	56	68	66	51	39	10	30	39
57	56	81	66	56	43	18	30	35
57	68	81	51	56	12	39	39	35
58	55	56	75	75	53	15	27	38
58	55	51	75	60	49	10	27	45
58	55	59	75	76	22	27	27	26
58	55	47	75	89	26	58	27	17
58	55	45	75	71	47	13	27	39
58	55	40	75	83	32	23	27	29
58	55	48	75	66	49	10	27	42
58	55	57	75	7	77	1	27	49
58	55	53	75	34	61	6	27	44
58	55	27	75	47	54	20	27	43
58	55	54	75	79	44	19	27	31
58	56	51	75	60	55	11	38	45
58	56	59	75	76	18	50	38	26
58	56	47	75	89	20	57	38	17
58	56	45	75	71	28	26	38	39
58	56	40	75	83	24	43	38	29
58	56	48	75	66	13	10	38	42
58	56	57	75	7	73	2	38	49
58	56	53	75	34	70	5	38	44
58	56	27	75	47	61	6	38	43
58	56	54	75	79	22	48	38	31
58	51	59	60	76	10	73	45	26
58	51	47	60	89	17	66	45	17
58	51	45	60	71	15	59	45	39
58	51	40	60	83	9	63	45	29
58	51	48	60	66	12	49	45	42
58	51	57	60	7	40	6	45	49
58	51	53	60	34	30	7	45	44
58	51	27	60	47	24	13	45	43
58	51	54	60	79	12	62	45	31
58	59	47	76	89	24	61	26	17
58	59	45	76	71	60	12	26	39
58	59	40	76	83	38	19	26	29
58	59	48	76	66	77	6	26	42
58	59	57	76	7	84	2	26	49
58	59	53	76	34	76	6	26	44
58	59	27	76	47	76	4	26	43
58	59	54	76	79	56	21	26	31
58	47	45	89	71	63	22	17	39
58	47	40	89	83	58	19	17	29
58	47	48	89	66	65	17	17	42
58	47	57	89	7	88	2	17	49
58	47	53	89	34	72	3	17	44
58	47	27	89	47	71	8	17	43
58	47	54	89	79	65	19	17	31
58	45	40	71	83	13	51	39	29
58	45	48	71	66	25	17	39	42
58	45	57	71	7	75	2	39	49
58	45	53	71	34	62	4	39	44
58	45	27	71	47	57	11	39	43
58	45	54	71	79	16	63	39	31
58	40	48	83	66	55	16	29	42
58	40	57	83	7	69	1	29	49
58	40	53	83	34	68	8	29	44
58	40	27	83	47	53	12	29	43
58	40	54	83	79	25	19	29	31
58	48	57	66	7	61	5	42	49
58	48	53	66	34	53	9	42	44
58	48	27	66	47	43	9	42	43
58	48	54	66	79	19	53	42	31
58	57	53	7	34	4	27	49	44
58	57	27	7	47	2	29	49	43
58	57	54	7	79	1	77	49	31
58	53	27	34	47	11	26	44	43
58	53	54	34	79	8	61	44	31
58	27	54	47	79	9	65	43	31
59	58	54	81	82	55	21	25	42
59	58	56	81	83	54	27	25	37
59	58	47	81	80	61	16	25	33
59	58	40	81	75	55	21	25	42
59	58	55	81	77	46	28	25	41
59	54	56	82	83	24	23	42	37
59	54	47	82	80	26	49	42	33
59	54	40	82	75	41	19	42	42
59	54	55	82	77	19	19	42	41
59	56	47	83	80	16	53	37	33
59	56	40	83	75	45	19	37	42
59	56	55	83	77	38	20	37	41
59	47	40	80	75	53	11	33	42
59	47	55	80	77	67	15	33	41
59	40	55	75	77	17	32	42	41
60	37	35	67	60	34	20	36	41
60	37	45	67	54	49	21	36	44
60	37	48	67	91	16	64	36	35
60	37	66	67	69	40	16	36	37
60	37	31	67	84	39	32	36	42
60	37	38	67	19	52	6	36	45
60	37	47	67	71	55	21	36	45
60	35	45	60	54	22	14	41	44
60	35	48	60	91	16	49	41	35
60	35	66	60	69	22	53	41	37
60	35	31	60	84	4	36	41	42
60	35	38	60	19	28	3	41	45
60	35	47	60	71	12	26	41	45
60	45	48	54	91	16	46	44	35
60	45	66	54	69	15	46	44	37
60	45	31	54	84	6	36	44	42
60	45	38	54	19	36	6	44	45
60	45	47	54	71	14	23	44	45
60	48	66	91	69	57	21	35	37
60	48	31	91	84	50	21	35	42
60	48	38	91	19	60	7	35	45
60	48	47	91	71	45	23	35	45
60	66	31	69	84	41	15	37	42
60	66	38	69	19	59	5	37	45
60	66	47	69	71	44	15	37	45
60	31	38	84	19	48	6	42	45
60	31	47	84	71	17	17	42	45
60	38	47	19	71	2	44	45	45
63	78	8	81	87	53	22	31	39
63	78	64	81	96	14	65	31	26
63	78	76	81	27	67	8	31	46
63	78	69	81	76	29	48	31	33
63	78	68	81	69	54	23	31	38
63	78	77	81	81	58	23	31	44
63	8	64	87	96	18	70	39	26
63	8	76	87	27	78	2	39	46
63	8	69	87	76	18	58	39	33
63	8	68	87	69	37	21	39	38
63	8	77	87	81	36	7	39	44
63	64	76	96	27	76	4	26	46
63	64	69	96	76	57	12	26	33
63	64	68	96	69	75	10	26	38
63	64	77	96	81	71	12	26	44
63	76	69	27	76	4	67	46	33
63	76	68	27	69	5	61	46	38
63	76	77	27	81	7	46	46	44
63	69	68	76	69	52	19	33	38
63	69	77	76	81	48	22	33	44
63	68	77	69	81	30	21	38	44
64	9	63	66	92	13	73	45	30
64	9	1	66	84	18	34	45	43
64	9	80	66	77	17	29	45	43
64	9	14	66	48	37	17	45	46
64	9	8	66	88	22	48	45	40
64	9	66	66	5	54	2	45	46
64	9	72	66	0	70	0	45	65535
64	63	1	92	84	63	11	30	43
64	63	80	92	77	72	9	30	43
64	63	14	92	48	83	10	30	46
64	63	8	92	88	59	28	30	40
64	63	66	92	5	86	0	30	46
64	63	72	92	0	81	0	30	65535
64	1	80	84	77	17	13	43	43
64	1	14	84	48	65	16	43	46
64	1	8	84	88	23	27	43	40
64	1	66	84	5	62	0	43	46
64	1	72	84	0	86	0	43	65535
64	80	14	77	48	55	11	43	46
64	80	8	77	88	5	24	43	40
64	80	66	77	5	65	2	43	46
64	80	72	77	0	72	0	43	65535
64	14	8	48	88	10	70	46	40
64	14	66	48	5	27	4	46	46
64	14	72	48	0	41	0	46	65535
64	8	66	88	5	83	0	40	46
64	8	72	88	0	91	0	40	65535
64	66	72	5	0	6	0	46	65535
65	85	73	65	79	11	65	44	18
65	85	82	65	79	11	57	44	29
65	73	82	79	79	47	22	18	29
66	60	14	68	94	4	55	42	35
66	60	16	68	71	17	30	42	39
66	60	18	68	85	28	17	42	39
66	60	11	68	2	62	1	42	50
66	60	3	68	1	57	0	42	49
66	60	1	68	65	44	24	42	44
66	14	16	94	71	56	19	35	39
66	14	18	94	85	46	20	35	39
66	14	11	94	2	79	0	35	50
66	14	3	94	1	81	0	35	49
66	14	1	94	65	62	23	35	44
66	16	18	71	85	45	29	39	39
66	16	11	71	2	68	1	39	50
66	16	3	71	1	67	0	39	49
66	16	1	71	65	49	13	39	44
66	18	11	85	2	73	1	39	50
66	18	3	85	1	71	0	39	49
66	18	1	85	65	45	25	39	44
66	11	3	2	1	0	1	50	49
66	11	1	2	65	1	58	50	44
66	3	1	1	65	0	64	49	44
67	10	8	100	100	70	15	37	39
67	10	72	100	91	36	15	37	40
67	10	4	100	100	32	54	37	33
67	10	9	100	98	28	63	37	26
67	8	72	100	91	24	51	39	40
67	8	4	100	100	32	64	39	33
67	8	9	100	98	27	63	39	26
67	72	4	91	100	13	73	40	33
67	72	9	91	98	8	70	40	26
67	4	9	100	98	23	62	33	26
68	77	53	100	68	67	17	17	35
68	77	56	100	47	83	6	17	43
68	77	81	100	90	75	18	17	24
68	77	51	100	87	67	18	17	31
68	77	78	100	90	74	15	17	19
68	77	76	100	88	58	26	17	28
68	77	72	100	74	51	20	17	38
68	77	63	100	58	74	10	17	45
68	77	57	100	40	68	13	17	45
68	77	69	100	90	67	21	17	32
68	77	79	100	57	77	8	17	42
68	77	75	100	99	63	23	17	21
68	53	56	68	47	46	14	35	43
68	53	81	68	90	20	69	35	24
68	53	51	68	87	13	57	35	31
68	53	78	68	90	24	69	35	19
68	53	76	68	88	15	62	35	28
68	53	72	68	74	22	29	35	38
68	53	63	68	58	50	23	35	45
68	53	57	68	40	49	13	35	45
68	53	69	68	90	18	35	35	32
68	53	79	68	57	49	17	35	42
68	53	75	68	99	10	72	35	21
68	56	81	47	90	11	65	43	24
68	56	51	47	87	6	71	43	31
68	56	78	47	90	11	74	43	19
68	56	76	47	88	7	72	43	28
68	56	72	47	74	6	68	43	38
68	56	63	47	58	7	49	43	45
68	56	57	47	40	18	36	43	45
68	56	69	47	90	10	70	43	32
68	56	79	47	57	5	40	43	42
68	56	75	47	99	2	81	43	21
68	81	51	90	87	61	29	24	31
68	81	78	90	90	32	51	24	19
68	81	76	90	88	28	56	24	28
68	81	72	90	74	57	27	24	38
68	81	63	90	58	67	14	24	45
68	81	57	90	40	65	14	24	45
68	81	69	90	90	54	25	24	32
68	81	79	90	57	73	16	24	42
68	81	75	90	99	23	61	24	21
68	51	78	87	90	15	68	31	19
68	51	76	87	88	21	54	31	28
68	51	72	87	74	54	21	31	38
68	51	63	87	58	73	3	31	45
68	51	57	87	40	52	10	31	45
68	51	69	87	90	51	17	31	32
68	51	79	87	57	53	12	31	42
68	51	75	87	99	19	65	31	21
68	78	76	90	88	59	38	19	28
68	78	72	90	74	60	21	19	38
68	78	63	90	58	58	23	19	45
68	78	57	90	40	60	7	19	45
68	78	69	90	90	59	24	19	32
68	78	79	90	57	62	13	19	42
68	78	75	90	99	26	45	19	21
68	76	72	88	74	62	16	28	38
68	76	63	88	58	64	15	28	45
68	76	57	88	40	73	8	28	45
68	76	69	88	90	55	21	28	32
68	76	79	88	57	67	12	28	42
68	76	75	88	99	22	57	28	21
68	72	63	74	58	48	10	38	45
68	72	57	74	40	55	9	38	45
68	72	69	74	90	17	28	38	32
68	72	79	74	57	55	11	38	42
68	72	75	74	99	13	71	38	21
68	63	57	58	40	22	8	45	45
68	63	69	58	90	12	54	45	32
68	63	79	58	57	25	12	45	42
68	63	75	58	99	5	73	45	21
68	57	69	40	90	10	53	45	32
68	57	79	40	57	35	16	45	42
68	57	75	40	99	6	81	45	21
68	69	79	90	57	46	21	32	42
68	69	75	90	99	16	66	32	21
68	79	75	57	99	19	70	42	21
69	132	75	70	99	10	80	42	25
69	132	80	70	90	18	47	42	38
69	132	77	70	93	10	43	42	38
69	132	78	70	78	10	52	42	28
69	132	63	70	77	16	58	42	33
69	132	123	70	72	34	20	42	44
69	132	68	70	65	35	11	42	38
69	75	80	99	90	75	10	25	38
69	75	77	99	93	68	26	25	38
69	75	78	99	78	51	17	25	28
69	75	63	99	77	73	9	25	33
69	75	123	99	72	73	5	25	44
69	75	68	99	65	81	13	25	38
69	80	77	90	93	27	26	38	38
69	80	78	90	78	23	60	38	28
69	80	63	90	77	8	61	38	33
69	80	123	90	72	54	10	38	44
69	80	68	90	65	25	10	38	38
69	77	78	93	78	34	46	38	28
69	77	63	93	77	26	60	38	33
69	77	123	93	72	68	7	38	44
69	77	68	93	65	55	15	38	38
69	78	63	78	77	45	31	28	33
69	78	123	78	72	46	23	28	44
69	78	68	78	65	61	23	28	38
69	63	123	77	72	56	15	33	44
69	63	68	77	65	56	16	33	38
69	123	68	72	65	25	29	44	38
70	85	78	90	86	38	23	31	28
70	85	72	90	99	21	63	31	28
70	78	72	86	99	20	66	28	28
71	74	72	100	96	71	26	33	38
71	74	78	100	79	79	11	33	40
71	72	78	96	79	65	23	38	40
72	78	85	88	80	55	30	23	42
72	78	68	88	79	52	26	23	35
72	78	81	88	54	66	16	23	41
72	78	76	88	89	56	28	23	38
72	78	70	88	100	31	43	23	29
72	78	67	88	94	58	24	23	39
72	78	71	88	97	70	29	23	37
72	78	74	88	68	59	19	23	46
72	85	68	80	79	17	52	42	35
72	85	81	80	54	63	12	42	41
72	85	76	80	89	12	64	42	38
72	85	70	80	100	21	71	42	29
72	85	67	80	94	12	33	42	39
72	85	71	80	97	8	61	42	37
72	85	74	80	68	60	21	42	46
72	68	81	79	54	67	13	35	41
72	68	76	79	89	25	38	35	38
72	68	70	79	100	10	73	35	29
72	68	67	79	94	54	24	35	39
72	68	71	79	97	13	22	35	37
72	68	74	79	68	58	13	35	46
72	81	76	54	89	8	72	41	38
72	81	70	54	100	3	76	41	29
72	81	67	54	94	2	76	41	39
72	81	71	54	97	6	78	41	37
72	81	74	54	68	7	30	41	46
72	76	70	89	100	9	73	38	29
72	76	67	89	94	62	12	38	39
72	76	71	89	97	34	16	38	37
72	76	74	89	68	60	17	38	46
72	70	67	100	94	61	14	29	39
72	70	71	100	97	55	6	29	37
72	70	74	100	68	67	8	29	46
72	67	71	94	97	10	38	39	37
72	67	74	94	68	63	11	39	46
72	71	74	97	68	58	14	37	46
73	85	119	82	54	64	8	20	38
73	85	65	82	78	47	23	20	17
73	85	82	82	62	54	19	20	39
73	85	133	82	17	72	1	20	47
73	119	65	54	78	6	61	38	17
73	119	82	54	62	4	58	38	39
73	119	133	54	17	43	1	38	47
73	65	82	78	62	53	15	17	39
73	65	133	78	17	76	0	17	47
73	82	133	62	17	67	4	39	47
74	71	72	100	74	75	15	32	46
75	79	77	100	100	24	47	23	21
75	79	81	100	89	64	19	23	29
75	79	69	100	100	29	35	23	25
75	79	68	100	100	19	48	23	21
75	79	76	100	90	51	21	23	29
75	79	78	100	83	62	21	23	33
75	79	51	100	20	82	4	23	45
75	77	81	100	89	60	20	21	29
75	77	69	100	100	64	27	21	25
75	77	68	100	100	57	20	21	21
75	77	76	100	90	71	21	21	29
75	77	78	100	83	66	23	21	33
75	77	51	100	20	81	11	21	45
75	81	69	89	100	8	69	29	25
75	81	68	89	100	22	55	29	21
75	81	76	89	90	24	60	29	29
75	81	78	89	83	58	24	29	33
75	81	51	89	20	65	16	29	45
75	69	68	100	100	24	50	25	21
75	69	76	100	90	65	28	25	29
75	69	78	100	83	70	16	25	33
75	69	51	100	20	77	3	25	45
75	68	76	100	90	60	25	21	29
75	68	78	100	83	69	14	21	33
75	68	51	100	20	84	7	21	45
75	76	78	90	83	53	35	29	33
75	76	51	90	20	74	7	29	45
75	78	51	83	20	68	6	33	45
76	81	79	76	84	34	20	36	39
76	81	77	76	88	25	54	36	35
76	81	75	76	87	12	53	36	27
76	81	69	76	97	7	72	36	16
76	81	132	76	60	51	9	36	45
76	81	78	76	79	21	62	36	20
76	81	80	76	85	29	21	36	39
76	81	72	76	89	19	58	36	37
76	81	123	76	82	17	22	36	41
76	81	68	76	88	27	52	36	23
76	79	77	84	88	18	52	39	35
76	79	75	84	87	19	57	39	27
76	79	69	84	97	20	63	39	16
76	79	132	84	60	44	11	39	45
76	79	78	84	79	28	48	39	20
76	79	80	84	85	21	22	39	39
76	79	72	84	89	12	60	39	37
76	79	123	84	82	9	28	39	41
76	79	68	84	88	16	67	39	23
76	77	75	88	87	23	69	35	27
76	77	69	88	97	26	70	35	16
76	77	132	88	60	62	7	35	45
76	77	78	88	79	28	59	35	20
76	77	80	88	85	64	6	35	39
76	77	72	88	89	52	22	35	37
76	77	123	88	82	50	11	35	41
76	77	68	88	88	24	51	35	23
76	75	69	87	97	24	58	27	16
76	75	132	87	60	67	5	27	45
76	75	78	87	79	32	48	27	20
76	75	80	87	85	67	17	27	39
76	75	72	87	89	56	13	27	37
76	75	123	87	82	60	9	27	41
76	75	68	87	88	25	31	27	23
76	69	132	97	60	63	13	16	45
76	69	78	97	79	59	14	16	20
76	69	80	97	85	68	20	16	39
76	69	72	97	89	59	15	16	37
76	69	123	97	82	65	26	16	41
76	69	68	97	88	72	21	16	23
76	132	78	60	79	13	59	45	20
76	132	80	60	85	10	55	45	39
76	132	72	60	89	7	73	45	37
76	132	123	60	82	13	56	45	41
76	132	68	60	88	8	70	45	23
76	78	80	79	85	60	22	20	39
76	78	72	79	89	56	26	20	37
76	78	123	79	82	55	21	20	41
76	78	68	79	88	55	31	20	23
76	80	72	85	89	12	63	39	37
76	80	123	85	82	14	18	39	41
76	80	68	85	88	12	66	39	23
76	72	123	89	82	64	13	37	41
76	72	68	89	88	22	65	37	23
76	123	68	82	88	11	61	41	23
77	76	75	86	100	20	67	37	21
77	76	69	86	87	54	19	37	40
77	76	68	86	100	27	56	37	14
77	76	79	86	90	55	33	37	35
77	76	81	86	83	55	28	37	33
77	76	72	86	30	77	7	37	46
77	76	78	86	90	27	57	37	20
77	76	63	86	80	66	12	37	46
77	76	51	86	65	69	15	37	43
77	76	40	86	52	67	11	37	46
77	76	53	86	59	60	6	37	41
77	75	69	100	87	60	24	21	40
77	75	68	100	100	25	69	21	14
77	75	79	100	90	62	28	21	35
77	75	81	100	83	61	19	21	33
77	75	72	100	30	83	6	21	46
77	75	78	100	90	66	25	21	20
77	75	63	100	80	73	7	21	46
77	75	51	100	65	70	22	21	43
77	75	40	100	52	77	7	21	46
77	75	53	100	59	74	10	21	41
77	69	68	87	100	28	70	40	14
77	69	79	87	90	25	58	40	35
77	69	81	87	83	21	55	40	33
77	69	72	87	30	75	7	40	46
77	69	78	87	90	29	54	40	20
77	69	63	87	80	60	15	40	46
77	69	51	87	65	60	18	40	43
77	69	40	87	52	70	6	40	46
77	69	53	87	59	64	10	40	41
77	68	79	100	90	67	23	14	35
77	68	81	100	83	69	26	14	33
77	68	72	100	30	77	8	14	46
77	68	78	100	90	53	21	14	20
77	68	63	100	80	73	15	14	46
77	68	51	100	65	81	13	14	43
77	68	40	100	52	69	12	14	46
77	68	53	100	59	74	13	14	41
77	79	81	90	83	27	31	35	33
77	79	72	90	30	77	7	35	46
77	79	78	90	90	27	64	35	20
77	79	63	90	80	66	20	35	46
77	79	51	90	65	72	5	35	43
77	79	40	90	52	62	6	35	46
77	79	53	90	59	70	8	35	41
77	81	72	83	30	64	9	33	46
77	81	78	83	90	23	62	33	20
77	81	63	83	80	50	18	33	46
77	81	51	83	65	39	21	33	43
77	81	40	83	52	61	20	33	46
77	81	53	83	59	50	16	33	41
77	72	78	30	90	8	74	46	20
77	72	63	30	80	7	38	46	46
77	72	51	30	65	10	37	46	43
77	72	40	30	52	14	39	46	46
77	72	53	30	59	18	39	46	41
77	78	63	90	80	56	24	20	46
77	78	51	90	65	65	15	20	43
77	78	40	90	52	65	13	20	46
77	78	53	90	59	67	16	20	41
77	63	51	80	65	29	11	46	43
77	63	40	80	52	29	8	46	46
77	63	53	80	59	29	7	46	41
77	51	40	65	52	34	18	43	46
77	51	53	65	59	19	19	43	41
77	40	53	52	59	18	36	46	41
78	76	75	77	86	44	25	25	35
78	76	63	77	81	61	15	25	35
78	76	77	77	92	23	33	25	23
78	76	68	77	91	21	37	25	20
78	76	81	77	31	65	6	25	44
78	76	53	77	11	72	4	25	45
78	76	71	77	76	55	20	25	44
78	76	69	77	77	59	21	25	31
78	76	70	77	86	58	29	25	32
78	76	72	77	85	48	30	25	27
78	76	79	77	64	58	19	25	44
78	76	74	77	0	83	0	25	65535
78	75	63	86	81	13	27	35	35
78	75	77	86	92	17	67	35	23
78	75	68	86	91	21	54	35	20
78	75	81	86	31	74	5	35	44
78	75	53	86	11	77	0	35	45
78	75	71	86	76	48	8	35	44
78	75	69	86	77	20	50	35	31
78	75	70	86	86	10	61	35	32
78	75	72	86	85	12	57	35	27
78	75	79	86	64	51	18	35	44
78	75	74	86	0	86	0	35	65535
78	63	77	81	92	23	49	35	23
78	63	68	81	91	20	63	35	20
78	63	81	81	31	72	5	35	44
78	63	53	81	11	71	5	35	45
78	63	71	81	76	47	14	35	44
78	63	69	81	77	21	53	35	31
78	63	70	81	86	9	65	35	32
78	63	72	81	85	9	66	35	27
78	63	79	81	64	52	11	35	44
78	63	74	81	0	78	0	35	65535
78	77	68	92	91	26	28	23	20
78	77	81	92	31	69	6	23	44
78	77	53	92	11	78	2	23	45
78	77	71	92	76	57	13	23	44
78	77	69	92	77	53	20	23	31
78	77	70	92	86	56	15	23	32
78	77	72	92	85	48	22	23	27
78	77	79	92	64	66	14	23	44
78	77	74	92	0	88	0	23	65535
78	68	81	91	31	75	4	20	44
78	68	53	91	11	87	1	20	45
78	68	71	91	76	46	10	20	44
78	68	69	91	77	61	23	20	31
78	68	70	91	86	50	8	20	32
78	68	72	91	85	66	24	20	27
78	68	79	91	64	65	15	20	44
78	68	74	91	0	83	0	20	65535
78	81	53	31	11	20	1	44	45
78	81	71	31	76	3	66	44	44
78	81	69	31	77	2	66	44	31
78	81	70	31	86	2	84	44	32
78	81	72	31	85	7	70	44	27
78	81	79	31	64	3	42	44	44
78	81	74	31	0	30	0	44	65535
78	53	71	11	76	1	70	45	44
78	53	69	11	77	4	71	45	31
78	53	70	11	86	1	80	45	32
78	53	72	11	85	4	82	45	27
78	53	79	11	64	2	52	45	44
78	53	74	11	0	20	1	45	65535
78	71	69	76	77	16	49	44	31
78	71	70	76	86	8	61	44	32
78	71	72	76	85	21	54	44	27
78	71	79	76	64	28	11	44	44
78	71	74	76	0	74	0	44	65535
78	69	70	77	86	32	28	31	32
78	69	72	77	85	13	60	31	27
78	69	79	77	64	56	21	31	44
78	69	74	77	0	78	0	31	65535
78	70	72	86	85	23	61	32	27
78	70	79	86	64	71	13	32	44
78	70	74	86	0	92	0	32	65535
78	72	79	85	64	68	9	27	44
78	72	74	85	0	91	0	27	65535
78	79	74	64	0	62	0	44	65535
79	78	68	68	47	31	26	43	43
79	78	76	68	80	20	68	43	43
79	78	138	68	83	16	65	43	34
79	78	77	68	89	12	69	43	37
79	78	75	68	99	17	64	43	25
79	78	69	68	27	31	9	43	48
79	68	76	47	80	12	62	43	43
79	68	138	47	83	12	71	43	34
79	68	77	47	89	13	58	43	37
79	68	75	47	99	12	77	43	25
79	68	69	47	27	30	7	43	48
79	76	138	80	83	19	63	43	34
79	76	77	80	89	20	52	43	37
79	76	75	80	99	24	58	43	25
79	76	69	80	27	63	6	43	48
79	138	77	83	89	51	23	34	37
79	138	75	83	99	7	73	34	25
79	138	69	83	27	78	8	34	48
79	77	75	89	99	21	71	37	25
79	77	69	89	27	57	11	37	48
79	75	69	99	27	78	6	25	48
80	2	64	80	83	59	8	37	42
80	2	69	80	89	34	11	37	39
80	2	76	80	90	49	9	37	42
80	2	118	80	73	52	13	37	41
80	64	69	83	89	11	61	42	39
80	64	76	83	90	17	52	42	42
80	64	118	83	73	19	33	42	41
80	69	76	89	90	41	25	39	42
80	69	118	89	73	55	8	39	41
80	76	118	90	73	32	19	42	41
81	77	57	79	60	39	15	36	42
81	77	56	79	80	19	38	36	32
81	77	84	79	11	65	1	36	45
81	77	68	79	88	24	62	36	25
81	77	40	79	56	59	16	36	45
81	77	75	79	89	34	41	36	31
81	77	83	79	62	60	10	36	44
81	77	51	79	75	25	20	36	35
81	77	78	79	38	65	6	36	44
81	77	53	79	44	71	10	36	41
81	77	54	79	60	60	18	36	43
81	77	72	79	56	51	19	36	45
81	57	56	60	80	10	59	42	32
81	57	84	60	11	37	11	42	45
81	57	68	60	88	15	67	42	25
81	57	40	60	56	41	12	42	45
81	57	75	60	89	4	65	42	31
81	57	83	60	62	49	21	42	44
81	57	51	60	75	22	21	42	35
81	57	78	60	38	49	15	42	44
81	57	53	60	44	37	13	42	41
81	57	54	60	60	34	30	42	43
81	57	72	60	56	42	19	42	45
81	56	84	80	11	69	2	32	45
81	56	68	80	88	19	68	32	25
81	56	40	80	56	56	11	32	45
81	56	75	80	89	8	72	32	31
81	56	83	80	62	62	13	32	44
81	56	51	80	75	34	13	32	35
81	56	78	80	38	65	6	32	44
81	56	53	80	44	54	16	32	41
81	56	54	80	60	59	13	32	43
81	56	72	80	56	41	10	32	45
81	84	68	11	88	4	80	45	25
81	84	40	11	56	8	37	45	45
81	84	75	11	89	3	78	45	31
81	84	83	11	62	6	41	45	44
81	84	51	11	75	7	47	45	35
81	84	78	11	38	7	16	45	44
81	84	53	11	44	5	23	45	41
81	84	54	11	60	8	46	45	43
81	84	72	11	56	4	29	45	45
81	68	40	88	56	66	12	25	45
81	68	75	88	89	51	21	25	31
81	68	83	88	62	73	5	25	44
81	68	51	88	75	80	9	25	35
81	68	78	88	38	67	6	25	44
81	68	53	88	44	66	6	25	41
81	68	54	88	60	67	10	25	43
81	68	72	88	56	76	13	25	45
81	40	75	56	89	8	73	45	31
81	40	83	56	62	19	20	45	44
81	40	51	56	75	7	41	45	35
81	40	78	56	38	33	10	45	44
81	40	53	56	44	16	6	45	41
81	40	54	56	60	13	40	45	43
81	40	72	56	56	14	22	45	45
81	75	83	89	62	64	2	31	44
81	75	51	89	75	67	16	31	35
81	75	78	89	38	67	8	31	44
81	75	53	89	44	73	5	31	41
81	75	54	89	60	72	10	31	43
81	75	72	89	56	63	9	31	45
81	83	51	62	75	18	50	44	35
81	83	78	62	38	23	11	44	44
81	83	53	62	44	16	15	44	41
81	83	54	62	60	17	52	44	43
81	83	72	62	56	11	24	44	45
81	51	78	75	38	59	15	35	44
81	51	53	75	44	43	11	35	41
81	51	54	75	60	43	19	35	43
81	51	72	75	56	56	12	35	45
81	78	53	38	44	15	35	44	41
81	78	54	38	60	14	52	44	43
81	78	72	38	56	8	28	44	45
81	53	54	44	60	11	41	41	43
81	53	72	44	56	7	24	41	45
81	54	72	60	56	45	9	43	45
82	65	73	82	62	46	17	24	36
82	65	85	82	79	25	33	24	28
82	73	85	62	79	14	57	36	28
83	81	19	49	33	37	7	41	44
83	81	17	49	66	12	18	41	44
83	81	12	49	0	44	1	41	65535
83	19	17	33	66	2	37	44	44
83	19	12	33	0	34	0	44	65535
83	17	12	66	0	59	0	44	65535
84	40	54	62	71	17	32	43	45
84	40	57	62	25	39	6	43	48
84	40	81	62	19	48	4	43	43
84	40	53	62	54	20	21	43	39
84	40	51	62	66	15	44	43	36
84	54	57	71	25	43	7	45	48
84	54	81	71	19	55	2	45	43
84	54	53	71	54	38	35	45	39
84	54	51	71	66	18	53	45	36
84	57	81	25	19	14	15	48	43
84	57	53	25	54	6	37	48	39
84	57	51	25	66	7	55	48	36
84	81	53	19	54	5	41	43	39
84	81	51	19	66	10	53	43	36
84	53	51	54	66	13	43	39	36
85	82	72	80	79	61	13	28	42
85	82	70	80	92	58	11	28	31
85	82	73	80	84	16	56	28	17
85	82	65	80	72	58	16	28	40
85	72	70	79	92	21	50	42	31
85	72	73	79	84	14	56	42	17
85	72	65	79	72	28	11	42	40
85	70	73	92	84	14	69	31	17
85	70	65	92	72	69	12	31	40
85	73	65	84	72	53	19	17	40
117	130	126	71	87	17	57	33	31
117	130	132	71	68	44	12	33	42
117	130	118	71	72	51	16	33	41
117	130	124	71	90	19	54	33	15
117	130	128	71	78	18	58	33	21
117	126	132	87	68	55	12	31	42
117	126	118	87	72	56	20	31	41
117	126	124	87	90	26	55	31	15
117	126	128	87	78	15	50	31	21
117	132	118	68	72	23	22	42	41
117	132	124	68	90	18	64	42	15
117	132	128	68	78	12	55	42	21
117	118	124	72	90	13	63	41	15
117	118	128	72	78	13	50	41	21
117	124	128	90	78	48	24	15	21
118	136	126	79	90	15	56	35	29
118	136	120	79	100	27	65	35	24
118	136	132	79	100	19	65	35	17
118	136	80	79	87	62	16	35	41
118	136	117	79	82	66	12	35	42
118	136	123	79	81	62	21	35	42
118	126	120	90	100	21	60	29	24
118	126	132	90	100	22	64	29	17
118	126	80	90	87	66	19	29	41
118	126	117	90	82	66	16	29	42
118	126	123	90	81	61	8	29	42
118	120	132	100	100	24	66	24	17
118	120	80	100	87	76	11	24	41
118	120	117	100	82	73	12	24	42
118	120	123	100	81	53	23	24	42
118	132	80	100	87	66	10	17	41
118	132	117	100	82	61	21	17	42
118	132	123	100	81	71	20	17	42
118	80	117	87	82	18	18	41	42
118	80	123	87	81	8	14	41	42
118	117	123	82	81	19	17	42	42
119	133	73	98	64	74	12	10	41
119	133	139	98	82	66	21	10	29
119	133	138	98	39	67	9	10	48
119	133	137	98	90	63	29	10	19
119	133	131	98	54	64	8	10	43
119	73	139	64	82	11	69	41	29
119	73	138	64	39	44	18	41	48
119	73	137	64	90	18	68	41	19
119	73	131	64	54	17	18	41	43
119	139	138	82	39	56	11	29	48
119	139	137	82	90	19	66	29	19
119	139	131	82	54	61	14	29	43
119	138	137	39	90	10	67	48	19
119	138	131	39	54	13	31	48	43
119	137	131	90	54	56	13	19	43
120	136	123	94	92	73	13	27	41
120	136	126	94	39	77	3	27	44
120	136	132	94	81	59	22	27	38
120	136	118	94	89	48	36	27	28
120	136	124	94	72	64	4	27	34
120	123	126	92	39	60	4	41	44
120	123	132	92	81	28	49	41	38
120	123	118	92	89	26	57	41	28
120	123	124	92	72	14	26	41	34
120	126	132	39	81	10	71	44	38
120	126	118	39	89	6	73	44	28
120	126	124	39	72	11	62	44	34
120	132	118	81	89	31	62	38	28
120	132	124	81	72	42	18	38	34
120	118	124	89	72	71	7	28	34
122	131	132	100	54	76	7	18	47
122	131	135	100	100	65	23	18	27
122	131	139	100	91	66	23	18	26
122	131	137	100	68	69	21	18	43
122	131	138	100	0	99	0	18	65535
122	131	123	100	69	77	8	18	45
122	132	135	54	100	11	69	47	27
122	132	139	54	91	15	68	47	26
122	132	137	54	68	14	30	47	43
122	132	138	54	0	52	0	47	65535
122	132	123	54	69	14	39	47	45
122	135	139	100	91	27	62	27	26
122	135	137	100	68	68	18	27	43
122	135	138	100	0	94	0	27	65535
122	135	123	100	69	59	18	27	45
122	139	137	91	68	59	19	26	43
122	139	138	91	0	89	0	26	65535
122	139	123	91	69	70	14	26	45
122	137	138	68	0	58	2	43	65535
122	137	123	68	69	20	41	43	45
122	138	123	0	69	0	69	65535	45
123	138	120	58	92	12	61	47	36
123	138	135	58	100	14	72	47	35
123	138	136	58	89	15	69	47	37
123	138	118	58	88	17	63	47	40
123	138	69	58	80	13	34	47	43
123	138	76	58	88	11	61	47	41
123	138	132	58	100	5	73	47	21
123	138	122	58	78	15	21	47	45
123	120	135	92	100	9	63	36	35
123	120	136	92	89	38	49	36	37
123	120	118	92	88	40	23	36	40
123	120	69	92	80	62	12	36	43
123	120	76	92	88	20	15	36	41
123	120	132	92	100	23	64	36	21
123	120	122	92	78	56	26	36	45
123	135	136	100	89	17	27	35	37
123	135	118	100	88	62	22	35	40
123	135	69	100	80	72	11	35	43
123	135	76	100	88	62	7	35	41
123	135	132	100	100	24	60	35	21
123	135	122	100	78	67	22	35	45
123	136	118	89	88	51	20	37	40
123	136	69	89	80	58	21	37	43
123	136	76	89	88	60	21	37	41
123	136	132	89	100	23	71	37	21
123	136	122	89	78	64	24	37	45
123	118	69	88	80	24	15	40	43
123	118	76	88	88	16	45	40	41
123	118	132	88	100	19	70	40	21
123	118	122	88	78	39	20	40	45
123	69	76	80	88	23	50	43	41
123	69	132	80	100	20	67	43	21
123	69	122	80	78	27	18	43	45
123	76	132	88	100	25	56	41	21
123	76	122	88	78	58	14	41	45
123	132	122	100	78	65	16	21	45
124	117	130	88	69	53	27	20	28
124	117	120	88	85	58	21	20	35
124	117	128	88	72	58	24	20	25
124	117	126	88	100	23	64	20	12
124	117	132	88	1	79	1	20	48
124	130	120	69	85	53	25	28	35
124	130	128	69	72	19	47	28	25
124	130	126	69	100	16	66	28	12
124	130	132	69	1	64	0	28	48
124	120	128	85	72	26	52	35	25
124	120	126	85	100	20	73	35	12
124	120	132	85	1	74	1	35	48
124	128	126	72	100	16	79	25	12
124	128	132	72	1	72	1	25	48
124	126	132	100	1	92	1	12	48
126	124	117	88	88	64	21	13	33
126	124	128	88	72	65	14	13	34
126	124	118	88	73	52	22	13	30
126	124	130	88	75	66	15	13	26
126	124	120	88	38	65	11	13	43
126	117	128	88	72	50	27	33	34
126	117	118	88	73	24	35	33	30
126	117	130	88	75	34	33	33	26
126	117	120	88	38	58	6	33	43
126	128	118	72	73	10	63	34	30
126	128	130	72	75	15	58	34	26
126	128	120	72	38	56	8	34	43
126	118	130	73	75	35	11	30	26
126	118	120	73	38	65	11	30	43
126	130	120	75	38	51	16	26	43
128	130	117	100	77	68	21	14	24
128	130	126	100	73	67	21	14	35
128	130	124	100	72	78	14	14	22
128	130	21	100	0	99	0	14	65535
128	117	126	77	73	56	14	24	35
128	117	124	77	72	44	19	24	22
128	117	21	77	0	78	0	24	65535
128	126	124	73	72	13	52	35	22
128	126	21	73	0	71	0	35	65535
128	124	21	72	0	74	0	22	65535
130	128	126	95	73	51	18	11	29
130	128	117	95	79	61	19	11	38
130	128	124	95	72	58	20	11	28
130	126	117	73	79	44	16	29	38
130	126	124	73	72	51	15	29	28
130	117	124	79	72	23	46	38	28
131	119	122	60	100	8	78	39	20
131	119	138	60	72	19	46	39	39
131	119	139	60	100	13	70	39	12
131	119	137	60	79	21	49	39	30
131	119	135	60	95	14	65	39	29
131	122	138	100	72	64	19	20	39
131	122	139	100	100	27	65	20	12
131	122	137	100	79	70	23	20	30
131	122	135	100	95	62	18	20	29
131	138	139	72	100	23	71	39	12
131	138	137	72	79	19	48	39	30
131	138	135	72	95	15	66	39	29
131	139	137	100	79	54	19	12	30
131	139	135	100	95	56	28	12	29
131	137	135	79	95	17	46	30	29
132	122	76	49	50	19	16	48	45
132	122	117	49	70	21	53	48	42
132	122	123	49	100	11	62	48	22
132	122	136	49	92	7	62	48	28
132	122	69	49	77	13	58	48	42
132	122	118	49	100	10	70	48	16
132	122	120	49	89	11	67	48	33
132	122	126	49	0	47	0	48	65535
132	76	117	50	70	10	47	45	42
132	76	123	50	100	13	72	45	22
132	76	136	50	92	8	65	45	28
132	76	69	50	77	13	45	45	42
132	76	118	50	100	9	76	45	16
132	76	120	50	89	10	64	45	33
132	76	126	50	0	61	0	45	65535
132	117	123	70	100	10	63	42	22
132	117	136	70	92	13	71	42	28
132	117	69	70	77	7	13	42	42
132	117	118	70	100	19	63	42	16
132	117	120	70	89	11	66	42	33
132	117	126	70	0	68	0	42	65535
132	123	136	100	92	77	24	22	28
132	123	69	100	77	56	26	22	42
132	123	118	100	100	28	59	22	16
132	123	120	100	89	67	27	22	33
132	123	126	100	0	97	0	22	65535
132	136	69	92	77	66	23	28	42
132	136	118	92	100	32	54	28	16
132	136	120	92	89	67	22	28	33
132	136	126	92	0	91	0	28	65535
132	69	118	77	100	5	72	42	16
132	69	120	77	89	9	52	42	33
132	69	126	77	0	64	0	42	65535
132	118	120	100	89	64	24	16	33
132	118	126	100	0	98	0	16	65535
132	120	126	89	0	84	0	33	65535
133	119	139	100	72	70	17	12	33
133	119	137	100	60	62	15	12	37
133	119	131	100	0	100	0	12	65535
133	119	73	100	9	89	1	12	45
133	119	138	100	54	87	6	12	47
133	139	137	72	60	39	18	33	37
133	139	131	72	0	78	0	33	65535
133	139	73	72	9	63	1	33	45
133	139	138	72	54	44	10	33	47
133	137	131	60	0	61	0	37	65535
133	137	73	60	9	41	4	37	45
133	137	138	60	54	31	17	37	47
133	131	73	0	9	0	8	65535	45
133	131	138	0	54	0	50	65535	47
133	73	138	9	54	6	31	45	47
135	122	132	100	60	66	18	30	46
135	122	139	100	89	67	31	30	33
135	122	123	100	100	57	22	30	38
135	122	131	100	94	50	30	30	31
135	132	139	60	89	13	74	46	33
135	132	123	60	100	15	80	46	38
135	132	131	60	94	11	65	46	31
135	139	123	89	100	54	24	33	38
135	139	131	89	94	18	48	33	31
135	123	131	100	94	23	58	38	31
136	120	123	94	89	56	23	22	37
136	120	132	94	93	32	24	22	28
136	120	118	94	89	57	17	22	33
136	123	132	89	93	25	52	37	28
136	123	118	89	89	24	52	37	33
136	132	118	93	89	54	24	28	33
137	133	119	62	87	10	68	41	17
137	133	138	62	64	30	40	41	42
137	133	122	62	63	39	20	41	48
137	133	139	62	79	11	58	41	25
137	133	131	62	77	11	57	41	33
137	119	138	87	64	70	12	17	42
137	119	122	87	63	81	11	17	48
137	119	139	87	79	63	23	17	25
137	119	131	87	77	60	21	17	33
137	138	122	64	63	47	18	42	48
137	138	139	64	79	15	50	42	25
137	138	131	64	77	14	52	42	33
137	122	139	63	79	12	43	48	25
137	122	131	63	77	8	45	48	33
137	139	131	79	77	50	16	25	33
138	137	119	62	29	44	10	35	43
138	137	123	62	61	46	13	35	45
138	137	131	62	70	16	44	35	35
138	137	133	62	44	47	10	35	45
138	137	139	62	82	18	56	35	23
138	119	123	29	61	9	37	43	45
138	119	131	29	70	7	54	43	35
138	119	133	29	44	9	16	43	45
138	119	139	29	82	7	69	43	23
138	123	131	61	70	9	57	45	35
138	123	133	61	44	21	9	45	45
138	123	139	61	82	9	65	45	23
138	131	133	70	44	52	2	35	45
138	131	139	70	82	23	69	35	23
138	133	139	44	82	9	66	45	23
139	138	133	86	68	73	13	26	33
139	138	135	86	88	55	19	26	31
139	138	122	86	90	58	24	26	29
139	138	137	86	81	57	17	26	22
139	138	119	86	77	56	18	26	25
139	138	131	86	99	22	60	26	10
139	133	135	68	88	25	28	33	31
139	133	122	68	90	5	71	33	29
139	133	137	68	81	18	47	33	22
139	133	119	68	77	21	48	33	25
139	133	131	68	99	10	72	33	10
139	135	122	88	90	20	61	31	29
139	135	137	88	81	24	57	31	22
139	135	119	88	77	21	52	31	25
139	135	131	88	99	22	68	31	10
139	122	137	90	81	23	42	29	22
139	122	119	90	77	65	13	29	25
139	122	131	90	99	26	60	29	10
139	137	119	81	77	37	28	22	25
139	137	131	81	99	27	69	22	10
139	119	131	77	99	21	65	25	10
