1	9	10	98	99	62	26	36	40
1	9	11	98	100	69	20	36	41
1	9	64	98	81	43	35	36	33
1	9	8	98	100	28	61	36	27
1	9	66	98	59	73	10	36	44
1	9	14	98	100	29	51	36	15
1	9	4	98	99	28	57	36	31
1	9	18	98	99	70	16	36	38
1	9	3	98	4	90	0	36	48
1	10	11	99	100	14	66	40	41
1	10	64	99	81	12	57	40	33
1	10	8	99	100	26	58	40	27
1	10	66	99	59	42	7	40	44
1	10	14	99	100	11	67	40	15
1	10	4	99	99	27	63	40	31
1	10	18	99	99	19	23	40	38
1	10	3	99	4	78	0	40	48
1	11	64	100	81	33	58	41	33
1	11	8	100	100	13	65	41	27
1	11	66	100	59	77	7	41	44
1	11	14	100	100	26	60	41	15
1	11	4	100	99	22	63	41	31
1	11	18	100	99	46	36	41	38
1	11	3	100	4	90	0	41	48
1	64	8	81	100	19	60	33	27
1	64	66	81	59	65	19	33	44
1	64	14	81	100	9	69	33	15
1	64	4	81	99	17	31	33	31
1	64	18	81	99	59	29	33	38
1	64	3	81	4	76	1	33	48
1	8	66	100	59	69	15	27	44
1	8	14	100	100	24	65	27	15
1	8	4	100	99	67	24	27	31
1	8	18	100	99	67	16	27	38
1	8	3	100	4	91	0	27	48
1	66	14	59	100	9	74	44	15
1	66	4	59	99	10	72	44	31
1	66	18	59	99	7	73	44	38
1	66	3	59	4	39	2	44	48
1	14	4	100	99	71	11	15	31
1	14	18	100	99	49	26	15	38
1	14	3	100	4	82	1	15	48
1	4	18	99	99	63	13	31	38
1	4	3	99	4	93	1	31	48
1	18	3	99	4	88	0	38	48
2	12	19	0	99	0	100	65535	34
2	12	80	0	65	0	76	65535	35
2	12	26	0	100	0	84	65535	43
2	12	5	0	99	0	100	65535	38
2	19	80	99	65	41	33	34	35
2	19	26	99	100	66	18	34	43
2	19	5	99	99	69	22	34	38
2	80	26	65	100	33	38	35	43
2	80	5	65	99	48	26	35	38
2	26	5	100	99	11	42	43	38
3	7	20	100	94	72	14	29	33
3	7	6	100	88	65	16	29	40
3	7	15	100	100	23	33	29	28
3	7	14	100	100	17	67	29	25
3	7	18	100	100	52	29	29	29
3	7	16	100	99	34	28	29	31
3	7	66	100	98	70	14	29	41
3	20	6	94	88	12	65	33	40
3	20	15	94	100	0	100	33	28
3	20	14	94	100	6	72	33	25
3	20	18	94	100	12	72	33	29
3	20	16	94	99	25	59	33	31
3	20	66	94	98	64	13	33	41
3	6	15	88	100	20	72	40	28
3	6	14	88	100	13	78	40	25
3	6	18	88	100	9	61	40	29
3	6	16	88	99	19	68	40	31
3	6	66	88	98	61	21	40	41
3	15	14	100	100	22	63	28	25
3	15	18	100	100	61	11	28	29
3	15	16	100	99	37	36	28	31
3	15	66	100	98	64	15	28	41
3	14	18	100	100	74	22	25	29
3	14	16	100	99	53	25	25	31
3	14	66	100	98	71	20	25	41
3	18	16	100	99	25	32	29	31
3	18	66	100	98	65	16	29	41
3	16	66	99	98	66	21	31	41
4	8	64	100	52	76	16	29	45
4	8	1	100	100	58	27	29	34
4	8	9	100	100	27	58	29	14
4	8	10	100	100	23	66	29	25
4	8	67	100	93	66	27	29	37
4	64	1	52	100	12	75	45	34
4	64	9	52	100	9	66	45	14
4	64	10	52	100	3	85	45	25
4	64	67	52	93	6	67	45	37
4	1	9	100	100	28	52	34	14
4	1	10	100	100	27	70	34	25
4	1	67	100	93	71	14	34	37
4	9	10	100	100	63	26	14	25
4	9	67	100	93	59	24	14	37
4	10	67	100	93	68	25	25	37
5	37	19	87	100	22	59	31	29
5	37	2	87	100	66	27	31	42
5	37	35	87	80	48	21	31	44
5	37	36	87	85	62	28	31	44
5	37	13	87	93	57	20	31	43
5	37	17	87	57	61	7	31	46
5	37	14	87	98	51	39	31	40
5	37	12	87	14	79	6	31	18
5	37	11	87	32	78	11	31	49
5	37	18	87	99	58	36	31	33
5	19	2	100	100	69	27	29	42
5	19	35	100	80	62	6	29	44
5	19	36	100	85	79	10	29	44
5	19	13	100	93	71	8	29	43
5	19	17	100	57	70	9	29	46
5	19	14	100	98	61	13	29	40
5	19	12	100	14	79	15	29	18
5	19	11	100	32	84	7	29	49
5	19	18	100	99	55	32	29	33
5	2	35	100	80	37	17	42	44
5	2	36	100	85	50	6	42	44
5	2	13	100	93	46	9	42	43
5	2	17	100	57	68	12	42	46
5	2	14	100	98	17	27	42	40
5	2	12	100	14	79	13	42	18
5	2	11	100	32	81	6	42	49
5	2	18	100	99	10	61	42	33
5	35	36	80	85	22	24	44	44
5	35	13	80	93	17	27	44	43
5	35	17	80	57	31	15	44	46
5	35	14	80	98	20	64	44	40
5	35	12	80	14	70	17	44	18
5	35	11	80	32	57	11	44	49
5	35	18	80	99	22	65	44	33
5	36	13	85	93	12	23	44	43
5	36	17	85	57	31	10	44	46
5	36	14	85	98	6	73	44	40
5	36	12	85	14	71	12	44	18
5	36	11	85	32	45	10	44	49
5	36	18	85	99	9	69	44	33
5	13	17	93	57	37	4	43	46
5	13	14	93	98	28	61	43	40
5	13	12	93	14	73	19	43	18
5	13	11	93	32	56	5	43	49
5	13	18	93	99	19	70	43	33
5	17	14	57	98	7	73	46	40
5	17	12	57	14	41	15	46	18
5	17	11	57	32	29	17	46	49
5	17	18	57	99	8	70	46	33
5	14	12	98	14	78	12	40	18
5	14	11	98	32	71	10	40	49
5	14	18	98	99	27	57	40	33
5	12	11	14	32	9	36	18	49
5	12	18	14	99	11	77	18	33
5	11	18	32	99	10	81	49	33
6	20	11	98	87	64	21	17	33
6	20	15	98	94	55	25	17	35
6	20	16	98	90	65	20	17	29
6	20	3	98	90	63	20	17	40
6	11	15	87	94	64	20	33	35
6	11	16	87	90	10	69	33	29
6	11	3	87	90	65	11	33	40
6	15	16	94	90	35	49	35	29
6	15	3	94	90	39	20	35	40
6	16	3	90	90	59	20	29	40
7	18	3	98	100	28	57	40	32
7	18	14	98	4	97	1	40	48
7	18	16	98	100	22	70	40	27
7	18	15	98	99	13	69	40	23
7	3	14	100	4	98	0	32	48
7	3	16	100	100	31	52	32	27
7	3	15	100	99	26	58	32	23
7	14	16	4	100	0	97	48	27
7	14	15	4	99	0	96	48	23
7	16	15	100	99	31	51	27	23
8	63	72	85	86	14	26	46	45
8	63	4	85	100	12	72	46	27
8	63	64	85	54	41	16	46	44
8	63	9	85	100	12	61	46	21
8	63	1	85	100	13	75	46	29
8	63	10	85	100	8	74	46	31
8	63	66	85	13	76	4	46	46
8	63	67	85	100	11	77	46	38
8	63	14	85	99	8	74	46	36
8	72	4	86	100	12	72	45	27
8	72	64	86	54	36	11	45	44
8	72	9	86	100	9	71	45	21
8	72	1	86	100	13	68	45	29
8	72	10	86	100	5	73	45	31
8	72	66	86	13	60	4	45	46
8	72	67	86	100	25	64	45	38
8	72	14	86	99	8	80	45	36
8	4	64	100	54	73	18	27	44
8	4	9	100	100	30	62	27	21
8	4	1	100	100	23	64	27	29
8	4	10	100	100	56	24	27	31
8	4	66	100	13	94	1	27	46
8	4	67	100	100	60	28	27	38
8	4	14	100	99	60	14	27	36
8	64	9	54	100	9	70	44	21
8	64	1	54	100	16	74	44	29
8	64	10	54	100	6	81	44	31
8	64	66	54	13	50	3	44	46
8	64	67	54	100	3	69	44	38
8	64	14	54	99	11	90	44	36
8	9	1	100	100	62	25	21	29
8	9	10	100	100	67	25	21	31
8	9	66	100	13	96	0	21	46
8	9	67	100	100	61	25	21	38
8	9	14	100	99	63	12	21	36
8	1	10	100	100	49	46	29	31
8	1	66	100	13	95	1	29	46
8	1	67	100	100	75	14	29	38
8	1	14	100	99	64	24	29	36
8	10	66	100	13	96	1	31	46
8	10	67	100	100	64	22	31	38
8	10	14	100	99	61	10	31	36
8	66	67	13	100	0	81	46	38
8	66	14	13	99	1	99	46	36
8	67	14	100	99	15	55	38	36
9	64	11	58	96	10	63	39	40
9	64	10	58	100	12	77	39	17
9	64	4	58	99	15	73	39	13
9	64	1	58	99	16	78	39	36
9	64	13	58	69	45	29	39	43
9	64	67	58	100	5	82	39	22
9	64	8	58	99	15	69	39	18
9	11	10	96	100	11	77	40	17
9	11	4	96	99	23	61	40	13
9	11	1	96	99	20	52	40	36
9	11	13	96	69	64	18	40	43
9	11	67	96	100	15	67	40	22
9	11	8	96	99	14	67	40	18
9	10	4	100	99	25	67	17	13
9	10	1	100	99	56	26	17	36
9	10	13	100	69	65	28	17	43
9	10	67	100	100	67	25	17	22
9	10	8	100	99	65	21	17	18
9	4	1	99	99	62	22	13	36
9	4	13	99	69	73	14	13	43
9	4	67	99	100	62	23	13	22
9	4	8	99	99	56	23	13	18
9	1	13	99	69	73	7	36	43
9	1	67	99	100	25	53	36	22
9	1	8	99	99	30	59	36	18
9	13	67	69	100	10	75	43	22
9	13	8	69	99	10	77	43	18
9	67	8	100	99	28	52	22	18
10	4	8	100	100	61	29	23	30
10	4	67	100	100	54	30	23	35
10	4	1	100	97	55	35	23	43
10	4	9	100	100	24	71	23	20
10	4	13	100	97	69	12	23	43
10	8	67	100	100	65	34	30	35
10	8	1	100	97	52	33	30	43
10	8	9	100	100	10	78	30	20
10	8	13	100	97	71	13	30	43
10	67	1	100	97	55	25	35	43
10	67	9	100	100	29	62	35	20
10	67	13	100	97	68	14	35	43
10	1	9	97	100	31	59	43	20
10	1	13	97	97	40	16	43	43
10	9	13	100	97	66	29	20	43
11	18	9	97	94	22	58	37	38
11	18	14	97	100	22	67	37	37
11	18	6	97	91	20	57	37	33
11	18	15	97	17	91	0	37	44
11	18	20	97	100	10	70	37	23
11	18	5	97	39	74	7	37	43
11	18	13	97	99	31	60	37	23
11	18	1	97	99	21	42	37	38
11	9	14	94	100	24	26	38	37
11	9	6	94	91	18	57	38	33
11	9	15	94	17	86	2	38	44
11	9	20	94	100	11	71	38	23
11	9	5	94	39	70	9	38	43
11	9	13	94	99	17	73	38	23
11	9	1	94	99	37	34	38	38
11	14	6	100	91	24	56	37	33
11	14	15	100	17	85	2	37	44
11	14	20	100	100	13	63	37	23
11	14	5	100	39	73	10	37	43
11	14	13	100	99	30	53	37	23
11	14	1	100	99	42	22	37	38
11	6	15	91	17	68	4	33	44
11	6	20	91	100	26	57	33	23
11	6	5	91	39	74	10	33	43
11	6	13	91	99	18	69	33	23
11	6	1	91	99	63	19	33	38
11	15	20	17	100	2	83	44	23
11	15	5	17	39	5	26	44	43
11	15	13	17	99	2	88	44	23
11	15	1	17	99	1	90	44	38
11	20	5	100	39	77	2	23	43
11	20	13	100	99	19	72	23	23
11	20	1	100	99	62	11	23	38
11	5	13	39	99	8	69	43	23
11	5	1	39	99	5	73	43	38
11	13	1	99	99	71	11	23	38
13	10	11	95	100	15	64	42	28
13	10	9	95	75	40	16	42	45
13	10	14	95	100	13	69	42	35
13	10	18	95	100	10	12	42	42
13	10	5	95	92	14	8	42	41
13	11	9	100	75	57	22	28	45
13	11	14	100	100	77	15	28	35
13	11	18	100	100	66	28	28	42
13	11	5	100	92	60	20	28	41
13	9	14	75	100	15	68	45	35
13	9	18	75	100	8	35	45	42
13	9	5	75	92	14	38	45	41
13	14	18	100	100	70	28	35	42
13	14	5	100	92	67	15	35	41
13	18	5	100	92	33	23	42	41
14	11	13	96	100	25	66	40	33
14	11	5	96	100	59	25	40	36
14	11	1	96	100	21	64	40	14
14	11	8	96	100	15	29	40	33
14	11	16	96	95	72	15	40	43
14	11	35	96	85	22	25	40	37
14	11	66	96	94	63	13	40	42
14	11	15	96	70	71	13	40	44
14	11	18	96	100	26	59	40	15
14	11	3	96	100	10	64	40	27
14	11	37	96	92	70	13	40	37
14	11	33	96	23	77	1	40	46
14	13	5	100	100	69	20	33	36
14	13	1	100	100	12	78	33	14
14	13	8	100	100	32	7	33	33
14	13	16	100	95	64	15	33	43
14	13	35	100	85	51	8	33	37
14	13	66	100	94	71	17	33	42
14	13	15	100	70	69	12	33	44
14	13	18	100	100	29	56	33	15
14	13	3	100	100	10	62	33	27
14	13	37	100	92	66	15	33	37
14	13	33	100	23	88	6	33	46
14	5	1	100	100	9	70	36	14
14	5	8	100	100	12	68	36	33
14	5	16	100	95	71	13	36	43
14	5	35	100	85	38	46	36	37
14	5	66	100	94	58	17	36	42
14	5	15	100	70	81	9	36	44
14	5	18	100	100	20	63	36	15
14	5	3	100	100	27	63	36	27
14	5	37	100	92	37	23	36	37
14	5	33	100	23	73	4	36	46
14	1	8	100	100	60	34	14	33
14	1	16	100	95	69	14	14	43
14	1	35	100	85	74	6	14	37
14	1	66	100	94	61	27	14	42
14	1	15	100	70	77	8	14	44
14	1	18	100	100	53	33	14	15
14	1	3	100	100	66	27	14	27
14	1	37	100	92	73	6	14	37
14	1	33	100	23	69	3	14	46
14	8	16	100	95	70	7	33	43
14	8	35	100	85	28	15	33	37
14	8	66	100	94	64	25	33	42
14	8	15	100	70	75	14	33	44
14	8	18	100	100	12	70	33	15
14	8	3	100	100	10	62	33	27
14	8	37	100	92	75	13	33	37
14	8	33	100	23	81	4	33	46
14	16	35	95	85	20	57	43	37
14	16	66	95	94	22	29	43	42
14	16	15	95	70	44	22	43	44
14	16	18	95	100	18	70	43	15
14	16	3	95	100	28	63	43	27
14	16	37	95	92	22	61	43	37
14	16	33	95	23	61	4	43	46
14	35	66	85	94	74	16	37	42
14	35	15	85	70	63	12	37	44
14	35	18	85	100	20	64	37	15
14	35	3	85	100	12	66	37	27
14	35	37	85	92	50	20	37	37
14	35	33	85	23	68	9	37	46
14	66	15	94	70	69	6	42	44
14	66	18	94	100	16	60	42	15
14	66	3	94	100	28	66	42	27
14	66	37	94	92	21	46	42	37
14	66	33	94	23	66	8	42	46
14	15	18	70	100	7	72	44	15
14	15	3	70	100	21	61	44	27
14	15	37	70	92	7	67	44	37
14	15	33	70	23	19	6	44	46
14	18	3	100	100	61	26	15	27
14	18	37	100	92	60	24	15	37
14	18	33	100	23	77	4	15	46
14	3	37	100	92	71	13	27	37
14	3	33	100	23	76	1	27	46
14	37	33	92	23	55	5	37	46
15	3	6	100	90	64	25	32	39
15	3	16	100	100	31	58	32	25
15	3	20	100	100	62	23	32	31
15	3	11	100	10	99	2	32	49
15	3	14	100	56	61	17	32	46
15	3	7	100	99	33	61	32	25
15	6	16	90	100	26	58	39	25
15	6	20	90	100	20	64	39	31
15	6	11	90	10	79	2	39	49
15	6	14	90	56	69	13	39	46
15	6	7	90	99	14	65	39	25
15	16	20	100	100	76	29	25	31
15	16	11	100	10	93	2	25	49
15	16	14	100	56	71	19	25	46
15	16	7	100	99	37	24	25	25
15	20	11	100	10	79	1	31	49
15	20	14	100	56	72	10	31	46
15	20	7	100	99	13	64	31	25
15	11	14	10	56	2	46	49	46
15	11	7	10	99	2	92	49	25
15	14	7	56	99	16	71	46	25
16	15	7	99	100	55	28	23	26
16	15	14	99	98	71	21	23	44
16	15	6	99	90	74	16	23	31
16	15	20	99	99	58	27	23	24
16	15	3	99	100	51	32	23	33
16	15	66	99	99	70	10	23	35
16	7	14	100	98	57	34	26	44
16	7	6	100	90	63	23	26	31
16	7	20	100	99	27	14	26	24
16	7	3	100	100	61	26	26	33
16	7	66	100	99	68	12	26	35
16	14	6	98	90	19	62	44	31
16	14	20	98	99	9	65	44	24
16	14	3	98	100	35	58	44	33
16	14	66	98	99	26	63	44	35
16	6	20	90	99	25	68	31	24
16	6	3	90	100	37	32	31	33
16	6	66	90	99	59	25	31	35
16	20	3	99	100	29	66	24	33
16	20	66	99	99	74	17	24	35
16	3	66	100	99	48	26	33	35
17	19	39	100	100	17	69	35	25
17	19	83	100	99	54	17	35	39
17	19	38	100	89	67	12	35	42
17	19	5	100	52	57	7	35	43
17	39	83	100	99	65	12	25	39
17	39	38	100	89	65	19	25	42
17	39	5	100	52	75	10	25	43
17	83	38	99	89	69	9	39	42
17	83	5	99	52	73	6	39	43
17	38	5	89	52	53	3	42	43
18	13	19	97	17	75	3	42	45
18	13	1	97	99	13	69	42	40
18	13	37	97	91	29	16	42	42
18	13	5	97	100	18	62	42	33
18	13	16	97	12	85	0	42	47
18	13	35	97	81	21	53	42	38
18	13	3	97	98	11	72	42	33
18	13	11	97	98	21	72	42	42
18	19	1	17	99	4	88	45	40
18	19	37	17	91	11	57	45	42
18	19	5	17	100	7	85	45	33
18	19	16	17	12	13	4	45	47
18	19	35	17	81	7	62	45	38
18	19	3	17	98	4	86	45	33
18	19	11	17	98	4	84	45	42
18	1	37	99	91	69	5	40	42
18	1	5	99	100	15	63	40	33
18	1	16	99	12	95	0	40	47
18	1	35	99	81	37	43	40	38
18	1	3	99	98	22	56	40	33
18	1	11	99	98	37	27	40	42
18	37	5	91	100	22	74	42	33
18	37	16	91	12	75	2	42	47
18	37	35	91	81	18	55	42	38
18	37	3	91	98	11	73	42	33
18	37	11	91	98	9	61	42	42
18	5	16	100	12	93	2	33	47
18	5	35	100	81	49	31	33	38
18	5	3	100	98	16	61	33	33
18	5	11	100	98	61	27	33	42
18	16	35	12	81	4	83	47	38
18	16	3	12	98	3	85	47	33
18	16	11	12	98	0	92	47	42
18	35	3	81	98	13	63	38	33
18	35	11	81	98	18	29	38	42
18	3	11	98	98	69	13	33	42
19	26	2	98	99	30	63	41	37
19	26	5	98	100	10	55	41	29
19	26	17	98	100	6	62	41	37
19	26	18	98	21	83	2	41	45
19	26	12	98	12	92	3	41	19
19	2	5	99	100	26	63	37	29
19	2	17	99	100	21	21	37	37
19	2	18	99	21	87	2	37	45
19	2	12	99	12	92	1	37	19
19	5	17	100	100	55	23	29	37
19	5	18	100	21	76	8	29	45
19	5	12	100	12	92	5	29	19
19	17	18	100	21	88	1	37	45
19	17	12	100	12	92	4	37	19
19	18	12	21	12	20	6	45	19
20	16	6	100	96	26	63	27	22
20	16	11	100	99	13	32	27	29
20	16	15	100	97	57	22	27	31
20	16	13	100	0	100	0	27	65535
20	6	11	96	99	58	27	22	29
20	6	15	96	97	63	27	22	31
20	6	13	96	0	94	0	22	65535
20	11	15	99	97	59	22	29	31
20	11	13	99	0	99	0	29	65535
20	15	13	97	0	99	0	31	65535
24	27	31	99	97	24	58	37	34
25	35	28	78	97	19	73	46	22
26	2	37	95	89	19	65	45	31
26	2	36	95	98	12	76	45	34
26	2	19	95	93	25	30	45	40
26	37	36	89	98	53	31	31	34
26	37	19	89	93	44	34	31	40
26	36	19	98	93	68	12	34	40
27	24	40	100	96	20	63	31	34
27	24	31	100	90	43	41	31	36
27	24	47	100	83	21	13	31	43
27	24	56	100	100	12	65	31	29
27	24	58	100	0	100	0	31	65535
27	24	55	100	100	14	70	31	35
27	24	30	100	19	79	4	31	46
27	24	54	100	86	20	37	31	43
27	40	31	96	90	62	20	34	36
27	40	47	96	83	59	23	34	43
27	40	56	96	100	34	55	34	29
27	40	58	96	0	100	0	34	65535
27	40	55	96	100	62	23	34	35
27	40	30	96	19	85	2	34	46
27	40	54	96	86	58	27	34	43
27	31	47	90	83	52	17	36	43
27	31	56	90	100	9	74	36	29
27	31	58	90	0	90	0	36	65535
27	31	55	90	100	8	75	36	35
27	31	30	90	19	79	4	36	46
27	31	54	90	86	31	24	36	43
27	47	56	83	100	23	59	43	29
27	47	58	83	0	87	0	43	65535
27	47	55	83	100	22	68	43	35
27	47	30	83	19	71	3	43	46
27	47	54	83	86	26	22	43	43
27	56	58	100	0	100	0	29	65535
27	56	55	100	100	74	25	29	35
27	56	30	100	19	83	5	29	46
27	56	54	100	86	69	21	29	43
27	58	55	0	100	0	100	65535	35
27	58	30	0	19	0	13	65535	46
27	58	54	0	86	0	87	65535	43
27	55	30	100	19	94	3	35	46
27	55	54	100	86	65	24	35	43
27	30	54	19	86	5	74	46	43
28	25	38	100	91	68	13	21	35
28	25	35	100	89	75	20	21	37
28	25	36	100	82	68	12	21	44
28	38	35	91	89	43	16	35	37
28	38	36	91	82	62	25	35	44
28	35	36	89	82	50	21	37	44
30	46	56	8	45	2	52	46	43
30	46	53	8	78	1	68	46	33
30	46	57	8	81	2	77	46	39
30	46	51	8	74	2	73	46	36
30	46	27	8	15	6	19	46	44
30	56	53	45	78	21	45	43	33
30	56	57	45	81	17	51	43	39
30	56	51	45	74	18	47	43	36
30	56	27	45	15	46	8	43	44
30	53	57	78	81	14	33	33	39
30	53	51	78	74	51	22	33	36
30	53	27	78	15	63	3	33	44
30	57	51	81	74	50	24	39	36
30	57	27	81	15	73	2	39	44
30	51	27	74	15	58	3	36	44
31	24	28	92	0	91	0	25	65535
31	24	32	92	7	96	1	25	44
31	24	27	92	93	56	23	25	35
31	28	32	0	7	0	2	65535	44
31	28	27	0	93	0	94	65535	35
31	32	27	7	93	0	90	44	35
32	33	34	73	100	17	74	44	20
32	33	48	73	27	38	25	44	47
32	33	45	73	86	29	48	44	37
32	34	48	100	27	55	27	20	47
32	34	45	100	86	68	21	20	37
32	48	45	27	86	17	59	47	37
33	60	32	60	72	9	60	47	44
33	60	14	60	85	9	50	47	46
33	60	45	60	35	17	10	47	47
33	60	35	60	82	3	57	47	39
33	60	18	60	4	18	9	47	46
33	60	48	60	64	2	60	47	47
33	32	14	72	85	40	14	44	46
33	32	45	72	35	63	13	44	47
33	32	35	72	82	23	50	44	39
33	32	18	72	4	81	1	44	46
33	32	48	72	64	23	21	44	47
33	14	45	85	35	58	7	46	47
33	14	35	85	82	24	55	46	39
33	14	18	85	4	70	2	46	46
33	14	48	85	64	23	14	46	47
33	45	35	35	82	11	65	47	39
33	45	18	35	4	33	1	47	46
33	45	48	35	64	10	42	47	47
33	35	18	82	4	67	3	39	46
33	35	48	82	64	53	17	39	47
33	18	48	4	64	2	59	46	47
34	32	45	100	90	47	29	21	43
35	14	37	90	85	27	41	39	28
35	14	18	90	88	28	27	39	37
35	14	60	90	79	60	6	39	45
35	14	36	90	86	14	51	39	35
35	14	33	90	78	41	21	39	39
35	14	25	90	87	48	13	39	44
35	14	28	90	89	9	57	39	37
35	14	5	90	87	52	26	39	39
35	37	18	85	88	49	19	28	37
35	37	60	85	79	67	15	28	45
35	37	36	85	86	59	22	28	35
35	37	33	85	78	57	12	28	39
35	37	25	85	87	54	13	28	44
35	37	28	85	89	51	8	28	37
35	37	5	85	87	60	23	28	39
35	18	60	88	79	58	7	37	45
35	18	36	88	86	13	51	37	35
35	18	33	88	78	47	10	37	39
35	18	25	88	87	61	13	37	44
35	18	28	88	89	11	58	37	37
35	18	5	88	87	56	22	37	39
35	60	36	79	86	6	60	45	35
35	60	33	79	78	23	31	45	39
35	60	25	79	87	32	21	45	44
35	60	28	79	89	11	70	45	37
35	60	5	79	87	15	21	45	39
35	36	33	86	78	59	16	35	39
35	36	25	86	87	58	8	35	44
35	36	28	86	89	22	24	35	37
35	36	5	86	87	51	18	35	39
35	33	25	78	87	50	19	39	44
35	33	28	78	89	13	67	39	37
35	33	5	78	87	31	34	39	39
35	25	28	87	89	22	55	44	37
35	25	5	87	87	8	47	44	39
35	28	5	89	87	61	12	37	39
36	38	26	98	100	64	15	28	34
36	38	37	98	87	58	24	28	33
36	38	5	98	92	58	16	28	41
36	38	35	98	86	74	11	28	37
36	38	28	98	90	60	21	28	45
36	38	33	98	2	98	0	28	48
36	38	39	98	99	53	33	28	36
36	26	37	100	87	33	31	34	33
36	26	5	100	92	65	14	34	41
36	26	35	100	86	59	6	34	37
36	26	28	100	90	60	8	34	45
36	26	33	100	2	94	0	34	48
36	26	39	100	99	29	30	34	36
36	37	5	87	92	57	27	33	41
36	37	35	87	86	50	31	33	37
36	37	28	87	90	60	23	33	45
36	37	33	87	2	85	0	33	48
36	37	39	87	99	46	31	33	36
36	5	35	92	86	29	53	41	37
36	5	28	92	90	16	18	41	45
36	5	33	92	2	86	0	41	48
36	5	39	92	99	13	75	41	36
36	35	28	86	90	67	26	37	45
36	35	33	86	2	74	0	37	48
36	35	39	86	99	11	41	37	36
36	28	33	90	2	84	0	45	48
36	28	39	90	99	17	69	45	36
36	33	39	2	99	0	98	48	36
37	5	60	88	92	61	17	31	40
37	5	36	88	92	40	25	31	34
37	5	38	88	83	57	12	31	38
37	5	26	88	90	7	24	31	31
37	5	14	88	91	44	18	31	40
37	5	18	88	91	60	24	31	42
37	5	39	88	75	60	12	31	46
37	5	35	88	87	29	44	31	31
37	5	19	88	6	79	2	31	45
37	60	36	92	92	13	59	40	34
37	60	38	92	83	43	9	40	38
37	60	26	92	90	5	66	40	31
37	60	14	92	91	51	13	40	40
37	60	18	92	91	60	9	40	42
37	60	39	92	75	62	8	40	46
37	60	35	92	87	18	66	40	31
37	60	19	92	6	79	1	40	45
37	36	38	92	83	59	18	34	38
37	36	26	92	90	20	60	34	31
37	36	14	92	91	52	12	34	40
37	36	18	92	91	56	10	34	42
37	36	39	92	75	53	27	34	46
37	36	35	92	87	29	48	34	31
37	36	19	92	6	89	1	34	45
37	38	26	83	90	11	66	38	31
37	38	14	83	91	16	18	38	40
37	38	18	83	91	50	13	38	42
37	38	39	83	75	62	17	38	46
37	38	35	83	87	12	52	38	31
37	38	19	83	6	78	0	38	45
37	26	14	90	91	62	10	31	40
37	26	18	90	91	65	5	31	42
37	26	39	90	75	60	10	31	46
37	26	35	90	87	20	54	31	31
37	26	19	90	6	85	0	31	45
37	14	18	91	91	54	24	40	42
37	14	39	91	75	64	4	40	46
37	14	35	91	87	29	54	40	31
37	14	19	91	6	88	0	40	45
37	18	39	91	75	37	5	42	46
37	18	35	91	87	28	57	42	31
37	18	19	91	6	87	0	42	45
37	39	35	75	87	12	63	46	31
37	39	19	75	6	69	1	46	45
37	35	19	87	6	83	1	31	45
38	28	36	86	100	17	70	37	28
38	28	51	86	76	38	11	37	36
38	28	37	86	84	60	12	37	37
38	28	17	86	88	69	7	37	44
38	28	39	86	99	19	38	37	34
38	36	51	100	76	71	12	28	36
38	36	37	100	84	76	20	28	37
38	36	17	100	88	59	12	28	44
38	36	39	100	99	66	16	28	34
38	51	37	76	84	51	19	36	37
38	51	17	76	88	48	27	36	44
38	51	39	76	99	7	72	36	34
38	37	17	84	88	51	18	37	44
38	37	39	84	99	32	71	37	34
38	17	39	88	99	27	67	44	34
39	17	36	99	100	64	8	25	35
39	17	26	99	8	90	1	25	46
39	17	38	99	99	58	31	25	33
39	17	37	99	79	75	14	25	44
39	36	26	100	8	88	1	35	46
39	36	38	100	99	25	67	35	33
39	36	37	100	79	64	21	35	44
39	26	38	8	99	1	77	46	33
39	26	37	8	79	2	41	46	44
39	38	37	99	79	62	24	33	44
40	68	55	43	100	6	76	43	13
40	68	47	43	100	2	81	43	23
40	68	54	43	100	17	70	43	21
40	68	84	43	72	13	36	43	38
40	68	27	43	99	6	76	43	31
40	68	59	43	65	22	25	43	40
40	68	81	43	41	21	14	43	43
40	68	56	43	100	2	77	43	17
40	68	51	43	84	8	56	43	33
40	68	58	43	92	4	75	43	30
40	68	53	43	53	12	35	43	38
40	68	45	43	69	3	63	43	38
40	55	47	100	100	60	27	13	23
40	55	54	100	100	61	29	13	21
40	55	84	100	72	66	11	13	38
40	55	27	100	99	66	28	13	31
40	55	59	100	65	62	15	13	40
40	55	81	100	41	83	4	13	43
40	55	56	100	100	65	23	13	17
40	55	51	100	84	66	23	13	33
40	55	58	100	92	52	30	13	30
40	55	53	100	53	64	13	13	38
40	55	45	100	69	65	19	13	38
40	47	54	100	100	24	64	23	21
40	47	84	100	72	75	5	23	38
40	47	27	100	99	68	23	23	31
40	47	59	100	65	67	11	23	40
40	47	81	100	41	74	8	23	43
40	47	56	100	100	22	61	23	17
40	47	51	100	84	66	19	23	33
40	47	58	100	92	59	23	23	30
40	47	53	100	53	58	20	23	38
40	47	45	100	69	72	22	23	38
40	54	84	100	72	63	11	21	38
40	54	27	100	99	55	32	21	31
40	54	59	100	65	61	16	21	40
40	54	81	100	41	68	13	21	43
40	54	56	100	100	62	27	21	17
40	54	51	100	84	70	17	21	33
40	54	58	100	92	55	31	21	30
40	54	53	100	53	67	23	21	38
40	54	45	100	69	56	25	21	38
40	84	27	72	99	5	63	38	31
40	84	59	72	65	39	14	38	40
40	84	81	72	41	53	11	38	43
40	84	56	72	100	14	76	38	17
40	84	51	72	84	25	52	38	33
40	84	58	72	92	9	74	38	30
40	84	53	72	53	27	12	38	38
40	84	45	72	69	15	57	38	38
40	27	59	99	65	77	10	31	40
40	27	81	99	41	86	4	31	43
40	27	56	99	100	28	61	31	17
40	27	51	99	84	29	19	31	33
40	27	58	99	92	17	40	31	30
40	27	53	99	53	65	7	31	38
40	27	45	99	69	61	10	31	38
40	59	81	65	41	42	19	40	43
40	59	56	65	100	16	63	40	17
40	59	51	65	84	22	66	40	33
40	59	58	65	92	18	66	40	30
40	59	53	65	53	15	24	40	38
40	59	45	65	69	20	39	40	38
40	81	56	41	100	5	89	43	17
40	81	51	41	84	16	47	43	33
40	81	58	41	92	5	86	43	30
40	81	53	41	53	14	35	43	38
40	81	45	41	69	11	55	43	38
40	56	51	100	84	69	17	17	33
40	56	58	100	92	57	26	17	30
40	56	53	100	53	65	17	17	38
40	56	45	100	69	61	22	17	38
40	51	58	84	92	33	39	33	30
40	51	53	84	53	52	13	33	38
40	51	45	84	69	61	23	33	38
40	58	53	92	53	74	10	30	38
40	58	45	92	69	65	16	30	38
40	53	45	53	69	9	45	38	38
45	55	33	61	62	8	33	45	45
45	55	47	61	76	13	48	45	43
45	55	40	61	80	8	50	45	37
45	55	59	61	74	17	32	45	44
45	55	32	61	76	10	64	45	36
45	55	58	61	82	15	65	45	38
45	55	60	61	80	4	71	45	40
45	55	56	61	64	9	27	45	42
45	55	34	61	95	4	43	45	41
45	55	54	61	96	10	71	45	36
45	55	48	61	98	9	78	45	23
45	33	47	62	76	15	51	45	43
45	33	40	62	80	14	60	45	37
45	33	59	62	74	19	17	45	44
45	33	32	62	76	8	64	45	36
45	33	58	62	82	9	63	45	38
45	33	60	62	80	9	61	45	40
45	33	56	62	64	31	20	45	42
45	33	34	62	95	8	32	45	41
45	33	54	62	96	10	61	45	36
45	33	48	62	98	12	75	45	23
45	47	40	76	80	27	50	43	37
45	47	59	76	74	40	21	43	44
45	47	32	76	76	14	70	43	36
45	47	58	76	82	23	31	43	38
45	47	60	76	80	12	53	43	40
45	47	56	76	64	54	12	43	42
45	47	34	76	95	44	23	43	41
45	47	54	76	96	15	56	43	36
45	47	48	76	98	15	70	43	23
45	40	59	80	74	35	27	37	44
45	40	32	80	76	24	44	37	36
45	40	58	80	82	39	17	37	38
45	40	60	80	80	18	34	37	40
45	40	56	80	64	45	23	37	42
45	40	34	80	95	48	29	37	41
45	40	54	80	96	22	55	37	36
45	40	48	80	98	9	75	37	23
45	59	32	74	76	8	68	44	36
45	59	58	74	82	19	39	44	38
45	59	60	74	80	8	65	44	40
45	59	56	74	64	24	17	44	42
45	59	34	74	95	5	30	44	41
45	59	54	74	96	15	61	44	36
45	59	48	74	98	9	83	44	23
45	32	58	76	82	59	8	36	38
45	32	60	76	80	27	9	36	40
45	32	56	76	64	70	10	36	42
45	32	34	76	95	49	27	36	41
45	32	54	76	96	12	69	36	36
45	32	48	76	98	20	65	36	23
45	58	60	82	80	8	41	38	40
45	58	56	82	64	47	17	38	42
45	58	34	82	95	52	21	38	41
45	58	54	82	96	29	53	38	36
45	58	48	82	98	21	63	38	23
45	60	56	80	64	61	11	40	42
45	60	34	80	95	52	19	40	41
45	60	54	80	96	9	52	40	36
45	60	48	80	98	20	67	40	23
45	56	34	64	95	6	33	42	41
45	56	54	64	96	13	65	42	36
45	56	48	64	98	10	79	42	23
45	34	54	95	96	8	64	41	36
45	34	48	95	98	18	68	41	23
45	54	48	96	98	13	74	36	23
46	51	53	73	66	49	19	35	41
46	51	57	73	75	34	18	35	42
46	53	57	66	75	13	44	41	42
47	45	40	69	100	19	65	40	20
47	45	57	69	55	40	4	40	47
47	45	59	69	77	23	37	40	35
47	45	58	69	100	21	70	40	15
47	45	48	69	100	20	62	40	29
47	45	53	69	77	21	21	40	39
47	45	55	69	100	15	68	40	17
47	45	51	69	67	21	49	40	34
47	45	54	69	100	21	70	40	28
47	45	27	69	73	37	16	40	40
47	45	56	69	99	16	63	40	29
47	40	57	100	55	65	12	20	47
47	40	59	100	77	68	24	20	35
47	40	58	100	100	22	65	20	15
47	40	48	100	100	65	18	20	29
47	40	53	100	77	57	18	20	39
47	40	55	100	100	19	70	20	17
47	40	51	100	67	70	20	20	34
47	40	54	100	100	50	33	20	28
47	40	27	100	73	61	23	20	40
47	40	56	100	99	63	28	20	29
47	57	59	55	77	17	62	47	35
47	57	58	55	100	12	81	47	15
47	57	48	55	100	4	78	47	29
47	57	53	55	77	14	32	47	39
47	57	55	55	100	13	69	47	17
47	57	51	55	67	8	41	47	34
47	57	54	55	100	13	63	47	28
47	57	27	55	73	24	39	47	40
47	57	56	55	99	13	63	47	29
47	59	58	77	100	18	68	35	15
47	59	48	77	100	18	67	35	29
47	59	53	77	77	58	16	35	39
47	59	55	77	100	22	68	35	17
47	59	51	77	67	34	25	35	34
47	59	54	77	100	9	71	35	28
47	59	27	77	73	50	12	35	40
47	59	56	77	99	16	66	35	29
47	58	48	100	100	50	24	15	29
47	58	53	100	77	68	10	15	39
47	58	55	100	100	49	24	15	17
47	58	51	100	67	65	19	15	34
47	58	54	100	100	48	37	15	28
47	58	27	100	73	72	12	15	40
47	58	56	100	99	66	16	15	29
47	48	53	100	77	71	11	29	39
47	48	55	100	100	13	61	29	17
47	48	51	100	67	76	11	29	34
47	48	54	100	100	27	52	29	28
47	48	27	100	73	68	12	29	40
47	48	56	100	99	68	10	29	29
47	53	55	77	100	18	66	39	17
47	53	51	77	67	16	56	39	34
47	53	54	77	100	27	64	39	28
47	53	27	77	73	18	23	39	40
47	53	56	77	99	16	70	39	29
47	55	51	100	67	68	18	17	34
47	55	54	100	100	67	24	17	28
47	55	27	100	73	68	21	17	40
47	55	56	100	99	48	27	17	29
47	51	54	67	100	14	79	34	28
47	51	27	67	73	56	24	34	40
47	51	56	67	99	19	65	34	29
47	54	27	100	73	78	17	28	40
47	54	56	100	99	61	23	28	29
47	27	56	73	99	23	59	40	29
48	60	58	100	86	67	6	34	37
48	60	54	100	37	87	3	34	48
48	60	45	100	100	22	66	34	23
48	60	47	100	100	22	54	34	29
48	60	33	100	65	68	14	34	45
48	60	32	100	73	73	12	34	43
48	58	54	86	37	28	11	37	48
48	58	45	86	100	20	69	37	23
48	58	47	86	100	18	64	37	29
48	58	33	86	65	44	12	37	45
48	58	32	86	73	29	26	37	43
48	54	45	37	100	15	70	48	23
48	54	47	37	100	15	79	48	29
48	54	33	37	65	41	23	48	45
48	54	32	37	73	9	37	48	43
48	45	47	100	100	59	26	23	29
48	45	33	100	65	70	12	23	45
48	45	32	100	73	66	21	23	43
48	47	33	100	65	65	6	29	45
48	47	32	100	73	73	17	29	43
48	33	32	65	73	13	27	45	43
51	57	81	86	56	65	20	34	38
51	57	30	86	78	52	20	34	36
51	57	46	86	72	55	16	34	34
51	57	56	86	100	19	66	34	17
51	57	68	86	28	49	26	34	38
51	57	53	86	93	24	66	34	23
51	57	54	86	71	61	23	34	39
51	57	47	86	80	60	27	34	37
51	57	40	86	80	66	18	34	32
51	57	84	86	54	75	16	34	43
51	57	55	86	77	70	13	34	38
51	57	77	86	48	84	6	34	46
51	57	38	86	74	66	11	34	35
51	57	58	86	62	72	10	34	39
51	57	59	86	26	63	9	34	45
51	81	30	56	78	4	42	38	36
51	81	46	56	72	11	63	38	34
51	81	56	56	100	20	57	38	17
51	81	68	56	28	18	24	38	38
51	81	53	56	93	16	56	38	23
51	81	54	56	71	13	55	38	39
51	81	47	56	80	11	57	38	37
51	81	40	56	80	13	62	38	32
51	81	84	56	54	40	17	38	43
51	81	55	56	77	5	55	38	38
51	81	77	56	48	44	12	38	46
51	81	38	56	74	17	55	38	35
51	81	58	56	62	35	19	38	39
51	81	59	56	26	52	12	38	45
51	30	46	78	72	14	41	36	34
51	30	56	78	100	19	67	36	17
51	30	68	78	28	42	12	36	38
51	30	53	78	93	16	63	36	23
51	30	54	78	71	7	8	36	39
51	30	47	78	80	10	42	36	37
51	30	40	78	80	10	60	36	32
51	30	84	78	54	40	12	36	43
51	30	55	78	77	13	24	36	38
51	30	77	78	48	50	12	36	46
51	30	38	78	74	14	30	36	35
51	30	58	78	62	37	12	36	39
51	30	59	78	26	41	4	36	45
51	46	56	72	100	6	69	34	17
51	46	68	72	28	48	11	34	38
51	46	53	72	93	15	69	34	23
51	46	54	72	71	53	20	34	39
51	46	47	72	80	12	26	34	37
51	46	40	72	80	7	56	34	32
51	46	84	72	54	60	8	34	43
51	46	55	72	77	42	17	34	38
51	46	77	72	48	49	14	34	46
51	46	38	72	74	40	12	34	35
51	46	58	72	62	59	10	34	39
51	46	59	72	26	55	8	34	45
51	56	68	100	28	68	11	17	38
51	56	53	100	93	68	29	17	23
51	56	54	100	71	70	20	17	39
51	56	47	100	80	68	11	17	37
51	56	40	100	80	70	17	17	32
51	56	84	100	54	86	9	17	43
51	56	55	100	77	79	19	17	38
51	56	77	100	48	71	10	17	46
51	56	38	100	74	67	7	17	35
51	56	58	100	62	68	22	17	39
51	56	59	100	26	84	7	17	45
51	68	53	28	93	12	75	38	23
51	68	54	28	71	14	60	38	39
51	68	47	28	80	9	56	38	37
51	68	40	28	80	17	51	38	32
51	68	84	28	54	41	14	38	43
51	68	55	28	77	18	42	38	38
51	68	77	28	48	40	14	38	46
51	68	38	28	74	14	49	38	35
51	68	58	28	62	24	13	38	39
51	68	59	28	26	46	14	38	45
51	53	54	93	71	67	19	23	39
51	53	47	93	80	60	21	23	37
51	53	40	93	80	67	20	23	32
51	53	84	93	54	74	10	23	43
51	53	55	93	77	62	25	23	38
51	53	77	93	48	68	16	23	46
51	53	38	93	74	64	26	23	35
51	53	58	93	62	67	7	23	39
51	53	59	93	26	78	6	23	45
51	54	47	71	80	26	46	39	37
51	54	40	71	80	20	53	39	32
51	54	84	71	54	60	7	39	43
51	54	55	71	77	27	18	39	38
51	54	77	71	48	62	8	39	46
51	54	38	71	74	18	10	39	35
51	54	58	71	62	52	18	39	39
51	54	59	71	26	41	7	39	45
51	47	40	80	80	18	33	37	32
51	47	84	80	54	62	8	37	43
51	47	55	80	77	49	19	37	38
51	47	77	80	48	59	10	37	46
51	47	38	80	74	38	9	37	35
51	47	58	80	62	58	11	37	39
51	47	59	80	26	63	11	37	45
51	40	84	80	54	64	8	32	43
51	40	55	80	77	52	24	32	38
51	40	77	80	48	51	11	32	46
51	40	38	80	74	58	12	32	35
51	40	58	80	62	60	19	32	39
51	40	59	80	26	72	7	32	45
51	84	55	54	77	14	61	43	38
51	84	77	54	48	10	19	43	46
51	84	38	54	74	10	55	43	35
51	84	58	54	62	12	43	43	39
51	84	59	54	26	25	21	43	45
51	55	77	77	48	60	5	38	46
51	55	38	77	74	14	37	38	35
51	55	58	77	62	37	16	38	39
51	55	59	77	26	55	10	38	45
51	77	38	48	74	7	56	46	35
51	77	58	48	62	15	48	46	39
51	77	59	48	26	27	6	46	45
51	38	58	74	62	49	9	35	39
51	38	59	74	26	63	3	35	45
51	58	59	62	26	48	10	39	45
53	84	57	78	100	20	66	31	25
53	84	46	78	72	57	9	31	43
53	84	47	78	76	44	10	31	43
53	84	81	78	66	44	9	31	40
53	84	30	78	75	40	10	31	33
53	84	77	78	33	50	12	31	40
53	84	40	78	63	56	12	31	39
53	84	51	78	94	17	66	31	24
53	84	54	78	85	19	36	31	34
53	84	56	78	72	63	18	31	33
53	84	68	78	65	59	8	31	37
53	84	55	78	30	69	1	31	46
53	57	46	100	72	69	17	25	43
53	57	47	100	76	71	11	25	43
53	57	81	100	66	60	19	25	40
53	57	30	100	75	66	20	25	33
53	57	77	100	33	76	12	25	40
53	57	40	100	63	76	15	25	39
53	57	51	100	94	56	23	25	24
53	57	54	100	85	73	11	25	34
53	57	56	100	72	66	16	25	33
53	57	68	100	65	73	11	25	37
53	57	55	100	30	87	0	25	46
53	46	47	72	76	14	28	43	43
53	46	81	72	66	25	20	43	40
53	46	30	72	75	14	43	43	33
53	46	77	72	33	40	6	43	40
53	46	40	72	63	21	28	43	39
53	46	51	72	94	15	60	43	24
53	46	54	72	85	10	54	43	34
53	46	56	72	72	14	57	43	33
53	46	68	72	65	16	46	43	37
53	46	55	72	30	46	3	43	46
53	47	81	76	66	37	16	43	40
53	47	30	76	75	22	53	43	33
53	47	77	76	33	17	32	43	40
53	47	40	76	63	22	16	43	39
53	47	51	76	94	22	66	43	24
53	47	54	76	85	15	64	43	34
53	47	56	76	72	14	51	43	33
53	47	68	76	65	7	48	43	37
53	47	55	76	30	45	0	43	46
53	81	30	66	75	4	45	40	33
53	81	77	66	33	18	41	40	40
53	81	40	66	63	12	45	40	39
53	81	51	66	94	9	69	40	24
53	81	54	66	85	15	57	40	34
53	81	56	66	72	20	50	40	33
53	81	68	66	65	17	26	40	37
53	81	55	66	30	46	5	40	46
53	30	77	75	33	55	14	33	40
53	30	40	75	63	56	8	33	39
53	30	51	75	94	13	61	33	24
53	30	54	75	85	9	54	33	34
53	30	56	75	72	18	27	33	33
53	30	68	75	65	52	17	33	37
53	30	55	75	30	64	5	33	46
53	77	40	33	63	26	18	40	39
53	77	51	33	94	24	56	40	24
53	77	54	33	85	8	58	40	34
53	77	56	33	72	6	57	40	33
53	77	68	33	65	20	16	40	37
53	77	55	33	30	63	3	40	46
53	40	51	63	94	18	73	39	24
53	40	54	63	85	18	58	39	34
53	40	56	63	72	16	57	39	33
53	40	68	63	65	19	27	39	37
53	40	55	63	30	51	5	39	46
53	51	54	94	85	55	22	24	34
53	51	56	94	72	52	28	24	33
53	51	68	94	65	61	17	24	37
53	51	55	94	30	71	6	24	46
53	54	56	85	72	58	22	34	33
53	54	68	85	65	63	11	34	37
53	54	55	85	30	71	3	34	46
53	56	68	72	65	52	8	33	37
53	56	55	72	30	58	6	33	46
53	68	55	65	30	57	2	37	46
54	51	59	76	35	74	3	35	43
54	51	55	76	98	19	68	35	29
54	51	40	76	100	23	59	35	18
54	51	81	76	72	60	12	35	38
54	51	27	76	80	55	26	35	37
54	51	45	76	88	20	62	35	34
54	51	57	76	77	40	26	35	45
54	51	47	76	100	19	69	35	28
54	51	56	76	100	14	68	35	9
54	51	53	76	84	33	34	35	30
54	51	48	76	56	62	16	35	45
54	51	58	76	99	24	62	35	22
54	59	55	35	98	15	60	43	29
54	59	40	35	100	11	72	43	18
54	59	81	35	72	17	59	43	38
54	59	27	35	80	7	71	43	37
54	59	45	35	88	12	63	43	34
54	59	57	35	77	11	62	43	45
54	59	47	35	100	6	83	43	28
54	59	56	35	100	9	74	43	9
54	59	53	35	84	16	67	43	30
54	59	48	35	56	23	11	43	45
54	59	58	35	99	15	67	43	22
54	55	40	98	100	33	51	29	18
54	55	81	98	72	68	15	29	38
54	55	27	98	80	59	32	29	37
54	55	45	98	88	57	28	29	34
54	55	57	98	77	69	21	29	45
54	55	47	98	100	31	39	29	28
54	55	56	98	100	32	66	29	9
54	55	53	98	84	58	26	29	30
54	55	48	98	56	69	15	29	45
54	55	58	98	99	28	51	29	22
54	40	81	100	72	73	14	18	38
54	40	27	100	80	59	19	18	37
54	40	45	100	88	59	28	18	34
54	40	57	100	77	64	15	18	45
54	40	47	100	100	72	19	18	28
54	40	56	100	100	19	75	18	9
54	40	53	100	84	50	35	18	30
54	40	48	100	56	78	9	18	45
54	40	58	100	99	68	22	18	22
54	81	27	72	80	22	20	38	37
54	81	45	72	88	17	61	38	34
54	81	57	72	77	29	17	38	45
54	81	47	72	100	9	73	38	28
54	81	56	72	100	15	73	38	9
54	81	53	72	84	25	49	38	30
54	81	48	72	56	52	15	38	45
54	81	58	72	99	14	75	38	22
54	27	45	80	88	14	60	37	34
54	27	57	80	77	19	32	37	45
54	27	47	80	100	22	60	37	28
54	27	56	80	100	18	68	37	9
54	27	53	80	84	17	59	37	30
54	27	48	80	56	47	7	37	45
54	27	58	80	99	15	64	37	22
54	45	57	88	77	62	12	34	45
54	45	47	88	100	28	57	34	28
54	45	56	88	100	18	76	34	9
54	45	53	88	84	29	50	34	30
54	45	48	88	56	63	16	34	45
54	45	58	88	99	31	55	34	22
54	57	47	77	100	16	65	45	28
54	57	56	77	100	20	61	45	9
54	57	53	77	84	20	50	45	30
54	57	48	77	56	52	10	45	45
54	57	58	77	99	28	49	45	22
54	47	56	100	100	25	70	28	9
54	47	53	100	84	65	25	28	30
54	47	48	100	56	69	22	28	45
54	47	58	100	99	28	28	28	22
54	56	53	100	84	57	29	9	30
54	56	48	100	56	73	6	9	45
54	56	58	100	99	64	15	9	22
54	53	48	84	56	56	13	30	45
54	53	58	84	99	9	75	30	22
54	48	58	56	99	8	71	45	22
55	58	51	96	79	65	22	31	36
55	58	57	96	68	66	16	31	47
55	58	53	96	27	87	3	31	44
55	58	47	96	99	32	46	31	19
55	58	56	96	100	22	63	31	25
55	58	54	96	99	29	54	31	30
55	58	40	96	100	24	70	31	14
55	58	59	96	56	60	14	31	42
55	58	48	96	31	70	8	31	47
55	58	45	96	21	62	16	31	46
55	58	27	96	99	59	19	31	31
55	51	57	79	68	40	18	36	47
55	51	53	79	27	58	5	36	44
55	51	47	79	99	19	61	36	19
55	51	56	79	100	15	65	36	25
55	51	54	79	99	19	77	36	30
55	51	40	79	100	13	73	36	14
55	51	59	79	56	53	18	36	42
55	51	48	79	31	58	7	36	47
55	51	45	79	21	49	16	36	46
55	51	27	79	99	4	61	36	31
55	57	53	68	27	57	7	47	44
55	57	47	68	99	16	70	47	19
55	57	56	68	100	16	59	47	25
55	57	54	68	99	22	58	47	30
55	57	40	68	100	15	72	47	14
55	57	59	68	56	37	15	47	42
55	57	48	68	31	53	5	47	47
55	57	45	68	21	49	17	47	46
55	57	27	68	99	21	53	47	31
55	53	47	27	99	3	79	44	19
55	53	56	27	100	7	64	44	25
55	53	54	27	99	8	60	44	30
55	53	40	27	100	7	75	44	14
55	53	59	27	56	12	50	44	42
55	53	48	27	31	16	20	44	47
55	53	45	27	21	13	33	44	46
55	53	27	27	99	3	78	44	31
55	47	56	99	100	57	33	19	25
55	47	54	99	99	68	27	19	30
55	47	40	99	100	22	63	19	14
55	47	59	99	56	61	16	19	42
55	47	48	99	31	58	12	19	47
55	47	45	99	21	64	13	19	46
55	47	27	99	99	70	16	19	31
55	56	54	100	99	22	37	25	30
55	56	40	100	100	27	64	25	14
55	56	59	100	56	72	15	25	42
55	56	48	100	31	82	4	25	47
55	56	45	100	21	71	13	25	46
55	56	27	100	99	69	26	25	31
55	54	40	99	100	29	64	30	14
55	54	59	99	56	68	18	30	42
55	54	48	99	31	81	6	30	47
55	54	45	99	21	66	13	30	46
55	54	27	99	99	68	26	30	31
55	40	59	100	56	77	5	14	42
55	40	48	100	31	78	9	14	47
55	40	45	100	21	73	18	14	46
55	40	27	100	99	70	22	14	31
55	59	48	56	31	46	7	42	47
55	59	45	56	21	29	17	42	46
55	59	27	56	99	8	67	42	31
55	48	45	31	21	33	16	47	46
55	48	27	31	99	3	90	47	31
55	45	27	21	99	8	75	46	31
56	40	58	99	9	77	11	20	43
56	40	55	99	99	67	22	20	29
56	40	30	99	63	76	8	20	44
56	40	59	99	59	72	13	20	43
56	40	84	99	47	62	14	20	43
56	40	27	99	100	67	22	20	29
56	40	45	99	48	61	21	20	46
56	40	54	99	100	33	67	20	17
56	40	53	99	82	73	14	20	33
56	40	51	99	100	34	47	20	18
56	40	47	99	100	64	29	20	32
56	40	57	99	78	72	18	20	42
56	40	81	99	33	64	15	20	42
56	58	55	9	99	4	79	43	29
56	58	30	9	63	11	43	43	44
56	58	59	9	59	2	33	43	43
56	58	84	9	47	16	24	43	43
56	58	27	9	100	2	74	43	29
56	58	45	9	48	8	38	43	46
56	58	54	9	100	3	93	43	17
56	58	53	9	82	15	54	43	33
56	58	51	9	100	4	94	43	18
56	58	47	9	100	7	71	43	32
56	58	57	9	78	13	53	43	42
56	58	81	9	33	22	31	43	42
56	55	30	99	63	67	5	29	44
56	55	59	99	59	70	9	29	43
56	55	84	99	47	76	5	29	43
56	55	27	99	100	60	20	29	29
56	55	45	99	48	60	20	29	46
56	55	54	99	100	21	68	29	17
56	55	53	99	82	66	13	29	33
56	55	51	99	100	19	70	29	18
56	55	47	99	100	63	18	29	32
56	55	57	99	78	72	11	29	42
56	55	81	99	33	77	3	29	42
56	30	59	63	59	17	23	44	43
56	30	84	63	47	17	13	44	43
56	30	27	63	100	5	66	44	29
56	30	45	63	48	7	45	44	46
56	30	54	63	100	1	80	44	17
56	30	53	63	82	16	55	44	33
56	30	51	63	100	11	69	44	18
56	30	47	63	100	6	75	44	32
56	30	57	63	78	15	52	44	42
56	30	81	63	33	38	5	44	42
56	59	84	59	47	55	1	43	43
56	59	27	59	100	6	69	43	29
56	59	45	59	48	36	12	43	46
56	59	54	59	100	15	66	43	17
56	59	53	59	82	18	61	43	33
56	59	51	59	100	12	62	43	18
56	59	47	59	100	12	69	43	32
56	59	57	59	78	12	35	43	42
56	59	81	59	33	30	14	43	42
56	84	27	47	100	5	75	43	29
56	84	45	47	48	12	20	43	46
56	84	54	47	100	8	74	43	17
56	84	53	47	82	9	60	43	33
56	84	51	47	100	7	76	43	18
56	84	47	47	100	5	83	43	32
56	84	57	47	78	10	58	43	42
56	84	81	47	33	15	18	43	42
56	27	45	100	48	73	10	29	46
56	27	54	100	100	29	68	29	17
56	27	53	100	82	65	9	29	33
56	27	51	100	100	8	68	29	18
56	27	47	100	100	31	37	29	32
56	27	57	100	78	73	23	29	42
56	27	81	100	33	71	10	29	42
56	45	54	48	100	12	62	46	17
56	45	53	48	82	10	59	46	33
56	45	51	48	100	5	74	46	18
56	45	47	48	100	9	59	46	32
56	45	57	48	78	14	58	46	42
56	45	81	48	33	10	22	46	42
56	54	53	100	82	63	16	17	33
56	54	51	100	100	53	36	17	18
56	54	47	100	100	69	20	17	32
56	54	57	100	78	69	19	17	42
56	54	81	100	33	77	16	17	42
56	53	51	82	100	20	60	33	18
56	53	47	82	100	26	68	33	32
56	53	57	82	78	49	25	33	42
56	53	81	82	33	56	13	33	42
56	51	47	100	100	72	20	18	32
56	51	57	100	78	69	18	18	42
56	51	81	100	33	79	9	18	42
56	47	57	100	78	54	17	32	42
56	47	81	100	33	73	6	32	42
56	57	81	78	33	53	15	42	42
57	68	81	61	79	22	47	37	29
57	68	30	61	77	12	46	37	33
57	68	53	61	100	18	67	37	17
57	68	46	61	76	14	58	37	35
57	68	51	61	91	23	56	37	28
57	68	54	61	76	18	37	37	42
57	68	55	61	63	17	19	37	41
57	68	47	61	11	37	2	37	45
57	68	56	61	78	8	58	37	34
57	68	84	61	73	5	61	37	36
57	81	30	79	77	17	21	29	33
57	81	53	79	100	22	70	29	17
57	81	46	79	76	37	18	29	35
57	81	51	79	91	27	44	29	28
57	81	54	79	76	46	28	29	42
57	81	55	79	63	65	14	29	41
57	81	47	79	11	65	0	29	45
57	81	56	79	78	59	21	29	34
57	81	84	79	73	43	26	29	36
57	30	53	77	100	14	63	33	17
57	30	46	77	76	44	20	33	35
57	30	51	77	91	16	58	33	28
57	30	54	77	76	50	21	33	42
57	30	55	77	63	58	13	33	41
57	30	47	77	11	61	3	33	45
57	30	56	77	78	54	26	33	34
57	30	84	77	73	39	15	33	36
57	53	46	100	76	63	15	17	35
57	53	51	100	91	76	17	17	28
57	53	54	100	76	71	16	17	42
57	53	55	100	63	72	12	17	41
57	53	47	100	11	72	2	17	45
57	53	56	100	78	72	17	17	34
57	53	84	100	73	59	17	17	36
57	46	51	76	91	24	59	35	28
57	46	54	76	76	57	15	35	42
57	46	55	76	63	50	18	35	41
57	46	47	76	11	56	1	35	45
57	46	56	76	78	18	17	35	34
57	46	84	76	73	10	7	35	36
57	51	54	91	76	62	15	28	42
57	51	55	91	63	58	17	28	41
57	51	47	91	11	65	3	28	45
57	51	56	91	78	55	23	28	34
57	51	84	91	73	63	24	28	36
57	54	55	76	63	32	18	42	41
57	54	47	76	11	44	6	42	45
57	54	56	76	78	22	37	42	34
57	54	84	76	73	17	44	42	36
57	55	47	63	11	22	1	41	45
57	55	56	63	78	18	51	41	34
57	55	84	63	73	14	53	41	36
57	47	56	11	78	6	50	45	34
57	47	84	11	73	4	62	45	36
57	56	84	78	73	27	26	34	36
58	48	55	74	95	2	93	44	35
58	48	47	74	100	8	82	44	18
58	48	40	74	100	17	66	44	30
58	48	56	74	18	42	11	44	44
58	48	54	74	100	14	70	44	30
58	48	59	74	100	12	74	44	19
58	48	51	74	61	18	9	44	42
58	48	45	74	77	14	43	44	40
58	55	47	95	100	27	75	35	18
58	55	40	95	100	34	65	35	30
58	55	56	95	18	75	4	35	44
58	55	54	95	100	28	58	35	30
58	55	59	95	100	19	63	35	19
58	55	51	95	61	61	13	35	42
58	55	45	95	77	37	19	35	40
58	47	40	100	100	51	24	18	30
58	47	56	100	18	86	3	18	44
58	47	54	100	100	70	20	18	30
58	47	59	100	100	55	24	18	19
58	47	51	100	61	56	15	18	42
58	47	45	100	77	58	23	18	40
58	40	56	100	18	78	6	30	44
58	40	54	100	100	35	48	30	30
58	40	59	100	100	28	62	30	19
58	40	51	100	61	69	16	30	42
58	40	45	100	77	58	23	30	40
58	56	54	18	100	7	69	44	30
58	56	59	18	100	3	90	44	19
58	56	51	18	61	11	40	44	42
58	56	45	18	77	5	60	44	40
58	54	59	100	100	13	60	30	19
58	54	51	100	61	77	10	30	42
58	54	45	100	77	72	18	30	40
58	59	51	100	61	72	10	19	42
58	59	45	100	77	65	23	19	40
58	51	45	61	77	8	57	42	40
59	40	58	64	100	14	70	40	17
59	40	55	64	76	14	30	40	38
59	40	47	64	74	13	55	40	38
59	40	56	64	53	28	13	40	41
59	40	45	64	75	30	25	40	44
59	40	51	64	26	47	6	40	45
59	58	55	100	76	57	16	17	38
59	58	47	100	74	57	21	17	38
59	58	56	100	53	63	16	17	41
59	58	45	100	75	55	19	17	44
59	58	51	100	26	65	3	17	45
59	55	47	76	74	13	48	38	38
59	55	56	76	53	37	13	38	41
59	55	45	76	75	40	21	38	44
59	55	51	76	26	49	5	38	45
59	47	56	74	53	52	14	38	41
59	47	45	74	75	38	20	38	44
59	47	51	74	26	50	5	38	45
59	56	45	53	75	16	27	41	44
59	56	51	53	26	34	3	41	45
59	45	51	75	26	36	2	44	45
60	37	48	87	100	9	61	35	33
60	37	66	87	95	45	20	35	38
60	37	33	87	81	65	13	35	42
60	37	35	87	80	50	19	35	43
60	37	45	87	70	57	9	35	41
60	37	47	87	3	83	0	35	49
60	48	66	100	95	49	14	33	38
60	48	33	100	81	61	12	33	42
60	48	35	100	80	72	15	33	43
60	48	45	100	70	65	23	33	41
60	48	47	100	3	93	0	33	49
60	66	33	95	81	66	11	38	42
60	66	35	95	80	65	4	38	43
60	66	45	95	70	47	15	38	41
60	66	47	95	3	85	0	38	49
60	33	35	81	80	22	25	42	43
60	33	45	81	70	20	47	42	41
60	33	47	81	3	70	0	42	49
60	35	45	80	70	16	49	43	41
60	35	47	80	3	71	0	43	49
60	45	47	70	3	76	0	41	49
63	78	8	84	86	56	20	32	41
63	78	69	84	84	25	43	32	34
63	78	76	84	8	87	0	32	46
63	78	77	84	77	64	19	32	44
63	78	64	84	60	71	4	32	36
63	8	69	86	84	19	49	41	34
63	8	76	86	8	93	1	41	46
63	8	77	86	77	25	13	41	44
63	8	64	86	60	39	38	41	36
63	69	76	84	8	81	1	34	46
63	69	77	84	77	59	14	34	44
63	69	64	84	60	60	4	34	36
63	76	77	8	77	0	71	46	44
63	76	64	8	60	2	54	46	36
63	77	64	77	60	29	42	44	36
64	9	1	55	75	11	42	41	36
64	9	63	55	41	18	37	41	40
64	9	8	55	51	37	16	41	43
64	9	4	55	55	33	24	41	43
64	9	80	55	35	51	10	41	44
64	9	66	55	55	51	11	41	44
64	1	63	75	41	52	4	36	40
64	1	8	75	51	38	22	36	43
64	1	4	75	55	47	12	36	43
64	1	80	75	35	48	2	36	44
64	1	66	75	55	51	10	36	44
64	63	8	41	51	42	22	40	43
64	63	4	41	55	37	11	40	43
64	63	80	41	35	41	2	40	44
64	63	66	41	55	39	5	40	44
64	8	4	51	55	20	18	43	43
64	8	80	51	35	29	2	43	44
64	8	66	51	55	20	13	43	44
64	4	80	55	35	31	7	43	44
64	4	66	55	55	18	4	43	44
64	80	66	35	55	12	13	44	44
65	73	82	99	99	19	31	24	26
66	130	16	88	99	10	69	41	35
66	130	3	88	93	8	42	41	44
66	130	1	88	75	25	9	41	44
66	130	80	88	53	50	7	41	44
66	130	64	88	44	46	9	41	44
66	130	60	88	83	12	61	41	44
66	130	14	88	97	12	20	41	43
66	130	72	88	71	32	15	41	45
66	16	3	99	93	59	17	35	44
66	16	1	99	75	64	12	35	44
66	16	80	99	53	85	5	35	44
66	16	64	99	44	83	7	35	44
66	16	60	99	83	60	5	35	44
66	16	14	99	97	65	21	35	43
66	16	72	99	71	77	7	35	45
66	3	1	93	75	60	18	44	44
66	3	80	93	53	72	2	44	44
66	3	64	93	44	69	6	44	44
66	3	60	93	83	13	41	44	44
66	3	14	93	97	34	21	44	43
66	3	72	93	71	55	12	44	45
66	1	80	75	53	67	3	44	44
66	1	64	75	44	37	15	44	44
66	1	60	75	83	16	61	44	44
66	1	14	75	97	16	39	44	43
66	1	72	75	71	24	22	44	45
66	80	64	53	44	17	21	44	44
66	80	60	53	83	8	73	44	44
66	80	14	53	97	3	56	44	43
66	80	72	53	71	7	41	44	45
66	64	60	44	83	9	77	44	44
66	64	14	44	97	7	50	44	43
66	64	72	44	71	9	44	44	45
66	60	14	83	97	45	18	44	43
66	60	72	83	71	60	16	44	45
66	14	72	97	71	36	15	43	45
67	4	72	100	85	70	13	33	42
67	4	10	100	100	38	52	33	33
67	4	8	100	100	42	34	33	35
67	4	9	100	99	24	68	33	23
67	72	10	85	100	10	73	42	33
67	72	8	85	100	22	67	42	35
67	72	9	85	99	9	67	42	23
67	10	8	100	100	55	26	33	35
67	10	9	100	99	23	58	33	23
67	8	9	100	99	34	55	35	23
68	53	57	70	69	18	22	38	46
68	53	69	70	78	11	63	38	36
68	53	81	70	77	13	59	38	31
68	53	79	70	76	16	20	38	38
68	53	72	70	78	9	50	38	35
68	53	76	70	76	10	53	38	28
68	53	51	70	60	26	22	38	40
68	53	77	70	71	17	46	38	16
68	53	75	70	89	8	51	38	19
68	53	78	70	84	11	51	38	26
68	53	54	70	24	65	2	38	49
68	53	40	70	54	51	8	38	46
68	57	69	69	78	5	45	46	36
68	57	81	69	77	15	39	46	31
68	57	79	69	76	10	29	46	38
68	57	72	69	78	11	51	46	35
68	57	76	69	76	10	51	46	28
68	57	51	69	60	20	23	46	40
68	57	77	69	71	5	50	46	16
68	57	75	69	89	13	46	46	19
68	57	78	69	84	4	52	46	26
68	57	54	69	24	56	3	46	49
68	57	40	69	54	50	10	46	46
68	69	81	78	77	36	19	36	31
68	69	79	78	76	55	13	36	38
68	69	72	78	78	56	13	36	35
68	69	76	78	76	30	55	36	28
68	69	51	78	60	58	7	36	40
68	69	77	78	71	26	50	36	16
68	69	75	78	89	11	66	36	19
68	69	78	78	84	20	53	36	26
68	69	54	78	24	71	3	36	49
68	69	40	78	54	72	2	36	46
68	81	79	77	76	48	26	31	38
68	81	72	77	78	39	13	31	35
68	81	76	77	76	28	47	31	28
68	81	51	77	60	51	16	31	40
68	81	77	77	71	17	47	31	16
68	81	75	77	89	18	65	31	19
68	81	78	77	84	28	45	31	26
68	81	54	77	24	73	0	31	49
68	81	40	77	54	77	0	31	46
68	79	72	76	78	16	36	38	35
68	79	76	76	76	23	46	38	28
68	79	51	76	60	53	10	38	40
68	79	77	76	71	11	49	38	16
68	79	75	76	89	24	44	38	19
68	79	78	76	84	15	51	38	26
68	79	54	76	24	79	0	38	49
68	79	40	76	54	58	9	38	46
68	72	76	78	76	13	45	35	28
68	72	51	78	60	66	6	35	40
68	72	77	78	71	20	40	35	16
68	72	75	78	89	18	47	35	19
68	72	78	78	84	24	55	35	26
68	72	54	78	24	74	0	35	49
68	72	40	78	54	77	0	35	46
68	76	51	76	60	50	5	28	40
68	76	77	76	71	20	56	28	16
68	76	75	76	89	17	51	28	19
68	76	78	76	84	56	20	28	26
68	76	54	76	24	70	1	28	49
68	76	40	76	54	64	0	28	46
68	51	77	60	71	15	48	40	16
68	51	75	60	89	6	57	40	19
68	51	78	60	84	11	61	40	26
68	51	54	60	24	59	1	40	49
68	51	40	60	54	57	8	40	46
68	77	75	71	89	41	23	16	19
68	77	78	71	84	47	23	16	26
68	77	54	71	24	73	1	16	49
68	77	40	71	54	72	4	16	46
68	75	78	89	84	62	17	19	26
68	75	54	89	24	87	0	19	49
68	75	40	89	54	81	2	19	46
68	78	54	84	24	80	1	26	49
68	78	40	84	54	75	0	26	46
68	54	40	24	54	8	5	49	46
69	136	123	67	76	24	32	45	44
69	136	80	67	47	28	48	45	38
69	136	63	67	81	12	57	45	34
69	136	75	67	77	12	51	45	31
69	136	132	67	73	26	22	45	46
69	136	76	67	83	12	65	45	10
69	136	81	67	68	14	45	45	33
69	136	79	67	30	14	35	45	44
69	136	68	67	75	12	54	45	30
69	136	72	67	83	15	24	45	42
69	136	78	67	81	7	62	45	30
69	136	77	67	81	13	58	45	34
69	123	80	76	47	38	34	44	38
69	123	63	76	81	16	54	44	34
69	123	75	76	77	21	52	44	31
69	123	132	76	73	40	14	44	46
69	123	76	76	83	22	56	44	10
69	123	81	76	68	20	46	44	33
69	123	79	76	30	23	9	44	44
69	123	68	76	75	18	49	44	30
69	123	72	76	83	18	15	44	42
69	123	78	76	81	12	64	44	30
69	123	77	76	81	16	44	44	34
69	80	63	47	81	14	46	38	34
69	80	75	47	77	13	45	38	31
69	80	132	47	73	44	21	38	46
69	80	76	47	83	22	49	38	10
69	80	81	47	68	16	54	38	33
69	80	79	47	30	38	35	38	44
69	80	68	47	75	11	63	38	30
69	80	72	47	83	25	39	38	42
69	80	78	47	81	9	64	38	30
69	80	77	47	81	9	57	38	34
69	63	75	81	77	10	46	34	31
69	63	132	81	73	58	10	34	46
69	63	76	81	83	10	61	34	10
69	63	81	81	68	47	7	34	33
69	63	79	81	30	59	7	34	44
69	63	68	81	75	8	40	34	30
69	63	72	81	83	48	12	34	42
69	63	78	81	81	24	55	34	30
69	63	77	81	81	21	29	34	34
69	75	132	77	73	54	12	31	46
69	75	76	77	83	22	59	31	10
69	75	81	77	68	45	20	31	33
69	75	79	77	30	51	24	31	44
69	75	68	77	75	41	19	31	30
69	75	72	77	83	46	20	31	42
69	75	78	77	81	21	21	31	30
69	75	77	77	81	49	28	31	34
69	132	76	73	83	19	53	46	10
69	132	81	73	68	16	42	46	33
69	132	79	73	30	42	2	46	44
69	132	68	73	75	6	65	46	30
69	132	72	73	83	12	31	46	42
69	132	78	73	81	10	59	46	30
69	132	77	73	81	11	53	46	34
69	76	81	83	68	49	17	10	33
69	76	79	83	30	78	5	10	44
69	76	68	83	75	53	17	10	30
69	76	72	83	83	79	9	10	42
69	76	78	83	81	64	15	10	30
69	76	77	83	81	55	14	10	34
69	81	79	68	30	48	18	33	44
69	81	68	68	75	24	45	33	30
69	81	72	68	83	42	17	33	42
69	81	78	68	81	12	58	33	30
69	81	77	68	81	25	39	33	34
69	79	68	30	75	16	49	44	30
69	79	72	30	83	6	29	44	42
69	79	78	30	81	14	55	44	30
69	79	77	30	81	9	57	44	34
69	68	72	75	83	44	15	30	42
69	68	78	75	81	27	24	30	30
69	68	77	75	81	40	16	30	34
69	72	78	83	81	20	55	42	30
69	72	77	83	81	16	50	42	34
69	78	77	81	81	57	15	30	34
70	73	71	36	79	4	53	44	44
70	73	72	36	82	7	67	44	26
70	73	78	36	86	2	65	44	31
70	73	85	36	81	12	62	44	39
70	71	72	79	82	21	52	44	26
70	71	78	79	86	16	57	44	31
70	71	85	79	81	10	54	44	39
70	72	78	82	86	50	16	26	31
70	72	85	82	81	50	18	26	39
70	78	85	86	81	63	12	31	39
71	72	74	75	92	41	21	32	35
71	72	70	75	77	46	15	32	44
71	74	70	92	77	66	7	35	44
72	66	85	49	30	17	4	44	46
72	66	8	49	64	11	19	44	42
72	66	77	49	22	5	19	44	41
72	66	69	49	29	11	20	44	42
72	66	68	49	32	5	24	44	33
72	66	76	49	10	27	2	44	46
72	66	70	49	34	3	36	44	26
72	66	67	49	42	6	45	44	42
72	66	71	49	53	8	44	44	31
72	66	75	49	74	11	24	44	43
72	66	78	49	57	11	59	44	27
72	85	8	30	64	8	44	46	42
72	85	77	30	22	4	48	46	41
72	85	69	30	29	15	57	46	42
72	85	68	30	32	2	55	46	33
72	85	76	30	10	30	9	46	46
72	85	70	30	34	10	68	46	26
72	85	67	30	42	3	55	46	42
72	85	71	30	53	6	64	46	31
72	85	75	30	74	6	39	46	43
72	85	78	30	57	7	47	46	27
72	8	77	64	22	19	26	42	41
72	8	69	64	29	20	42	42	42
72	8	68	64	32	17	27	42	33
72	8	76	64	10	60	2	42	46
72	8	70	64	34	19	46	42	26
72	8	67	64	42	25	43	42	42
72	8	71	64	53	16	43	42	31
72	8	75	64	74	25	10	42	43
72	8	78	64	57	13	47	42	27
72	77	69	22	29	17	15	41	42
72	77	68	22	32	10	38	41	33
72	77	76	22	10	56	2	41	46
72	77	70	22	34	8	34	41	26
72	77	67	22	42	13	11	41	42
72	77	71	22	53	6	34	41	31
72	77	75	22	74	38	17	41	43
72	77	78	22	57	8	33	41	27
72	69	68	29	32	16	43	42	33
72	69	76	29	10	48	3	42	46
72	69	70	29	34	14	53	42	26
72	69	67	29	42	13	15	42	42
72	69	71	29	53	6	29	42	31
72	69	75	29	74	29	19	42	43
72	69	78	29	57	7	38	42	27
72	68	76	32	10	66	4	33	46
72	68	70	32	34	7	35	33	26
72	68	67	32	42	44	18	33	42
72	68	71	32	53	1	22	33	31
72	68	75	32	74	16	5	33	43
72	68	78	32	57	8	35	33	27
72	76	70	10	34	1	43	46	26
72	76	67	10	42	4	62	46	42
72	76	71	10	53	3	56	46	31
72	76	75	10	74	3	32	46	43
72	76	78	10	57	1	74	46	27
72	70	67	34	42	43	7	26	42
72	70	71	34	53	45	23	26	31
72	70	75	34	74	37	7	26	43
72	70	78	34	57	53	23	26	27
72	67	71	42	53	9	40	42	31
72	67	75	42	74	26	9	42	43
72	67	78	42	57	18	57	42	27
72	71	75	53	74	54	10	31	43
72	71	78	53	57	20	48	31	27
72	75	78	74	57	12	42	43	27
73	70	65	45	100	8	83	46	24
73	70	119	45	78	7	26	46	42
73	70	85	45	99	12	77	46	25
73	65	119	100	78	72	10	24	42
73	65	85	100	99	22	57	24	25
73	119	85	78	99	6	77	42	25
74	71	0	87	0	0	0	33	65535
75	77	68	75	86	23	58	23	17
75	77	81	75	66	57	18	23	36
75	77	76	75	79	49	19	23	30
75	77	69	75	75	65	14	23	32
75	77	79	75	74	48	29	23	27
75	77	78	75	88	61	20	23	29
75	77	72	75	66	61	17	23	44
75	68	81	86	66	60	23	17	36
75	68	76	86	79	54	22	17	30
75	68	69	86	75	66	18	17	32
75	68	79	86	74	55	29	17	27
75	68	78	86	88	55	19	17	29
75	68	72	86	66	56	19	17	44
75	81	76	66	79	17	45	36	30
75	81	69	66	75	21	55	36	32
75	81	79	66	74	10	57	36	27
75	81	78	66	88	15	61	36	29
75	81	72	66	66	52	16	36	44
75	76	69	79	75	45	23	30	32
75	76	79	79	74	24	39	30	27
75	76	78	79	88	55	15	30	29
75	76	72	79	66	47	21	30	44
75	69	79	75	74	17	56	32	27
75	69	78	75	88	22	29	32	29
75	69	72	75	66	50	14	32	44
75	79	78	74	88	57	10	27	29
75	79	72	74	66	57	4	27	44
75	78	72	88	66	59	19	29	44
76	68	75	74	67	54	15	21	27
76	68	77	74	52	50	17	21	41
76	68	81	74	78	51	31	21	29
76	68	80	74	57	75	7	21	38
76	68	69	74	89	22	51	21	11
76	68	78	74	86	37	22	21	23
76	68	132	74	60	62	11	21	44
76	68	123	74	48	63	12	21	45
76	75	77	67	52	53	2	27	41
76	75	81	67	78	41	30	27	29
76	75	80	67	57	57	13	27	38
76	75	69	67	89	15	65	27	11
76	75	78	67	86	17	24	27	23
76	75	132	67	60	61	17	27	44
76	75	123	67	48	59	10	27	45
76	77	81	52	78	13	55	41	29
76	77	80	52	57	32	9	41	38
76	77	69	52	89	21	64	41	11
76	77	78	52	86	20	54	41	23
76	77	132	52	60	36	10	41	44
76	77	123	52	48	45	13	41	45
76	81	80	78	57	56	12	29	38
76	81	69	78	89	19	55	29	11
76	81	78	78	86	24	55	29	23
76	81	132	78	60	62	13	29	44
76	81	123	78	48	58	9	29	45
76	80	69	57	89	13	62	38	11
76	80	78	57	86	13	66	38	23
76	80	132	57	60	41	24	38	44
76	80	123	57	48	42	32	38	45
76	69	78	89	86	65	19	11	23
76	69	132	89	60	57	15	11	44
76	69	123	89	48	61	11	11	45
76	78	132	86	60	51	10	23	44
76	78	123	86	48	48	10	23	45
76	132	123	60	48	15	24	44	45
77	78	76	86	74	53	14	19	40
77	78	69	86	76	50	15	19	34
77	78	51	86	44	62	9	19	45
77	78	81	86	71	50	17	19	39
77	78	53	86	76	57	12	19	37
77	78	63	86	78	47	12	19	45
77	78	75	86	81	54	17	19	22
77	78	72	86	72	48	18	19	42
77	78	68	86	77	26	42	19	14
77	76	69	74	76	19	41	40	34
77	76	51	74	44	58	2	40	45
77	76	81	74	71	23	39	40	39
77	76	53	74	76	13	26	40	37
77	76	63	74	78	48	20	40	45
77	76	75	74	81	20	37	40	22
77	76	72	74	72	50	7	40	42
77	76	68	74	77	21	41	40	14
77	69	51	76	44	60	1	34	45
77	69	81	76	71	54	19	34	39
77	69	53	76	76	47	10	34	37
77	69	63	76	78	38	27	34	45
77	69	75	76	81	21	40	34	22
77	69	72	76	72	49	23	34	42
77	69	68	76	77	20	44	34	14
77	51	81	44	71	7	46	45	39
77	51	53	44	76	17	40	45	37
77	51	63	44	78	8	33	45	45
77	51	75	44	81	6	51	45	22
77	51	72	44	72	7	59	45	42
77	51	68	44	77	13	56	45	14
77	81	53	71	76	13	42	39	37
77	81	63	71	78	32	13	39	45
77	81	75	71	81	18	39	39	22
77	81	72	71	72	6	13	39	42
77	81	68	71	77	14	43	39	14
77	53	63	76	78	40	11	37	45
77	53	75	76	81	8	52	37	22
77	53	72	76	72	28	17	37	42
77	53	68	76	77	19	59	37	14
77	63	75	78	81	9	52	45	22
77	63	72	78	72	6	58	45	42
77	63	68	78	77	13	50	45	14
77	75	72	81	72	50	21	22	42
77	75	68	81	77	19	42	22	14
77	72	68	72	77	15	53	42	14
78	70	63	84	86	53	11	33	36
78	70	72	84	89	31	49	33	29
78	70	77	84	83	14	63	33	21
78	70	75	84	85	16	11	33	31
78	70	76	84	81	11	64	33	29
78	70	71	84	1	82	0	33	46
78	70	69	84	82	8	31	33	33
78	70	68	84	86	15	60	33	26
78	63	72	86	89	13	62	36	29
78	63	77	86	83	21	60	36	21
78	63	75	86	85	11	53	36	31
78	63	76	86	81	8	57	36	29
78	63	71	86	1	84	0	36	46
78	63	69	86	82	33	51	36	33
78	63	68	86	86	8	54	36	26
78	72	77	89	83	22	52	29	21
78	72	75	89	85	47	22	29	31
78	72	76	89	81	9	62	29	29
78	72	71	89	1	80	0	29	46
78	72	69	89	82	44	26	29	33
78	72	68	89	86	32	25	29	26
78	77	75	83	85	64	23	21	31
78	77	76	83	81	46	29	21	29
78	77	71	83	1	81	0	21	46
78	77	69	83	82	61	13	21	33
78	77	68	83	86	57	26	21	26
78	75	76	85	81	20	49	31	29
78	75	71	85	1	81	0	31	46
78	75	69	85	82	15	43	31	33
78	75	68	85	86	16	45	31	26
78	76	71	81	1	80	0	29	46
78	76	69	81	82	60	21	29	33
78	76	68	81	86	52	24	29	26
78	71	69	1	82	1	80	46	33
78	71	68	1	86	0	81	46	26
78	69	68	82	86	17	55	33	26
79	75	69	76	69	48	25	24	45
79	75	78	76	0	55	22	24	65535
79	75	76	76	67	55	18	24	45
79	75	138	76	67	42	16	24	39
79	75	81	76	72	53	19	24	42
79	75	68	76	74	50	24	24	31
79	69	78	69	0	42	7	45	65535
79	69	76	69	67	33	17	45	45
79	69	138	69	67	22	55	45	39
79	69	81	69	72	31	24	45	42
79	69	68	69	74	16	50	45	31
79	78	76	0	67	16	35	65535	45
79	78	138	0	67	17	66	65535	39
79	78	81	0	72	7	12	65535	42
79	78	68	0	74	21	49	65535	31
79	76	138	67	67	21	59	45	39
79	76	81	67	72	32	22	45	42
79	76	68	67	74	24	47	45	31
79	138	81	67	72	65	13	39	42
79	138	68	67	74	24	20	39	31
79	81	68	72	74	18	48	42	31
80	2	69	79	52	53	9	35	40
80	2	132	79	20	60	5	35	47
80	2	118	79	48	52	1	35	43
80	2	66	79	55	58	10	35	43
80	2	64	79	30	69	2	35	44
80	2	120	79	22	54	2	35	44
80	2	76	79	53	52	8	35	42
80	69	132	52	20	52	5	40	47
80	69	118	52	48	31	14	40	43
80	69	66	52	55	33	12	40	43
80	69	64	52	30	46	9	40	44
80	69	120	52	22	41	2	40	44
80	69	76	52	53	22	12	40	42
80	132	118	20	48	4	22	47	43
80	132	66	20	55	6	29	47	43
80	132	64	20	30	11	19	47	44
80	132	120	20	22	9	6	47	44
80	132	76	20	53	5	42	47	42
80	118	66	48	55	13	10	43	43
80	118	64	48	30	31	7	43	44
80	118	120	48	22	23	7	43	44
80	118	76	48	53	13	40	43	42
80	66	64	55	30	15	7	43	44
80	66	120	55	22	20	3	43	44
80	66	76	55	53	9	40	43	42
80	64	120	30	22	4	12	44	44
80	64	76	30	53	21	27	44	42
80	120	76	22	53	17	39	44	42
81	40	54	45	73	14	47	46	43
81	40	77	45	62	6	39	46	41
81	40	69	45	71	9	48	46	36
81	40	68	45	76	7	51	46	31
81	40	75	45	71	5	53	46	36
81	40	53	45	72	8	35	46	41
81	40	79	45	52	38	0	46	44
81	40	83	45	53	3	17	46	46
81	40	57	45	77	6	68	46	37
81	40	78	45	82	5	65	46	37
81	40	51	45	61	8	50	46	39
81	40	76	45	74	7	50	46	35
81	40	56	45	47	2	5	46	42
81	54	77	73	62	31	9	43	41
81	54	69	73	71	14	27	43	36
81	54	68	73	76	14	35	43	31
81	54	75	73	71	12	39	43	36
81	54	53	73	72	41	23	43	41
81	54	79	73	52	50	4	43	44
81	54	83	73	53	40	8	43	46
81	54	57	73	77	20	54	43	37
81	54	78	73	82	14	18	43	37
81	54	51	73	61	22	23	43	39
81	54	76	73	74	14	48	43	35
81	54	56	73	47	42	7	43	42
81	77	69	62	71	20	49	41	36
81	77	68	62	76	11	46	41	31
81	77	75	62	71	11	50	41	36
81	77	53	62	72	27	13	41	41
81	77	79	62	52	32	9	41	44
81	77	83	62	53	61	1	41	46
81	77	57	62	77	12	60	41	37
81	77	78	62	82	40	18	41	37
81	77	51	62	61	23	16	41	39
81	77	76	62	74	13	47	41	35
81	77	56	62	47	26	10	41	42
81	69	68	71	76	15	57	36	31
81	69	75	71	71	37	22	36	36
81	69	53	71	72	42	10	36	41
81	69	79	71	52	67	0	36	44
81	69	83	71	53	58	3	36	46
81	69	57	71	77	16	49	36	37
81	69	78	71	82	58	17	36	37
81	69	51	71	61	42	9	36	39
81	69	76	71	74	21	49	36	35
81	69	56	71	47	50	10	36	42
81	68	75	76	71	38	19	31	36
81	68	53	76	72	47	22	31	41
81	68	79	76	52	58	10	31	44
81	68	83	76	53	66	2	31	46
81	68	57	76	77	25	32	31	37
81	68	78	76	82	50	18	31	37
81	68	51	76	61	56	14	31	39
81	68	76	76	74	29	30	31	35
81	68	56	76	47	69	5	31	42
81	75	53	71	72	47	12	36	41
81	75	79	71	52	40	13	36	44
81	75	83	71	53	52	9	36	46
81	75	57	71	77	13	58	36	37
81	75	78	71	82	45	25	36	37
81	75	51	71	61	46	18	36	39
81	75	76	71	74	16	53	36	35
81	75	56	71	47	46	12	36	42
81	53	79	72	52	46	6	41	44
81	53	83	72	53	34	7	41	46
81	53	57	72	77	18	50	41	37
81	53	78	72	82	9	28	41	37
81	53	51	72	61	29	20	41	39
81	53	76	72	74	8	60	41	35
81	53	56	72	47	25	5	41	42
81	79	83	52	53	14	16	44	46
81	79	57	52	77	8	59	44	37
81	79	78	52	82	11	56	44	37
81	79	51	52	61	17	48	44	39
81	79	76	52	74	17	49	44	35
81	79	56	52	47	33	12	44	42
81	83	57	53	77	7	63	46	37
81	83	78	53	82	10	55	46	37
81	83	51	53	61	6	43	46	39
81	83	76	53	74	5	58	46	35
81	83	56	53	47	8	18	46	42
81	57	78	77	82	55	18	37	37
81	57	51	77	61	57	14	37	39
81	57	76	77	74	13	17	37	35
81	57	56	77	47	54	13	37	42
81	78	51	82	61	23	16	37	39
81	78	76	82	74	16	48	37	35
81	78	56	82	47	31	5	37	42
81	51	76	61	74	4	58	39	35
81	51	56	61	47	45	10	39	42
81	76	56	74	47	48	4	35	42
82	65	85	100	100	57	31	23	32
82	65	70	100	9	95	2	23	47
82	85	70	100	9	88	3	32	47
83	136	81	94	42	90	1	43	43
83	136	17	94	99	13	68	43	37
83	81	17	42	99	6	82	43	37
84	51	40	59	70	13	53	44	39
84	51	53	59	86	15	69	44	31
84	51	57	59	74	8	55	44	43
84	51	56	59	52	14	12	44	43
84	51	81	59	8	23	7	44	44
84	40	53	70	86	21	62	39	31
84	40	57	70	74	17	41	39	43
84	40	56	70	52	44	12	39	43
84	40	81	70	8	54	4	39	44
84	53	57	86	74	61	18	31	43
84	53	56	86	52	67	8	31	43
84	53	81	86	8	67	4	31	44
84	57	56	74	52	38	14	43	43
84	57	81	74	8	41	11	43	44
84	56	81	52	8	18	19	43	44
85	72	73	56	100	4	74	45	21
85	72	82	56	100	4	76	45	31
85	72	65	56	78	2	63	45	38
85	72	70	56	77	7	56	45	37
85	73	82	100	100	62	13	21	31
85	73	65	100	78	58	21	21	38
85	73	70	100	77	68	14	21	37
85	82	65	100	78	61	27	31	38
85	82	70	100	77	66	13	31	37
85	65	70	78	77	20	58	38	37
117	126	132	89	54	66	14	30	47
117	126	122	89	55	79	11	30	48
117	126	128	89	99	23	62	30	23
117	126	130	89	100	26	45	30	21
117	126	124	89	99	29	60	30	16
117	132	122	54	55	22	14	47	48
117	132	128	54	99	2	76	47	23
117	132	130	54	100	2	88	47	21
117	132	124	54	99	6	86	47	16
117	122	128	55	99	8	83	48	23
117	122	130	55	100	7	77	48	21
117	122	124	55	99	3	80	48	16
117	128	130	99	100	32	32	23	21
117	128	124	99	99	21	69	23	16
117	130	124	100	99	22	64	21	16
118	80	132	18	100	11	87	44	21
118	80	136	18	100	6	86	44	37
118	80	120	18	100	11	79	44	19
118	80	126	18	100	3	78	44	25
118	80	123	18	89	8	74	44	35
118	132	136	100	100	60	21	21	37
118	132	120	100	100	54	27	21	19
118	132	126	100	100	55	31	21	25
118	132	123	100	89	74	18	21	35
118	136	120	100	100	25	68	37	19
118	136	126	100	100	9	69	37	25
118	136	123	100	89	23	63	37	35
118	120	126	100	100	64	29	19	25
118	120	123	100	89	68	16	19	35
118	126	123	100	89	68	11	25	35
119	133	139	100	100	59	24	13	28
119	133	73	100	70	72	8	13	43
119	133	137	100	100	60	21	13	19
119	133	138	100	83	67	20	13	41
119	133	131	100	91	64	8	13	39
119	133	122	100	0	100	0	13	65535
119	139	73	100	70	70	10	28	43
119	139	137	100	100	27	65	28	19
119	139	138	100	83	72	16	28	41
119	139	131	100	91	73	19	28	39
119	139	122	100	0	95	0	28	65535
119	73	137	70	100	6	79	43	19
119	73	138	70	83	19	70	43	41
119	73	131	70	91	14	56	43	39
119	73	122	70	0	45	0	43	65535
119	137	138	100	83	72	20	19	41
119	137	131	100	91	66	20	19	39
119	137	122	100	0	93	3	19	65535
119	138	131	83	91	33	9	41	39
119	138	122	83	0	3	24	41	65535
119	131	122	91	0	86	2	39	65535
120	132	80	99	2	90	3	32	46
120	132	136	99	100	29	60	32	26
120	132	118	99	100	29	64	32	22
120	132	126	99	87	62	25	32	41
120	132	124	99	99	76	19	32	32
120	80	136	2	100	2	89	46	26
120	80	118	2	100	2	85	46	22
120	80	126	2	87	2	94	46	41
120	80	124	2	99	4	92	46	32
120	136	118	100	100	28	52	26	22
120	136	126	100	87	63	11	26	41
120	136	124	100	99	50	41	26	32
120	118	126	100	87	74	23	22	41
120	118	124	100	99	56	18	22	32
120	126	124	87	99	26	65	41	32
122	139	135	78	82	22	55	35	22
122	139	117	78	58	53	6	35	47
122	139	138	78	76	55	16	35	45
122	139	137	78	87	50	22	35	36
122	139	132	78	30	66	4	35	47
122	139	131	78	81	20	63	35	19
122	139	123	78	15	69	3	35	49
122	139	118	78	0	81	0	35	65535
122	135	117	82	58	70	8	22	47
122	135	138	82	76	57	22	22	45
122	135	137	82	87	67	18	22	36
122	135	132	82	30	81	3	22	47
122	135	131	82	81	16	76	22	19
122	135	123	82	15	70	5	22	49
122	135	118	82	0	89	0	22	65535
122	117	138	58	76	14	48	47	45
122	117	137	58	87	11	59	47	36
122	117	132	58	30	40	3	47	47
122	117	131	58	81	10	78	47	19
122	117	123	58	15	19	3	47	49
122	117	118	58	0	49	0	47	65535
122	138	137	76	87	26	46	45	36
122	138	132	76	30	63	5	45	47
122	138	131	76	81	13	74	45	19
122	138	123	76	15	54	7	45	49
122	138	118	76	0	71	0	45	65535
122	137	132	87	30	83	3	36	47
122	137	131	87	81	24	61	36	19
122	137	123	87	15	82	2	36	49
122	137	118	87	0	93	0	36	65535
122	132	131	30	81	6	88	47	19
122	132	123	30	15	9	6	47	49
122	132	118	30	0	23	0	47	65535
122	131	123	81	15	81	4	19	49
122	131	118	81	0	100	0	19	65535
122	123	118	15	0	22	0	49	65535
123	124	69	2	77	1	78	44	43
123	124	135	2	81	2	78	44	38
123	124	76	2	56	1	65	44	45
123	124	138	2	65	3	62	44	48
123	124	118	2	100	1	97	44	33
123	124	122	2	15	5	20	44	49
123	124	132	2	100	0	89	44	19
123	124	136	2	98	1	99	44	35
123	69	135	77	81	16	36	43	38
123	69	76	77	56	25	14	43	45
123	69	138	77	65	59	10	43	48
123	69	118	77	100	9	67	43	33
123	69	122	77	15	72	2	43	49
123	69	132	77	100	20	75	43	19
123	69	136	77	98	12	74	43	35
123	135	76	81	56	66	11	38	45
123	135	138	81	65	47	24	38	48
123	135	118	81	100	11	78	38	33
123	135	122	81	15	67	3	38	49
123	135	132	81	100	19	81	38	19
123	135	136	81	98	5	69	38	35
123	76	138	56	65	34	10	45	48
123	76	118	56	100	7	82	45	33
123	76	122	56	15	50	3	45	49
123	76	132	56	100	10	69	45	19
123	76	136	56	98	6	75	45	35
123	138	118	65	100	7	82	48	33
123	138	122	65	15	50	5	48	49
123	138	132	65	100	11	73	48	19
123	138	136	65	98	8	70	48	35
123	118	122	100	15	84	3	33	49
123	118	132	100	100	31	58	33	19
123	118	136	100	98	51	28	33	35
123	122	132	15	100	2	82	49	19
123	122	136	15	98	3	87	49	35
123	132	136	100	98	65	21	19	35
124	130	128	45	100	16	62	40	21
124	130	126	45	100	13	65	40	12
124	130	132	45	22	46	5	40	47
124	130	117	45	100	21	63	40	19
124	130	120	45	90	5	70	40	33
124	130	136	45	91	6	39	40	42
124	130	123	45	5	44	1	40	49
124	128	126	100	100	33	55	21	12
124	128	132	100	22	90	0	21	47
124	128	117	100	100	31	57	21	19
124	128	120	100	90	66	6	21	33
124	128	136	100	91	67	11	21	42
124	128	123	100	5	84	2	21	49
124	126	132	100	22	89	8	12	47
124	126	117	100	100	68	26	12	19
124	126	120	100	90	62	28	12	33
124	126	136	100	91	67	13	12	42
124	126	123	100	5	88	2	12	49
124	132	117	22	100	11	67	47	19
124	132	120	22	90	7	86	47	33
124	132	136	22	91	1	84	47	42
124	132	123	22	5	14	4	47	49
124	117	120	100	90	65	20	19	33
124	117	136	100	91	46	29	19	42
124	117	123	100	5	82	3	19	49
124	120	136	90	91	63	26	33	42
124	120	123	90	5	82	0	33	49
124	136	123	91	5	83	0	42	49
126	132	117	76	92	19	64	44	32
126	132	118	76	100	25	55	44	27
126	132	128	76	88	8	63	44	36
126	132	124	76	100	16	62	44	11
126	132	120	76	85	18	20	44	39
126	132	130	76	99	8	70	44	26
126	117	118	92	100	16	60	32	27
126	117	128	92	88	50	31	32	36
126	117	124	92	100	26	61	32	11
126	117	120	92	85	65	14	32	39
126	117	130	92	99	23	63	32	26
126	118	128	100	88	72	12	27	36
126	118	124	100	100	25	61	27	11
126	118	120	100	85	67	24	27	39
126	118	130	100	99	60	15	27	26
126	128	124	88	100	30	62	36	11
126	128	120	88	85	63	14	36	39
126	128	130	88	99	24	67	36	26
126	124	120	100	85	62	23	11	39
126	124	130	100	99	57	25	11	26
126	120	130	85	99	5	73	39	26
128	117	124	96	100	23	70	27	20
128	117	126	96	100	55	28	27	36
128	117	130	96	100	24	62	27	12
128	117	21	96	0	92	0	27	65535
128	124	126	100	100	61	25	20	36
128	124	130	100	100	20	61	20	12
128	124	21	100	0	100	0	20	65535
128	126	130	100	100	28	61	36	12
128	126	21	100	0	100	0	36	65535
128	130	21	100	0	99	0	12	65535
130	126	66	100	88	74	13	28	44
130	126	117	100	90	26	69	28	27
130	126	128	100	99	29	61	28	14
130	66	117	88	90	22	57	44	27
130	66	128	88	99	19	60	44	14
130	117	128	90	99	23	68	27	14
131	119	135	86	80	19	57	37	33
131	119	137	86	84	21	48	37	33
131	119	139	86	99	25	57	37	15
131	135	137	80	84	31	19	33	33
131	135	139	80	99	20	64	33	15
131	137	139	84	99	20	61	33	15
132	136	123	86	100	14	69	33	19
132	136	122	86	21	67	2	33	48
132	136	126	86	48	64	10	33	40
132	136	69	86	60	54	15	33	46
132	136	124	86	26	65	6	33	43
132	136	120	86	95	34	39	33	27
132	136	135	86	72	63	13	33	44
132	136	76	86	49	71	4	33	45
132	136	80	86	46	76	6	33	45
132	136	118	86	100	22	62	33	20
132	136	117	86	39	89	2	33	46
132	123	122	100	21	81	8	19	48
132	123	126	100	48	64	18	19	40
132	123	69	100	60	65	13	19	46
132	123	124	100	26	73	1	19	43
132	123	120	100	95	57	20	19	27
132	123	135	100	72	60	16	19	44
132	123	76	100	49	72	8	19	45
132	123	80	100	46	78	1	19	45
132	123	118	100	100	57	25	19	20
132	123	117	100	39	73	9	19	46
132	122	126	21	48	3	59	48	40
132	122	69	21	60	2	14	48	46
132	122	124	21	26	5	13	48	43
132	122	120	21	95	4	80	48	27
132	122	135	21	72	1	23	48	44
132	122	76	21	49	2	43	48	45
132	122	80	21	46	4	9	48	45
132	122	118	21	100	2	86	48	20
132	122	117	21	39	10	25	48	46
132	126	69	48	60	38	3	40	46
132	126	124	48	26	67	4	40	43
132	126	120	48	95	24	62	40	27
132	126	135	48	72	35	8	40	44
132	126	76	48	49	31	9	40	45
132	126	80	48	46	86	0	40	45
132	126	118	48	100	25	58	40	20
132	126	117	48	39	49	13	40	46
132	69	124	60	26	27	3	46	43
132	69	120	60	95	8	69	46	27
132	69	135	60	72	14	18	46	44
132	69	76	60	49	26	28	46	45
132	69	80	60	46	54	1	46	45
132	69	118	60	100	7	79	46	20
132	69	117	60	39	17	8	46	46
132	124	120	26	95	7	59	43	27
132	124	135	26	72	4	28	43	44
132	124	76	26	49	6	47	43	45
132	124	80	26	46	11	7	43	45
132	124	118	26	100	1	74	43	20
132	124	117	26	39	7	18	43	46
132	120	135	95	72	69	9	27	44
132	120	76	95	49	57	8	27	45
132	120	80	95	46	59	6	27	45
132	120	118	95	100	24	60	27	20
132	120	117	95	39	61	9	27	46
132	135	76	72	49	24	23	44	45
132	135	80	72	46	40	4	44	45
132	135	118	72	100	14	75	44	20
132	135	117	72	39	17	6	44	46
132	76	80	49	46	47	3	45	45
132	76	118	49	100	5	82	45	20
132	76	117	49	39	27	15	45	46
132	80	118	46	100	8	77	45	20
132	80	117	46	39	14	23	45	46
132	118	117	100	39	85	4	20	46
133	137	119	91	100	22	69	24	8
133	137	138	91	70	65	17	24	46
133	119	138	100	70	70	24	8	46
135	132	138	73	68	15	47	46	41
135	132	131	73	80	10	65	46	32
135	132	122	73	85	8	69	46	25
135	132	123	73	77	22	56	46	42
135	132	139	73	93	7	60	46	35
135	138	131	68	80	12	53	41	32
135	138	122	68	85	19	58	41	25
135	138	123	68	77	24	28	41	42
135	138	139	68	93	22	39	41	35
135	131	122	80	85	22	61	32	25
135	131	123	80	77	57	13	32	42
135	131	139	80	93	50	31	32	35
135	122	123	85	77	64	13	25	42
135	122	139	85	93	62	20	25	35
135	123	139	77	93	15	60	42	35
136	123	118	100	100	62	25	35	35
136	123	69	100	72	78	19	35	45
136	123	124	100	99	60	25	35	37
136	123	83	100	91	63	7	35	42
136	123	132	100	100	29	72	35	33
136	123	120	100	99	14	68	35	21
136	118	69	100	72	75	10	35	45
136	118	124	100	99	61	21	35	37
136	118	83	100	91	59	17	35	42
136	118	132	100	100	23	51	35	33
136	118	120	100	99	15	70	35	21
136	69	124	72	99	9	56	45	37
136	69	83	72	91	9	34	45	42
136	69	132	72	100	19	56	45	33
136	69	120	72	99	7	70	45	21
136	124	83	99	91	23	11	37	42
136	124	132	99	100	24	63	37	33
136	124	120	99	99	34	63	37	21
136	83	132	91	100	15	63	42	33
136	83	120	91	99	9	68	42	21
136	132	120	100	99	20	65	33	21
137	133	138	100	84	66	14	27	43
137	133	122	100	87	70	8	27	41
137	133	139	100	100	34	22	27	25
137	133	119	100	100	26	70	27	17
137	133	131	100	89	66	10	27	34
137	138	122	84	87	21	33	43	41
137	138	139	84	100	25	59	43	25
137	138	119	84	100	20	70	43	17
137	138	131	84	89	12	61	43	34
137	122	139	87	100	21	55	41	25
137	122	119	87	100	24	61	41	17
137	122	131	87	89	20	56	41	34
137	139	119	100	100	25	64	25	17
137	139	131	100	89	65	24	25	34
137	119	131	100	89	73	28	17	34
138	79	123	76	59	69	2	36	47
138	79	119	76	94	21	22	36	35
138	79	122	76	74	62	17	36	45
138	79	133	76	75	52	20	36	44
138	79	135	76	77	32	16	36	37
138	79	139	76	91	10	61	36	31
138	79	137	76	91	57	19	36	37
138	123	119	59	94	2	74	47	35
138	123	122	59	74	16	47	47	45
138	123	133	59	75	9	44	47	44
138	123	135	59	77	12	53	47	37
138	123	139	59	91	5	71	47	31
138	123	137	59	91	11	72	47	37
138	119	122	94	74	58	18	35	45
138	119	133	94	75	63	17	35	44
138	119	135	94	77	23	17	35	37
138	119	139	94	91	13	63	35	31
138	119	137	94	91	39	34	35	37
138	122	133	74	75	12	15	45	44
138	122	135	74	77	17	50	45	37
138	122	139	74	91	17	58	45	31
138	122	137	74	91	22	48	45	37
138	133	135	75	77	22	47	44	37
138	133	139	75	91	21	49	44	31
138	133	137	75	91	20	52	44	37
138	135	139	77	91	19	53	37	31
138	135	137	77	91	27	25	37	37
138	139	137	91	91	55	31	31	37
139	133	137	81	100	10	74	45	25
139	133	138	81	87	5	80	45	35
139	133	119	81	100	12	73	45	25
139	133	135	81	82	10	70	45	35
139	133	131	81	99	6	84	45	14
139	137	138	100	87	64	26	25	35
139	137	119	100	100	53	29	25	25
139	137	135	100	82	77	7	25	35
139	137	131	100	99	25	69	25	14
139	138	119	87	100	25	59	35	25
139	138	135	87	82	45	28	35	35
139	138	131	87	99	15	67	35	14
139	119	135	100	82	66	11	25	35
139	119	131	100	99	25	65	25	14
139	135	131	82	99	26	69	35	14
