1	9	10	98	100	61	27	27	35
1	9	3	98	86	74	10	27	46
1	9	11	98	89	66	28	27	44
1	9	14	98	100	21	68	27	9
1	9	8	98	100	64	26	27	29
1	9	64	98	95	63	26	27	39
1	9	4	98	100	63	36	27	29
1	9	18	98	35	79	9	27	44
1	10	3	100	86	67	4	35	46
1	10	11	100	89	71	7	35	44
1	10	14	100	100	12	63	35	9
1	10	8	100	100	34	51	35	29
1	10	64	100	95	70	13	35	39
1	10	4	100	100	24	70	35	29
1	10	18	100	35	76	5	35	44
1	3	11	86	89	16	36	46	44
1	3	14	86	100	17	74	46	9
1	3	8	86	100	9	69	46	29
1	3	64	86	95	20	39	46	39
1	3	4	86	100	8	79	46	29
1	3	18	86	35	33	10	46	44
1	11	14	89	100	21	58	44	9
1	11	8	89	100	22	69	44	29
1	11	64	89	95	18	23	44	39
1	11	4	89	100	22	60	44	29
1	11	18	89	35	53	10	44	44
1	14	8	100	100	59	30	9	29
1	14	64	100	95	68	11	9	39
1	14	4	100	100	70	23	9	29
1	14	18	100	35	70	6	9	44
1	8	64	100	95	61	24	29	39
1	8	4	100	100	45	22	29	29
1	8	18	100	35	69	12	29	44
1	64	4	95	100	22	62	39	29
1	64	18	95	35	68	8	39	44
1	4	18	100	35	72	6	29	44
2	19	80	50	74	45	18	33	39
2	19	26	50	73	35	20	33	42
2	19	5	50	64	34	35	33	34
2	19	12	50	42	50	22	33	20
2	80	26	74	73	46	9	39	42
2	80	5	74	64	19	43	39	34
2	80	12	74	42	51	24	39	20
2	26	5	73	64	9	63	42	34
2	26	12	73	42	50	16	42	20
2	5	12	64	42	39	18	34	20
3	7	20	82	75	55	11	28	31
3	7	6	82	66	46	5	28	43
3	7	1	82	74	48	5	28	44
3	7	15	82	76	41	6	28	27
3	7	16	82	83	57	15	28	35
3	7	14	82	93	4	46	28	28
3	7	66	82	57	41	8	28	40
3	7	18	82	93	14	43	28	25
3	7	11	82	26	63	2	28	48
3	20	6	75	66	32	11	31	43
3	20	1	75	74	50	16	31	44
3	20	15	75	76	9	50	31	27
3	20	16	75	83	23	17	31	35
3	20	14	75	93	6	60	31	28
3	20	66	75	57	29	2	31	40
3	20	18	75	93	5	59	31	25
3	20	11	75	26	63	4	31	48
3	6	1	66	74	40	25	43	44
3	6	15	66	76	16	52	43	27
3	6	16	66	83	22	47	43	35
3	6	14	66	93	6	64	43	28
3	6	66	66	57	24	14	43	40
3	6	18	66	93	9	67	43	25
3	6	11	66	26	28	3	43	48
3	1	15	74	76	18	58	44	27
3	1	16	74	83	21	55	44	35
3	1	14	74	93	22	66	44	28
3	1	66	74	57	15	18	44	40
3	1	18	74	93	13	34	44	25
3	1	11	74	26	29	6	44	48
3	15	16	76	83	30	15	27	35
3	15	14	76	93	6	66	27	28
3	15	66	76	57	52	9	27	40
3	15	18	76	93	16	72	27	25
3	15	11	76	26	68	0	27	48
3	16	14	83	93	18	61	35	28
3	16	66	83	57	66	10	35	40
3	16	18	83	93	19	60	35	25
3	16	11	83	26	69	9	35	48
3	14	66	93	57	64	15	28	40
3	14	18	93	93	32	32	28	25
3	14	11	93	26	73	3	28	48
3	66	18	57	93	11	68	40	25
3	66	11	57	26	36	7	40	48
3	18	11	93	26	56	3	25	48
4	1	14	100	11	96	1	33	47
4	1	9	100	99	20	72	33	19
4	1	8	100	100	55	30	33	37
4	1	64	100	68	71	23	33	44
4	1	10	100	100	38	50	33	27
4	1	11	100	90	57	29	33	37
4	1	67	100	98	68	12	33	37
4	14	9	11	99	1	91	47	19
4	14	8	11	100	3	93	47	37
4	14	64	11	68	3	63	47	44
4	14	10	11	100	0	100	47	27
4	14	11	11	90	2	81	47	37
4	14	67	11	98	3	84	47	37
4	9	8	99	100	83	15	19	37
4	9	64	99	68	72	15	19	44
4	9	10	99	100	63	29	19	27
4	9	11	99	90	68	20	19	37
4	9	67	99	98	74	22	19	37
4	8	64	100	68	72	16	37	44
4	8	10	100	100	27	57	37	27
4	8	11	100	90	30	57	37	37
4	8	67	100	98	23	63	37	37
4	64	10	68	100	11	75	44	27
4	64	11	68	90	17	63	44	37
4	64	67	68	98	7	73	44	37
4	10	11	100	90	61	15	27	37
4	10	67	100	98	68	25	27	37
4	11	67	90	98	62	20	37	37
5	66	37	14	84	3	70	45	31
5	66	19	14	77	3	65	45	33
5	66	3	14	38	11	26	45	48
5	66	2	14	80	4	68	45	37
5	66	18	14	87	4	77	45	33
5	66	12	14	15	16	12	45	21
5	66	14	14	91	3	78	45	35
5	37	19	84	77	56	20	31	33
5	37	3	84	38	64	6	31	48
5	37	2	84	80	58	15	31	37
5	37	18	84	87	42	36	31	33
5	37	12	84	15	63	12	31	21
5	37	14	84	91	47	29	31	35
5	19	3	77	38	60	6	33	48
5	19	2	77	80	42	29	33	37
5	19	18	77	87	24	31	33	33
5	19	12	77	15	60	15	33	21
5	19	14	77	91	18	31	33	35
5	3	2	38	80	10	64	48	37
5	3	18	38	87	3	80	48	33
5	3	12	38	15	23	16	48	21
5	3	14	38	91	7	65	48	35
5	2	18	80	87	15	43	37	33
5	2	12	80	15	61	19	37	21
5	2	14	80	91	4	47	37	35
5	18	12	87	15	81	14	33	21
5	18	14	87	91	22	23	33	35
5	12	14	15	91	22	69	21	35
6	15	11	78	86	11	47	31	30
6	15	16	78	73	54	20	31	37
6	15	20	78	84	8	48	31	18
6	15	7	78	74	55	25	31	40
6	15	3	78	69	46	24	31	42
6	11	16	86	73	59	20	30	37
6	11	20	86	84	24	52	30	18
6	11	7	86	74	59	6	30	40
6	11	3	86	69	65	16	30	42
6	16	20	73	84	17	58	37	18
6	16	7	73	74	48	23	37	40
6	16	3	73	69	38	23	37	42
6	20	7	84	74	40	27	18	40
6	20	3	84	69	45	32	18	42
6	7	3	74	69	25	22	40	42
7	20	3	84	89	21	57	39	30
7	20	15	84	90	10	53	39	29
7	20	18	84	69	36	17	39	42
7	20	6	84	80	21	27	39	44
7	20	16	84	86	22	53	39	28
7	3	15	89	90	60	23	30	29
7	3	18	89	69	64	19	30	42
7	3	6	89	80	68	15	30	44
7	3	16	89	86	23	36	30	28
7	15	18	90	69	59	18	29	42
7	15	6	90	80	59	23	29	44
7	15	16	90	86	27	54	29	28
7	18	6	69	80	18	44	42	44
7	18	16	69	86	28	72	42	28
7	6	16	80	86	15	69	44	28
8	18	1	57	100	10	78	45	31
8	18	63	57	89	10	38	45	47
8	18	14	57	100	21	65	45	41
8	18	72	57	80	10	64	45	43
8	18	9	57	100	7	89	45	21
8	18	10	57	100	4	80	45	36
8	18	4	57	100	14	76	45	35
8	18	67	57	100	3	79	45	42
8	18	64	57	0	7	23	45	65535
8	18	11	57	88	13	36	45	47
8	1	63	100	89	73	8	31	47
8	1	14	100	100	61	28	31	41
8	1	72	100	80	73	16	31	43
8	1	9	100	100	30	57	31	21
8	1	10	100	100	74	23	31	36
8	1	4	100	100	68	30	31	35
8	1	67	100	100	61	18	31	42
8	1	64	100	0	77	15	31	65535
8	1	11	100	88	78	18	31	47
8	63	14	89	100	9	69	47	41
8	63	72	89	80	29	48	47	43
8	63	9	89	100	13	80	47	21
8	63	10	89	100	4	78	47	36
8	63	4	89	100	11	85	47	35
8	63	67	89	100	8	81	47	42
8	63	64	89	0	20	16	47	65535
8	63	11	89	88	18	21	47	47
8	14	72	100	80	64	8	41	43
8	14	9	100	100	31	61	41	21
8	14	10	100	100	7	54	41	36
8	14	4	100	100	29	31	41	35
8	14	67	100	100	13	14	41	42
8	14	64	100	0	72	13	41	65535
8	14	11	100	88	70	20	41	47
8	72	9	80	100	10	66	43	21
8	72	10	80	100	10	66	43	36
8	72	4	80	100	6	69	43	35
8	72	67	80	100	24	39	43	42
8	72	64	80	0	56	18	43	65535
8	72	11	80	88	33	26	43	47
8	9	10	100	100	74	21	21	36
8	9	4	100	100	69	18	21	35
8	9	67	100	100	55	27	21	42
8	9	64	100	0	84	8	21	65535
8	9	11	100	88	69	20	21	47
8	10	4	100	100	44	24	36	35
8	10	67	100	100	54	31	36	42
8	10	64	100	0	85	5	36	65535
8	10	11	100	88	65	19	36	47
8	4	67	100	100	58	24	35	42
8	4	64	100	0	73	19	35	65535
8	4	11	100	88	61	20	35	47
8	67	64	100	0	73	10	42	65535
8	67	11	100	88	61	17	42	47
8	64	11	0	88	9	47	65535	47
9	10	64	99	68	68	11	17	40
9	10	67	99	100	62	28	17	22
9	10	8	99	100	59	31	17	18
9	10	1	99	100	73	31	17	27
9	10	11	99	81	71	15	17	42
9	10	13	99	25	79	3	17	44
9	10	14	99	89	65	15	17	40
9	10	4	99	99	34	30	17	15
9	64	67	68	100	8	75	40	22
9	64	8	68	100	18	76	40	18
9	64	1	68	100	9	75	40	27
9	64	11	68	81	16	42	40	42
9	64	13	68	25	67	4	40	44
9	64	14	68	89	12	43	40	40
9	64	4	68	99	16	71	40	15
9	67	8	100	100	29	37	22	18
9	67	1	100	100	60	26	22	27
9	67	11	100	81	59	13	22	42
9	67	13	100	25	80	4	22	44
9	67	14	100	89	69	13	22	40
9	67	4	100	99	25	62	22	15
9	8	1	100	100	72	23	18	27
9	8	11	100	81	63	19	18	42
9	8	13	100	25	84	1	18	44
9	8	14	100	89	62	22	18	40
9	8	4	100	99	24	64	18	15
9	1	11	100	81	71	24	27	42
9	1	13	100	25	84	0	27	44
9	1	14	100	89	65	25	27	40
9	1	4	100	99	27	62	27	15
9	11	13	81	25	51	5	42	44
9	11	14	81	89	29	29	42	40
9	11	4	81	99	20	60	42	15
9	13	14	25	89	3	73	44	40
9	13	4	25	99	2	82	44	15
9	14	4	89	99	27	59	40	15
10	9	13	99	78	71	18	19	43
10	9	67	99	100	58	33	19	33
10	9	8	99	100	64	28	19	35
10	9	4	99	100	52	26	19	25
10	9	1	99	99	64	25	19	36
10	13	67	78	100	10	70	43	33
10	13	8	78	100	9	69	43	35
10	13	4	78	100	10	68	43	25
10	13	1	78	99	4	68	43	36
10	67	8	100	100	56	32	33	35
10	67	4	100	100	28	60	33	25
10	67	1	100	99	62	24	33	36
10	8	4	100	100	26	65	35	25
10	8	1	100	99	20	53	35	36
10	4	1	100	99	55	26	25	36
11	13	9	87	81	55	27	28	40
11	13	1	87	93	53	12	28	41
11	13	18	87	81	52	13	28	36
11	13	3	87	30	76	4	28	48
11	13	6	87	84	25	45	28	30
11	13	16	87	47	68	8	28	46
11	13	4	87	90	62	6	28	31
11	13	8	87	88	64	16	28	42
11	13	14	87	89	62	15	28	41
11	13	20	87	80	27	30	28	25
11	9	1	81	93	21	31	40	41
11	9	18	81	81	18	20	40	36
11	9	3	81	30	63	9	40	48
11	9	6	81	84	15	58	40	30
11	9	16	81	47	61	9	40	46
11	9	4	81	90	25	49	40	31
11	9	8	81	88	64	19	40	42
11	9	14	81	89	25	33	40	41
11	9	20	81	80	16	59	40	25
11	1	18	93	81	29	45	41	36
11	1	3	93	30	71	6	41	48
11	1	6	93	84	20	54	41	30
11	1	16	93	47	58	6	41	46
11	1	4	93	90	23	52	41	31
11	1	8	93	88	36	28	41	42
11	1	14	93	89	28	23	41	41
11	1	20	93	80	21	51	41	25
11	18	3	81	30	55	14	36	48
11	18	6	81	84	25	51	36	30
11	18	16	81	47	60	12	36	46
11	18	4	81	90	12	60	36	31
11	18	8	81	88	43	22	36	42
11	18	14	81	89	40	22	36	41
11	18	20	81	80	14	56	36	25
11	3	6	30	84	3	63	48	30
11	3	16	30	47	4	19	48	46
11	3	4	30	90	8	75	48	31
11	3	8	30	88	5	34	48	42
11	3	14	30	89	8	62	48	41
11	3	20	30	80	6	64	48	25
11	6	16	84	47	63	8	30	46
11	6	4	84	90	51	25	30	31
11	6	8	84	88	57	25	30	42
11	6	14	84	89	59	13	30	41
11	6	20	84	80	18	28	30	25
11	16	4	47	90	4	71	46	31
11	16	8	47	88	5	24	46	42
11	16	14	47	89	17	50	46	41
11	16	20	47	80	6	62	46	25
11	4	8	90	88	62	21	31	42
11	4	14	90	89	57	20	31	41
11	4	20	90	80	24	47	31	25
11	8	14	88	89	21	57	42	41
11	8	20	88	80	17	64	42	25
11	14	20	89	80	24	51	41	25
12	2	19	37	37	9	12	24	21
12	2	5	37	23	14	6	24	22
12	19	5	37	23	13	5	21	22
13	9	20	16	59	6	69	46	41
13	9	11	16	85	1	69	46	32
13	9	10	16	73	5	60	46	43
13	9	14	16	87	2	88	46	35
13	20	11	59	85	27	55	41	32
13	20	10	59	73	22	17	41	43
13	20	14	59	87	11	72	41	35
13	11	10	85	73	65	13	32	43
13	11	14	85	87	54	28	32	35
13	10	14	73	87	9	53	43	35
14	37	35	77	65	27	45	38	38
14	37	16	77	61	41	18	38	44
14	37	1	77	100	10	79	38	13
14	37	9	77	88	19	29	38	40
14	37	8	77	92	6	30	38	38
14	37	11	77	71	22	30	38	43
14	37	3	77	90	10	66	38	29
14	37	5	77	81	23	63	38	32
14	37	18	77	100	13	72	38	15
14	37	66	77	53	38	39	38	35
14	37	13	77	91	17	55	38	33
14	35	16	65	61	51	22	38	44
14	35	1	65	100	9	72	38	13
14	35	9	65	88	16	33	38	40
14	35	8	65	92	40	36	38	38
14	35	11	65	71	33	32	38	43
14	35	3	65	90	8	65	38	29
14	35	5	65	81	24	48	38	32
14	35	18	65	100	22	67	38	15
14	35	66	65	53	24	43	38	35
14	35	13	65	91	18	60	38	33
14	16	1	61	100	7	73	44	13
14	16	9	61	88	9	59	44	40
14	16	8	61	92	5	49	44	38
14	16	11	61	71	21	49	44	43
14	16	3	61	90	22	48	44	29
14	16	5	61	81	6	62	44	32
14	16	18	61	100	22	53	44	15
14	16	66	61	53	29	49	44	35
14	16	13	61	91	13	64	44	33
14	1	9	100	88	69	25	13	40
14	1	8	100	92	55	29	13	38
14	1	11	100	71	72	21	13	43
14	1	3	100	90	67	16	13	29
14	1	5	100	81	66	10	13	32
14	1	18	100	100	63	23	13	15
14	1	66	100	53	70	7	13	35
14	1	13	100	91	67	7	13	33
14	9	8	88	92	37	32	40	38
14	9	11	88	71	29	27	40	43
14	9	3	88	90	14	62	40	29
14	9	5	88	81	16	66	40	32
14	9	18	88	100	9	64	40	15
14	9	66	88	53	36	44	40	35
14	9	13	88	91	33	51	40	33
14	8	11	92	71	34	26	38	43
14	8	3	92	90	22	71	38	29
14	8	5	92	81	17	60	38	32
14	8	18	92	100	20	72	38	15
14	8	66	92	53	34	48	38	35
14	8	13	92	91	20	63	38	33
14	11	3	71	90	22	58	43	29
14	11	5	71	81	14	74	43	32
14	11	18	71	100	29	68	43	15
14	11	66	71	53	28	46	43	35
14	11	13	71	91	21	53	43	33
14	3	5	90	81	58	30	29	32
14	3	18	90	100	17	78	29	15
14	3	66	90	53	59	20	29	35
14	3	13	90	91	66	9	29	33
14	5	18	81	100	21	56	32	15
14	5	66	81	53	52	15	32	35
14	5	13	81	91	31	16	32	33
14	18	66	100	53	68	8	15	35
14	18	13	100	91	56	9	15	33
14	66	13	53	91	9	38	35	33
15	6	16	79	78	17	56	36	31
15	6	7	79	91	22	55	36	30
15	6	3	79	76	23	47	36	31
15	6	18	79	68	57	6	36	42
15	16	7	78	91	24	31	31	30
15	16	3	78	76	17	26	31	31
15	16	18	78	68	54	19	31	42
15	7	3	91	76	20	27	30	31
15	7	18	91	68	59	21	30	42
15	3	18	76	68	51	20	31	42
16	11	66	44	58	19	53	48	37
16	11	3	44	80	8	69	48	36
16	11	15	44	80	6	65	48	29
16	11	18	44	61	8	20	48	44
16	11	14	44	73	14	43	48	44
16	11	6	44	72	11	45	48	40
16	11	7	44	91	9	71	48	27
16	11	20	44	81	7	59	48	29
16	66	3	58	80	10	58	37	36
16	66	15	58	80	14	57	37	29
16	66	18	58	61	37	21	37	44
16	66	14	58	73	48	25	37	44
16	66	6	58	72	10	38	37	40
16	66	7	58	91	4	70	37	27
16	66	20	58	81	7	59	37	29
16	3	15	80	80	15	46	36	29
16	3	18	80	61	51	16	36	44
16	3	14	80	73	46	24	36	44
16	3	6	80	72	49	22	36	40
16	3	7	80	91	23	61	36	27
16	3	20	80	81	24	54	36	29
16	15	18	80	61	55	15	29	44
16	15	14	80	73	56	8	29	44
16	15	6	80	72	44	21	29	40
16	15	7	80	91	22	44	29	27
16	15	20	80	81	32	15	29	29
16	18	14	61	73	11	46	44	44
16	18	6	61	72	9	57	44	40
16	18	7	61	91	13	66	44	27
16	18	20	61	81	2	62	44	29
16	14	6	73	72	7	51	44	40
16	14	7	73	91	21	59	44	27
16	14	20	73	81	10	51	44	29
16	6	7	72	91	24	49	40	27
16	6	20	72	81	20	52	40	29
16	7	20	91	81	68	23	27	29
17	19	39	67	90	8	64	35	25
18	3	5	86	94	59	34	29	32
18	3	1	86	22	73	7	29	45
18	3	15	86	70	61	14	29	41
18	3	11	86	86	54	18	29	41
18	3	7	86	70	58	11	29	43
18	3	37	86	33	70	16	29	44
18	3	8	86	64	62	15	29	44
18	3	35	86	73	67	16	29	38
18	3	66	86	6	87	0	29	46
18	3	19	86	37	61	10	29	41
18	3	14	86	99	26	77	29	17
18	5	1	94	22	76	10	32	45
18	5	15	94	70	63	13	32	41
18	5	11	94	86	65	15	32	41
18	5	7	94	70	62	17	32	43
18	5	37	94	33	68	6	32	44
18	5	8	94	64	78	8	32	44
18	5	35	94	73	58	4	32	38
18	5	66	94	6	88	0	32	46
18	5	19	94	37	66	11	32	41
18	5	14	94	99	22	65	32	17
18	1	15	22	70	3	52	45	41
18	1	11	22	86	6	77	45	41
18	1	7	22	70	5	58	45	43
18	1	37	22	33	25	23	45	44
18	1	8	22	64	7	26	45	44
18	1	35	22	73	8	67	45	38
18	1	66	22	6	25	6	45	46
18	1	19	22	37	9	26	45	41
18	1	14	22	99	6	80	45	17
18	15	11	70	86	7	58	41	41
18	15	7	70	70	20	22	41	43
18	15	37	70	33	44	7	41	44
18	15	8	70	64	34	9	41	44
18	15	35	70	73	22	50	41	38
18	15	66	70	6	61	0	41	46
18	15	19	70	37	34	13	41	41
18	15	14	70	99	9	76	41	17
18	11	7	86	70	56	11	41	43
18	11	37	86	33	74	5	41	44
18	11	8	86	64	60	13	41	44
18	11	35	86	73	25	15	41	38
18	11	66	86	6	81	2	41	46
18	11	19	86	37	73	3	41	41
18	11	14	86	99	25	63	41	17
18	7	37	70	33	48	7	43	44
18	7	8	70	64	39	11	43	44
18	7	35	70	73	28	40	43	38
18	7	66	70	6	71	1	43	46
18	7	19	70	37	45	10	43	41
18	7	14	70	99	19	67	43	17
18	37	8	33	64	5	31	44	44
18	37	35	33	73	12	53	44	38
18	37	66	33	6	21	4	44	46
18	37	19	33	37	10	47	44	41
18	37	14	33	99	7	85	44	17
18	8	35	64	73	20	45	44	38
18	8	66	64	6	47	2	44	46
18	8	19	64	37	20	16	44	41
18	8	14	64	99	10	79	44	17
18	35	66	73	6	55	2	38	46
18	35	19	73	37	59	9	38	41
18	35	14	73	99	14	79	38	17
18	66	19	6	37	2	46	46	41
18	66	14	6	99	2	96	46	17
18	19	14	37	99	7	82	41	17
19	12	2	42	77	19	15	19	35
19	12	26	42	60	28	39	19	39
19	12	18	42	62	31	25	19	41
19	12	5	42	70	19	58	19	32
19	12	17	42	47	25	33	19	37
19	2	26	77	60	48	22	35	39
19	2	18	77	62	27	7	35	41
19	2	5	77	70	23	28	35	32
19	2	17	77	47	56	18	35	37
19	26	18	60	62	38	9	39	41
19	26	5	60	70	8	50	39	32
19	26	17	60	47	16	44	39	37
19	18	5	62	70	4	36	41	32
19	18	17	62	47	15	47	41	37
19	5	17	70	47	54	7	32	37
20	7	3	77	78	4	24	41	35
20	7	6	77	73	18	57	41	23
20	7	16	77	74	22	50	41	32
20	7	13	77	1	20	11	41	42
20	7	11	77	44	11	60	41	31
20	3	6	78	73	11	46	35	23
20	3	16	78	74	14	20	35	32
20	3	13	78	1	0	0	35	42
20	3	11	78	44	9	47	35	31
20	6	16	73	74	54	20	23	32
20	6	13	73	1	49	23	23	42
20	6	11	73	44	44	35	23	31
20	16	13	74	1	49	13	32	42
20	16	11	74	44	19	49	32	31
20	13	11	1	44	18	63	42	31
24	31	27	80	23	68	1	41	44
25	28	35	84	60	60	22	35	40
25	28	38	84	18	82	1	35	45
25	35	38	60	18	59	5	40	45
26	19	2	51	60	30	16	38	44
26	19	36	51	80	25	61	38	31
26	19	37	51	62	16	58	38	33
26	19	39	51	1	34	0	38	48
26	2	36	60	80	13	52	44	31
26	2	37	60	62	17	50	44	33
26	2	39	60	1	65	0	44	48
26	36	37	80	62	53	16	31	33
26	36	39	80	1	70	0	31	48
26	37	39	62	1	68	0	33	48
27	45	40	7	67	1	65	47	35
27	45	31	7	82	1	71	47	31
27	45	56	7	79	2	70	47	25
27	45	47	7	59	0	61	47	43
27	45	55	7	69	5	57	47	37
27	45	54	7	70	1	57	47	35
27	40	31	67	82	16	62	35	31
27	40	56	67	79	16	50	35	25
27	40	47	67	59	40	14	35	43
27	40	55	67	69	41	17	35	37
27	40	54	67	70	22	44	35	35
27	31	56	82	79	17	57	31	25
27	31	47	82	59	55	15	31	43
27	31	55	82	69	52	19	31	37
27	31	54	82	70	49	17	31	35
27	56	47	79	59	39	19	25	43
27	56	55	79	69	59	9	25	37
27	56	54	79	70	47	16	25	35
27	47	55	59	69	16	44	43	37
27	47	54	59	70	20	47	43	35
27	55	54	69	70	17	42	37	35
28	25	35	87	58	57	13	33	45
30	46	38	8	69	11	56	46	42
30	46	57	8	76	6	65	46	38
30	46	51	8	85	11	58	46	35
30	46	37	8	0	39	0	46	65535
30	38	57	69	76	19	55	42	38
30	38	51	69	85	17	61	42	35
30	38	37	69	0	76	0	42	65535
30	57	51	76	85	49	29	38	35
30	57	37	76	0	76	0	38	65535
30	51	37	85	0	84	0	35	65535
31	24	60	78	52	30	16	32	45
31	24	32	78	47	52	10	32	44
31	24	27	78	79	28	45	32	28
31	24	48	78	70	17	50	32	37
31	60	32	52	47	59	14	45	44
31	60	27	52	79	12	58	45	28
31	60	48	52	70	15	56	45	37
31	32	27	47	79	10	60	44	28
31	32	48	47	70	12	57	44	37
31	27	48	79	70	55	19	28	37
32	31	34	58	86	5	56	46	31
33	32	60	8	63	3	54	45	43
33	32	34	8	3	7	1	45	46
33	32	35	8	61	4	54	45	37
33	32	37	8	49	2	58	45	40
33	32	48	8	42	1	47	45	43
33	60	34	63	3	56	0	43	46
33	60	35	63	61	21	43	43	37
33	60	37	63	49	38	23	43	40
33	60	48	63	42	23	10	43	43
33	34	35	3	61	2	49	46	37
33	34	37	3	49	0	54	46	40
33	34	48	3	42	0	42	46	43
33	35	37	61	49	40	20	37	40
33	35	48	61	42	43	12	37	43
33	37	48	49	42	27	14	40	43
34	45	32	63	87	13	60	39	31
34	45	48	63	39	47	8	39	47
34	32	48	87	39	67	6	31	47
35	28	33	66	57	14	47	45	36
35	28	36	66	67	9	37	45	36
35	28	14	66	74	12	52	45	38
35	28	37	66	65	8	45	45	34
35	28	25	66	71	18	37	45	37
35	28	18	66	69	10	54	45	35
35	28	38	66	51	12	22	45	41
35	33	36	57	67	17	10	36	36
35	33	14	57	74	11	26	36	38
35	33	37	57	65	13	30	36	34
35	33	25	57	71	36	10	36	37
35	33	18	57	69	6	19	36	35
35	33	38	57	51	48	13	36	41
35	36	14	67	74	6	34	36	38
35	36	37	67	65	14	40	36	34
35	36	25	67	71	37	8	36	37
35	36	18	67	69	8	16	36	35
35	36	38	67	51	28	16	36	41
35	14	37	74	65	31	33	38	34
35	14	25	74	71	35	11	38	37
35	14	18	74	69	21	25	38	35
35	14	38	74	51	53	8	38	41
35	37	25	65	71	40	11	34	37
35	37	18	65	69	37	22	34	35
35	37	38	65	51	41	18	34	41
35	25	18	71	69	7	42	37	35
35	25	38	71	51	34	27	37	41
35	18	38	69	51	46	7	35	41
36	26	37	80	63	49	21	30	33
36	26	35	80	57	57	13	30	37
36	26	39	80	5	79	0	30	48
36	26	38	80	99	15	70	30	29
36	37	35	63	57	30	21	33	37
36	37	39	63	5	60	1	33	48
36	37	38	63	99	22	65	33	29
36	35	39	57	5	54	1	37	48
36	35	38	57	99	19	60	37	29
36	39	38	5	99	1	86	48	29
37	26	35	71	64	19	29	34	35
37	26	14	71	84	45	20	34	41
37	26	5	71	85	9	66	34	31
37	26	33	71	59	53	11	34	42
37	26	60	71	48	52	6	34	46
37	26	38	71	80	10	58	34	32
37	26	36	71	61	25	22	34	34
37	35	14	64	84	37	34	35	41
37	35	5	64	85	6	36	35	31
37	35	33	64	59	42	22	35	42
37	35	60	64	48	38	18	35	46
37	35	38	64	80	14	41	35	32
37	35	36	64	61	23	26	35	34
37	14	5	84	85	16	42	41	31
37	14	33	84	59	34	10	41	42
37	14	60	84	48	65	7	41	46
37	14	38	84	80	12	66	41	32
37	14	36	84	61	22	39	41	34
37	5	33	85	59	56	8	31	42
37	5	60	85	48	57	4	31	46
37	5	38	85	80	8	22	31	32
37	5	36	85	61	49	10	31	34
37	33	60	59	48	28	13	42	46
37	33	38	59	80	9	64	42	32
37	33	36	59	61	15	61	42	34
37	60	38	48	80	9	67	46	32
37	60	36	48	61	10	58	46	34
37	38	36	80	61	44	20	32	34
38	37	30	90	80	54	24	31	43
38	37	39	90	77	60	19	31	37
38	37	51	90	72	63	16	31	40
38	37	25	90	26	65	4	31	44
38	37	36	90	98	22	56	31	28
38	37	35	90	57	60	16	31	43
38	30	39	80	77	17	57	43	37
38	30	51	80	72	31	35	43	40
38	30	25	80	26	48	0	43	44
38	30	36	80	98	14	61	43	28
38	30	35	80	57	41	6	43	43
38	39	51	77	72	45	24	37	40
38	39	25	77	26	63	3	37	44
38	39	36	77	98	20	62	37	28
38	39	35	77	57	46	16	37	43
38	51	25	72	26	63	6	40	44
38	51	36	72	98	15	66	40	28
38	51	35	72	57	29	20	40	43
38	25	36	26	98	0	70	44	28
38	25	35	26	57	6	42	44	43
38	36	35	98	57	77	9	28	43
39	36	38	7	41	1	61	47	37
39	36	17	7	88	1	81	47	26
39	36	26	7	0	12	2	47	65535
39	38	17	41	88	12	61	37	26
39	38	26	41	0	38	1	37	65535
39	17	26	88	0	86	0	26	65535
40	53	55	43	97	2	84	40	14
40	53	59	43	68	5	63	40	38
40	53	47	43	82	10	59	40	21
40	53	56	43	70	11	51	40	22
40	53	27	43	57	6	59	40	33
40	53	58	43	69	11	63	40	22
40	53	51	43	59	11	51	40	36
40	53	57	43	2	43	0	40	49
40	53	54	43	78	9	63	40	25
40	53	45	43	20	48	0	40	46
40	55	59	97	68	67	13	14	38
40	55	47	97	82	55	21	14	21
40	55	56	97	70	68	17	14	22
40	55	27	97	57	52	24	14	33
40	55	58	97	69	65	20	14	22
40	55	51	97	59	63	17	14	36
40	55	57	97	2	77	4	14	49
40	55	54	97	78	54	22	14	25
40	55	45	97	20	88	1	14	46
40	59	47	68	82	19	47	38	21
40	59	56	68	70	8	63	38	22
40	59	27	68	57	11	50	38	33
40	59	58	68	69	17	54	38	22
40	59	51	68	59	10	53	38	36
40	59	57	68	2	63	0	38	49
40	59	54	68	78	13	58	38	25
40	59	45	68	20	58	3	38	46
40	47	56	82	70	66	15	21	22
40	47	27	82	57	57	16	21	33
40	47	58	82	69	51	20	21	22
40	47	51	82	59	53	16	21	36
40	47	57	82	2	70	2	21	49
40	47	54	82	78	55	17	21	25
40	47	45	82	20	52	3	21	46
40	56	27	70	57	47	25	22	33
40	56	58	70	69	36	26	22	22
40	56	51	70	59	54	21	22	36
40	56	57	70	2	68	2	22	49
40	56	54	70	78	27	27	22	25
40	56	45	70	20	67	3	22	46
40	27	58	57	69	12	52	33	22
40	27	51	57	59	10	21	33	36
40	27	57	57	2	74	1	33	49
40	27	54	57	78	16	60	33	25
40	27	45	57	20	66	3	33	46
40	58	51	69	59	49	9	22	36
40	58	57	69	2	83	0	22	49
40	58	54	69	78	26	41	22	25
40	58	45	69	20	56	12	22	46
40	51	57	59	2	68	1	36	49
40	51	54	59	78	19	51	36	25
40	51	45	59	20	64	4	36	46
40	57	54	2	78	9	67	49	25
40	57	45	2	20	16	26	49	46
40	54	45	78	20	54	9	25	46
45	54	58	63	36	44	9	39	44
45	54	27	63	19	59	6	39	44
45	54	48	63	92	17	65	39	25
45	54	40	63	49	42	10	39	45
45	54	55	63	59	42	19	39	39
45	54	33	63	0	67	0	39	65535
45	54	60	63	38	53	6	39	45
45	54	32	63	45	50	7	39	44
45	54	47	63	0	67	0	39	65535
45	54	34	63	62	47	19	39	36
45	58	27	36	19	25	4	44	44
45	58	48	36	92	10	53	44	25
45	58	40	36	49	15	20	44	45
45	58	55	36	59	12	41	44	39
45	58	33	36	0	49	0	44	65535
45	58	60	36	38	22	19	44	45
45	58	32	36	45	11	14	44	44
45	58	47	36	0	51	0	44	65535
45	58	34	36	62	0	46	44	36
45	27	48	19	92	4	68	44	25
45	27	40	19	49	4	20	44	45
45	27	55	19	59	3	48	44	39
45	27	33	19	0	18	0	44	65535
45	27	60	19	38	6	38	44	45
45	27	32	19	45	2	25	44	44
45	27	47	19	0	11	0	44	65535
45	27	34	19	62	1	60	44	36
45	48	40	92	49	57	7	25	45
45	48	55	92	59	45	23	25	39
45	48	33	92	0	89	0	25	65535
45	48	60	92	38	61	10	25	45
45	48	32	92	45	72	4	25	44
45	48	47	92	0	86	1	25	65535
45	48	34	92	62	64	16	25	36
45	40	55	49	59	14	27	45	39
45	40	33	49	0	55	0	45	65535
45	40	60	49	38	20	21	45	45
45	40	32	49	45	13	14	45	44
45	40	47	49	0	20	8	45	65535
45	40	34	49	62	15	39	45	36
45	55	33	59	0	67	0	39	65535
45	55	60	59	38	22	13	39	45
45	55	32	59	45	51	5	39	44
45	55	47	59	0	48	6	39	65535
45	55	34	59	62	16	40	39	36
45	33	60	0	38	0	51	65535	45
45	33	32	0	45	0	41	65535	44
45	33	47	0	0	0	10	65535	65535
45	33	34	0	62	0	60	65535	36
45	60	32	38	45	40	10	45	44
45	60	47	38	0	51	3	45	65535
45	60	34	38	62	4	44	45	36
45	32	47	45	0	49	0	44	65535
45	32	34	45	62	6	48	44	36
45	47	34	0	62	10	47	65535	36
46	57	51	64	79	12	29	43	36
46	57	30	64	25	52	9	43	46
46	57	53	64	68	21	28	43	36
46	57	81	64	1	61	0	43	45
46	51	30	79	25	57	6	36	46
46	51	53	79	68	38	19	36	36
46	51	81	79	1	73	1	36	45
46	30	53	25	68	9	51	46	36
46	30	81	25	1	20	0	46	45
46	53	81	68	1	57	1	36	45
47	51	27	69	61	51	19	38	39
47	51	48	69	75	15	50	38	35
47	51	40	69	73	10	60	38	19
47	51	56	69	77	18	50	38	23
47	51	58	69	88	14	64	38	17
47	51	54	69	75	11	51	38	34
47	51	53	69	58	36	16	38	38
47	51	57	69	56	23	13	38	43
47	51	55	69	77	19	60	38	26
47	27	48	61	75	8	51	39	35
47	27	40	61	73	15	53	39	19
47	27	56	61	77	18	50	39	23
47	27	58	61	88	10	67	39	17
47	27	54	61	75	16	49	39	34
47	27	53	61	58	18	36	39	38
47	27	57	61	56	21	43	39	43
47	27	55	61	77	18	61	39	26
47	48	40	75	73	16	59	35	19
47	48	56	75	77	13	58	35	23
47	48	58	75	88	10	63	35	17
47	48	54	75	75	18	54	35	34
47	48	53	75	58	60	22	35	38
47	48	57	75	56	54	17	35	43
47	48	55	75	77	24	57	35	26
47	40	56	73	77	58	16	19	23
47	40	58	73	88	24	26	19	17
47	40	54	73	75	48	19	19	34
47	40	53	73	58	50	20	19	38
47	40	57	73	56	49	17	19	43
47	40	55	73	77	52	24	19	26
47	56	58	77	88	20	60	23	17
47	56	54	77	75	52	15	23	34
47	56	53	77	58	50	17	23	38
47	56	57	77	56	54	12	23	43
47	56	55	77	77	39	20	23	26
47	58	54	88	75	70	14	17	34
47	58	53	88	58	69	11	17	38
47	58	57	88	56	75	9	17	43
47	58	55	88	77	54	23	17	26
47	54	53	75	58	52	14	34	38
47	54	57	75	56	53	18	34	43
47	54	55	75	77	18	58	34	26
47	53	57	58	56	23	40	38	43
47	53	55	58	77	5	61	38	26
47	57	55	56	77	16	50	43	26
48	54	55	63	62	29	18	43	41
48	54	45	63	90	17	68	43	23
48	54	60	63	75	16	54	43	30
48	54	33	63	55	25	22	43	39
48	54	34	63	33	50	8	43	44
48	54	31	63	46	26	21	43	42
48	54	47	63	70	15	69	43	35
48	55	45	62	90	14	72	41	23
48	55	60	62	75	8	57	41	30
48	55	33	62	55	27	12	41	39
48	55	34	62	33	41	8	41	44
48	55	31	62	46	39	7	41	42
48	55	47	62	70	18	50	41	35
48	45	60	90	75	57	26	23	30
48	45	33	90	55	70	7	23	39
48	45	34	90	33	72	13	23	44
48	45	31	90	46	65	9	23	42
48	45	47	90	70	50	16	23	35
48	60	33	75	55	50	20	30	39
48	60	34	75	33	77	5	30	44
48	60	31	75	46	75	2	30	42
48	60	47	75	70	69	11	30	35
48	33	34	55	33	39	13	39	44
48	33	31	55	46	37	4	39	42
48	33	47	55	70	13	61	39	35
48	34	31	33	46	14	6	44	42
48	34	47	33	70	8	61	44	35
48	31	47	46	70	5	74	42	35
51	56	57	76	63	59	15	17	36
51	56	47	76	75	52	13	17	40
51	56	38	76	38	71	13	17	39
51	56	53	76	85	53	33	17	23
51	56	55	76	55	88	0	17	43
51	56	68	76	63	66	10	17	34
51	56	84	76	51	75	14	17	38
51	56	46	76	69	65	14	17	36
51	56	40	76	80	62	17	17	35
51	56	81	76	50	73	8	17	34
51	56	54	76	1	79	2	17	49
51	56	30	76	82	59	15	17	35
51	56	77	76	23	86	0	17	47
51	57	47	63	75	52	24	36	40
51	57	38	63	38	51	20	36	39
51	57	53	63	85	22	56	36	23
51	57	55	63	55	66	0	36	43
51	57	68	63	63	49	19	36	34
51	57	84	63	51	50	19	36	38
51	57	46	63	69	49	32	36	36
51	57	40	63	80	37	31	36	35
51	57	81	63	50	42	16	36	34
51	57	54	63	1	59	8	36	49
51	57	30	63	82	45	31	36	35
51	57	77	63	23	61	3	36	47
51	47	38	75	38	48	15	40	39
51	47	53	75	85	19	66	40	23
51	47	55	75	55	67	0	40	43
51	47	68	75	63	19	28	40	34
51	47	84	75	51	36	9	40	38
51	47	46	75	69	11	29	40	36
51	47	40	75	80	22	57	40	35
51	47	81	75	50	28	17	40	34
51	47	54	75	1	68	2	40	49
51	47	30	75	82	7	30	40	35
51	47	77	75	23	63	1	40	47
51	38	53	38	85	5	63	39	23
51	38	55	38	55	66	0	39	43
51	38	68	38	63	14	52	39	34
51	38	84	38	51	20	16	39	38
51	38	46	38	69	8	58	39	36
51	38	40	38	80	16	56	39	35
51	38	81	38	50	21	37	39	34
51	38	54	38	1	64	0	39	49
51	38	30	38	82	11	62	39	35
51	38	77	38	23	50	0	39	47
51	53	55	85	55	82	3	23	43
51	53	68	85	63	65	13	23	34
51	53	84	85	51	61	15	23	38
51	53	46	85	69	58	22	23	36
51	53	40	85	80	67	24	23	35
51	53	81	85	50	74	7	23	34
51	53	54	85	1	72	6	23	49
51	53	30	85	82	63	13	23	35
51	53	77	85	23	90	0	23	47
51	55	68	55	63	8	53	43	34
51	55	84	55	51	9	40	43	38
51	55	46	55	69	7	55	43	36
51	55	40	55	80	1	65	43	35
51	55	81	55	50	0	50	43	34
51	55	54	55	1	6	12	43	49
51	55	30	55	82	0	81	43	35
51	55	77	55	23	14	0	43	47
51	68	84	63	51	41	17	34	38
51	68	46	63	69	20	23	34	36
51	68	40	63	80	12	28	34	35
51	68	81	63	50	33	13	34	34
51	68	54	63	1	57	8	34	49
51	68	30	63	82	12	27	34	35
51	68	77	63	23	60	0	34	47
51	84	46	51	69	5	44	38	36
51	84	40	51	80	11	53	38	35
51	84	81	51	50	29	27	38	34
51	84	54	51	1	42	7	38	49
51	84	30	51	82	6	59	38	35
51	84	77	51	23	54	0	38	47
51	46	40	69	80	22	39	36	35
51	46	81	69	50	38	13	36	34
51	46	54	69	1	60	6	36	49
51	46	30	69	82	23	22	36	35
51	46	77	69	23	76	0	36	47
51	40	81	80	50	57	7	35	34
51	40	54	80	1	56	14	35	49
51	40	30	80	82	44	17	35	35
51	40	77	80	23	69	0	35	47
51	81	54	50	1	41	10	34	49
51	81	30	50	82	9	30	34	35
51	81	77	50	23	52	0	34	47
51	54	30	1	82	2	68	49	35
51	54	77	1	23	34	0	49	47
51	30	77	82	23	81	0	35	47
53	81	54	38	65	17	28	35	42
53	81	47	38	60	17	17	35	41
53	81	57	38	81	6	63	35	34
53	81	68	38	59	11	24	35	35
53	81	84	38	77	9	55	35	31
53	81	40	38	34	39	15	35	45
53	81	56	38	25	36	3	35	44
53	81	77	38	77	11	40	35	37
53	81	46	38	57	14	27	35	37
53	81	51	38	88	13	59	35	23
53	54	47	65	60	13	19	42	41
53	54	57	65	81	16	49	42	34
53	54	68	65	59	23	22	42	35
53	54	84	65	77	24	52	42	31
53	54	40	65	34	40	15	42	45
53	54	56	65	25	53	1	42	44
53	54	77	65	77	5	41	42	37
53	54	46	65	57	12	18	42	37
53	54	51	65	88	15	67	42	23
53	47	57	60	81	12	58	41	34
53	47	68	60	59	14	16	41	35
53	47	84	60	77	16	46	41	31
53	47	40	60	34	44	8	41	45
53	47	56	60	25	52	2	41	44
53	47	77	60	77	12	45	41	37
53	47	46	60	57	6	17	41	37
53	47	51	60	88	13	67	41	23
53	57	68	81	59	58	14	34	35
53	57	84	81	77	49	21	34	31
53	57	40	81	34	53	11	34	45
53	57	56	81	25	58	1	34	44
53	57	77	81	77	56	22	34	37
53	57	46	81	57	47	18	34	37
53	57	51	81	88	19	53	34	23
53	68	84	59	77	14	54	35	31
53	68	40	59	34	43	9	35	45
53	68	56	59	25	46	2	35	44
53	68	77	59	77	16	36	35	37
53	68	46	59	57	11	18	35	37
53	68	51	59	88	10	61	35	23
53	84	40	77	34	62	4	31	45
53	84	56	77	25	78	0	31	44
53	84	77	77	77	60	14	31	37
53	84	46	77	57	60	14	31	37
53	84	51	77	88	38	49	31	23
53	40	56	34	25	31	2	45	44
53	40	77	34	77	8	53	45	37
53	40	46	34	57	8	45	45	37
53	40	51	34	88	10	75	45	23
53	56	77	25	77	0	64	44	37
53	56	46	25	57	0	61	44	37
53	56	51	25	88	1	80	44	23
53	77	46	77	57	29	8	37	37
53	77	51	77	88	17	58	37	23
53	46	51	57	88	17	49	37	23
54	55	40	87	78	64	20	19	24
54	55	57	87	65	62	13	19	43
54	55	27	87	69	60	13	19	31
54	55	48	87	66	59	11	19	43
54	55	59	87	79	45	28	19	37
54	55	47	87	77	47	25	19	34
54	55	81	87	62	60	9	19	35
54	55	53	87	66	53	14	19	37
54	55	58	87	83	48	23	19	30
54	55	84	87	60	65	10	19	41
54	55	51	87	10	63	2	19	45
54	55	45	87	67	51	13	19	37
54	55	56	87	78	22	43	19	15
54	55	68	87	30	59	7	19	43
54	40	57	78	65	59	19	24	43
54	40	27	78	69	47	21	24	31
54	40	48	78	66	62	3	24	43
54	40	59	78	79	58	23	24	37
54	40	47	78	77	51	19	24	34
54	40	81	78	62	51	10	24	35
54	40	53	78	66	55	20	24	37
54	40	58	78	83	54	19	24	30
54	40	84	78	60	60	9	24	41
54	40	51	78	10	52	15	24	45
54	40	45	78	67	57	16	24	37
54	40	56	78	78	28	40	24	15
54	40	68	78	30	54	10	24	43
54	57	27	65	69	12	50	43	31
54	57	48	65	66	56	11	43	43
54	57	59	65	79	19	24	43	37
54	57	47	65	77	14	59	43	34
54	57	81	65	62	26	21	43	35
54	57	53	65	66	12	43	43	37
54	57	58	65	83	12	41	43	30
54	57	84	65	60	42	15	43	41
54	57	51	65	10	36	15	43	45
54	57	45	65	67	16	32	43	37
54	57	56	65	78	7	46	43	15
54	57	68	65	30	10	28	43	43
54	27	48	69	66	45	4	31	43
54	27	59	69	79	55	15	31	37
54	27	47	69	77	31	27	31	34
54	27	81	69	62	56	17	31	35
54	27	53	69	66	45	11	31	37
54	27	58	69	83	9	20	31	30
54	27	84	69	60	52	17	31	41
54	27	51	69	10	68	0	31	45
54	27	45	69	67	51	10	31	37
54	27	56	69	78	19	55	31	15
54	27	68	69	30	52	13	31	43
54	48	59	66	79	10	65	43	37
54	48	47	66	77	15	55	43	34
54	48	81	66	62	27	43	43	35
54	48	53	66	66	17	42	43	37
54	48	58	66	83	10	65	43	30
54	48	84	66	60	13	18	43	41
54	48	51	66	10	65	1	43	45
54	48	45	66	67	12	52	43	37
54	48	56	66	78	8	60	43	15
54	48	68	66	30	34	16	43	43
54	59	47	79	77	19	48	37	34
54	59	81	79	62	23	9	37	35
54	59	53	79	66	34	6	37	37
54	59	58	79	83	25	48	37	30
54	59	84	79	60	52	8	37	41
54	59	51	79	10	78	1	37	45
54	59	45	79	67	20	13	37	37
54	59	56	79	78	16	57	37	15
54	59	68	79	30	64	2	37	43
54	47	81	77	62	62	8	34	35
54	47	53	77	66	55	10	34	37
54	47	58	77	83	50	17	34	30
54	47	84	77	60	62	6	34	41
54	47	51	77	10	68	3	34	45
54	47	45	77	67	47	22	34	37
54	47	56	77	78	22	48	34	15
54	47	68	77	30	66	8	34	43
54	81	53	62	66	27	12	35	37
54	81	58	62	83	13	64	35	30
54	81	84	62	60	37	24	35	41
54	81	51	62	10	37	3	35	45
54	81	45	62	67	19	39	35	37
54	81	56	62	78	14	61	35	15
54	81	68	62	30	40	8	35	43
54	53	58	66	83	7	65	37	30
54	53	84	66	60	39	23	37	41
54	53	51	66	10	47	4	37	45
54	53	45	66	67	14	51	37	37
54	53	56	66	78	16	57	37	15
54	53	68	66	30	39	13	37	43
54	58	84	83	60	58	10	30	41
54	58	51	83	10	71	2	30	45
54	58	45	83	67	49	18	30	37
54	58	56	83	78	24	40	30	15
54	58	68	83	30	67	6	30	43
54	84	51	60	10	45	0	41	45
54	84	45	60	67	23	54	41	37
54	84	56	60	78	9	60	41	15
54	84	68	60	30	35	6	41	43
54	51	45	10	67	0	68	45	37
54	51	56	10	78	0	75	45	15
54	51	68	10	30	0	36	45	43
54	45	56	67	78	6	56	37	15
54	45	68	67	30	46	7	37	43
54	56	68	78	30	65	8	15	43
55	54	57	72	29	64	8	20	48
55	54	48	72	65	56	9	20	42
55	54	59	72	83	51	21	20	43
55	54	27	72	75	51	13	20	34
55	54	47	72	78	46	20	20	27
55	54	58	72	74	51	25	20	31
55	54	45	72	71	48	8	20	40
55	54	51	72	49	70	4	20	45
55	54	40	72	76	20	35	20	17
55	54	56	72	81	45	24	20	24
55	57	48	29	65	14	36	48	42
55	57	59	29	83	6	45	48	43
55	57	27	29	75	10	52	48	34
55	57	47	29	78	5	57	48	27
55	57	58	29	74	2	65	48	31
55	57	45	29	71	8	53	48	40
55	57	51	29	49	14	20	48	45
55	57	40	29	76	2	66	48	17
55	57	56	29	81	2	69	48	24
55	48	59	65	83	19	24	42	43
55	48	27	65	75	14	49	42	34
55	48	47	65	78	11	57	42	27
55	48	58	65	74	6	62	42	31
55	48	45	65	71	20	47	42	40
55	48	51	65	49	65	1	42	45
55	48	40	65	76	11	58	42	17
55	48	56	65	81	12	60	42	24
55	59	27	83	75	19	53	43	34
55	59	47	83	78	17	53	43	27
55	59	58	83	74	17	51	43	31
55	59	45	83	71	16	44	43	40
55	59	51	83	49	75	0	43	45
55	59	40	83	76	14	54	43	17
55	59	56	83	81	21	48	43	24
55	27	47	75	78	16	52	34	27
55	27	58	75	74	8	56	34	31
55	27	45	75	71	34	16	34	40
55	27	51	75	49	60	1	34	45
55	27	40	75	76	16	54	34	17
55	27	56	75	81	14	55	34	24
55	47	58	78	74	55	21	27	31
55	47	45	78	71	53	12	27	40
55	47	51	78	49	46	13	27	45
55	47	40	78	76	18	48	27	17
55	47	56	78	81	53	17	27	24
55	58	45	74	71	55	18	31	40
55	58	51	74	49	66	5	31	45
55	58	40	74	76	19	53	31	17
55	58	56	74	81	40	25	31	24
55	45	51	71	49	43	8	40	45
55	45	40	71	76	13	58	40	17
55	45	56	71	81	6	57	40	24
55	51	40	49	76	12	63	45	17
55	51	56	49	81	7	60	45	24
55	40	56	76	81	46	25	17	24
56	55	40	74	79	18	52	28	25
56	55	53	74	13	75	2	28	44
56	55	51	74	86	22	59	28	18
56	55	59	74	28	60	6	28	45
56	55	81	74	44	56	7	28	34
56	55	57	74	44	50	11	28	46
56	55	47	74	75	24	45	28	26
56	55	54	74	80	23	53	28	20
56	55	27	74	71	29	19	28	25
56	55	58	74	75	56	17	28	34
56	40	53	79	13	74	3	25	44
56	40	51	79	86	16	62	25	18
56	40	59	79	28	68	12	25	45
56	40	81	79	44	62	10	25	34
56	40	57	79	44	62	9	25	46
56	40	47	79	75	27	21	25	26
56	40	54	79	80	24	42	25	20
56	40	27	79	71	45	19	25	25
56	40	58	79	75	48	18	25	34
56	53	51	13	86	1	67	44	18
56	53	59	13	28	1	43	44	45
56	53	81	13	44	2	33	44	34
56	53	57	13	44	0	38	44	46
56	53	47	13	75	0	70	44	26
56	53	54	13	80	1	69	44	20
56	53	27	13	71	2	68	44	25
56	53	58	13	75	2	67	44	34
56	51	59	86	28	70	6	18	45
56	51	81	86	44	51	12	18	34
56	51	57	86	44	60	6	18	46
56	51	47	86	75	49	18	18	26
56	51	54	86	80	16	39	18	20
56	51	27	86	71	63	10	18	25
56	51	58	86	75	57	6	18	34
56	59	81	28	44	18	29	45	34
56	59	57	28	44	12	37	45	46
56	59	47	28	75	3	74	45	26
56	59	54	28	80	12	56	45	20
56	59	27	28	71	17	48	45	25
56	59	58	28	75	12	40	45	34
56	81	57	44	44	30	9	34	46
56	81	47	44	75	5	60	34	26
56	81	54	44	80	9	56	34	20
56	81	27	44	71	11	57	34	25
56	81	58	44	75	12	29	34	34
56	57	47	44	75	9	56	46	26
56	57	54	44	80	13	50	46	20
56	57	27	44	71	11	57	46	25
56	57	58	44	75	4	59	46	34
56	47	54	75	80	15	49	26	20
56	47	27	75	71	46	14	26	25
56	47	58	75	75	50	23	26	34
56	54	27	80	71	55	20	20	25
56	54	58	80	75	55	19	20	34
56	27	58	71	75	41	18	25	34
57	53	54	74	61	43	13	28	40
57	53	56	74	46	48	7	28	38
57	53	46	74	66	49	17	28	37
57	53	84	74	72	42	24	28	31
57	53	81	74	35	64	6	28	39
57	53	51	74	72	46	14	28	31
57	53	30	74	83	50	15	28	32
57	53	68	74	50	50	13	28	38
57	53	40	74	40	56	7	28	44
57	53	47	74	59	57	11	28	39
57	54	56	61	46	34	21	40	38
57	54	46	61	66	7	17	40	37
57	54	84	61	72	19	53	40	31
57	54	81	61	35	42	7	40	39
57	54	51	61	72	11	51	40	31
57	54	30	61	83	3	64	40	32
57	54	68	61	50	30	15	40	38
57	54	40	61	40	39	9	40	44
57	54	47	61	59	17	18	40	39
57	56	46	46	66	6	39	38	37
57	56	84	46	72	6	58	38	31
57	56	81	46	35	18	16	38	39
57	56	51	46	72	7	53	38	31
57	56	30	46	83	5	54	38	32
57	56	68	46	50	13	10	38	38
57	56	40	46	40	17	7	38	44
57	56	47	46	59	14	35	38	39
57	46	84	66	72	15	50	37	31
57	46	81	66	35	51	8	37	39
57	46	51	66	72	26	46	37	31
57	46	30	66	83	21	49	37	32
57	46	68	66	50	50	9	37	38
57	46	40	66	40	62	6	37	44
57	46	47	66	59	16	7	37	39
57	84	81	72	35	46	9	31	39
57	84	51	72	72	19	23	31	31
57	84	30	72	83	11	19	31	32
57	84	68	72	50	49	13	31	38
57	84	40	72	40	49	6	31	44
57	84	47	72	59	55	15	31	39
57	81	51	35	72	7	49	39	31
57	81	30	35	83	5	73	39	32
57	81	68	35	50	8	17	39	38
57	81	40	35	40	15	13	39	44
57	81	47	35	59	18	28	39	39
57	51	30	72	83	34	20	31	32
57	51	68	72	50	49	5	31	38
57	51	40	72	40	52	7	31	44
57	51	47	72	59	49	18	31	39
57	30	68	83	50	77	5	32	38
57	30	40	83	40	64	10	32	44
57	30	47	83	59	62	9	32	39
57	68	40	50	40	18	8	38	44
57	68	47	50	59	5	57	38	39
57	40	47	40	59	5	40	44	39
58	45	59	59	91	9	59	44	24
58	45	56	59	73	13	50	44	35
58	45	47	59	92	19	55	44	21
58	45	40	59	79	16	52	44	26
58	45	54	59	75	11	56	44	34
58	45	55	59	79	19	56	44	35
58	59	56	91	73	61	10	24	35
58	59	47	91	92	29	56	24	21
58	59	40	91	79	58	15	24	26
58	59	54	91	75	60	21	24	34
58	59	55	91	79	50	26	24	35
58	56	47	73	92	21	52	35	21
58	56	40	73	79	18	53	35	26
58	56	54	73	75	20	59	35	34
58	56	55	73	79	27	47	35	35
58	47	40	92	79	59	17	21	26
58	47	54	92	75	50	16	21	34
58	47	55	92	79	45	26	21	35
58	40	54	79	75	56	17	26	34
58	40	55	79	79	52	18	26	35
58	54	55	75	79	45	16	34	35
59	58	55	87	74	54	20	22	43
59	58	54	87	71	55	19	22	41
59	58	40	87	64	56	20	22	40
59	58	47	87	30	69	6	22	47
59	55	54	74	71	22	50	43	41
59	55	40	74	64	22	16	43	40
59	55	47	74	30	37	12	43	47
59	54	40	71	64	48	13	41	40
59	54	47	71	30	59	11	41	47
59	40	47	64	30	42	13	40	47
60	35	66	63	58	23	35	38	36
60	35	45	63	42	34	13	38	44
60	35	31	63	66	39	14	38	43
60	35	48	63	88	12	58	38	28
60	35	37	63	58	32	19	38	39
60	35	47	63	0	59	0	38	65535
60	35	33	63	69	9	14	38	39
60	66	45	58	42	41	17	36	44
60	66	31	58	66	39	25	36	43
60	66	48	58	88	10	65	36	28
60	66	37	58	58	44	23	36	39
60	66	47	58	0	56	0	36	65535
60	66	33	58	69	46	24	36	39
60	45	31	42	66	5	18	44	43
60	45	48	42	88	12	59	44	28
60	45	37	42	58	9	27	44	39
60	45	47	42	0	40	0	44	65535
60	45	33	42	69	9	39	44	39
60	31	48	66	88	21	61	43	28
60	31	37	66	58	8	15	43	39
60	31	47	66	0	65	0	43	65535
60	31	33	66	69	12	33	43	39
60	48	37	88	58	65	9	28	39
60	48	47	88	0	89	0	28	65535
60	48	33	88	69	65	12	28	39
60	37	47	58	0	65	0	39	65535
60	37	33	58	69	13	28	39	39
60	47	33	0	69	0	62	65535	39
63	68	76	65	64	23	21	39	44
63	68	78	65	77	22	49	39	33
63	68	69	65	76	13	53	39	32
63	68	8	65	89	40	30	39	43
63	68	64	65	92	7	64	39	28
63	68	72	65	68	42	22	39	44
63	68	77	65	44	46	7	39	47
63	76	78	64	77	15	51	44	33
63	76	69	64	76	18	54	44	32
63	76	8	64	89	37	30	44	43
63	76	64	64	92	10	59	44	28
63	76	72	64	68	46	23	44	44
63	76	77	64	44	49	4	44	47
63	78	69	77	76	21	51	33	32
63	78	8	77	89	46	21	33	43
63	78	64	77	92	13	64	33	28
63	78	72	77	68	51	17	33	44
63	78	77	77	44	63	0	33	47
63	69	8	76	89	46	19	32	43
63	69	64	76	92	12	32	32	28
63	69	72	76	68	48	13	32	44
63	69	77	76	44	59	1	32	47
63	8	64	89	92	8	62	43	28
63	8	72	89	68	35	20	43	44
63	8	77	89	44	75	0	43	47
63	64	72	92	68	46	8	28	44
63	64	77	92	44	73	0	28	47
63	72	77	68	44	57	3	44	47
64	80	9	50	78	19	23	44	42
64	80	66	50	37	9	4	44	45
64	80	4	50	54	10	11	44	43
64	80	1	50	94	9	81	44	40
64	80	63	50	78	4	66	44	31
64	9	66	78	37	49	7	42	45
64	9	4	78	54	32	8	42	43
64	9	1	78	94	9	57	42	40
64	9	63	78	78	13	61	42	31
64	66	4	37	54	0	23	45	43
64	66	1	37	94	0	96	45	40
64	66	63	37	78	0	90	45	31
64	4	1	54	94	17	58	43	40
64	4	63	54	78	12	62	43	31
64	1	63	94	78	12	54	40	31
65	73	0	75	0	0	0	21	65535
66	3	64	64	7	65	0	43	46
66	3	14	64	68	13	32	43	37
66	3	16	64	60	14	42	43	38
66	3	5	64	14	33	16	43	44
66	3	67	64	2	54	1	43	48
66	3	60	64	48	18	40	43	42
66	3	18	64	8	42	3	43	45
66	64	14	7	68	0	73	46	37
66	64	16	7	60	0	70	46	38
66	64	5	7	14	0	31	46	44
66	64	67	7	2	0	2	46	48
66	64	60	7	48	0	62	46	42
66	64	18	7	8	0	7	46	45
66	14	16	68	60	44	15	37	38
66	14	5	68	14	44	9	37	44
66	14	67	68	2	70	0	37	48
66	14	60	68	48	14	5	37	42
66	14	18	68	8	68	0	37	45
66	16	5	60	14	51	9	38	44
66	16	67	60	2	67	1	38	48
66	16	60	60	48	16	21	38	42
66	16	18	60	8	48	4	38	45
66	5	67	14	2	20	1	44	48
66	5	60	14	48	3	51	44	42
66	5	18	14	8	15	3	44	45
66	67	60	2	48	2	63	48	42
66	67	18	2	8	0	7	48	45
66	60	18	48	8	55	1	42	45
67	4	9	100	100	29	64	34	23
67	4	10	100	100	31	55	34	32
67	4	8	100	100	61	22	34	39
67	4	66	100	2	99	0	34	46
67	4	71	100	98	60	8	34	44
67	4	72	100	97	15	25	34	37
67	9	10	100	100	64	35	23	32
67	9	8	100	100	57	29	23	39
67	9	66	100	2	97	0	23	46
67	9	71	100	98	71	16	23	44
67	9	72	100	97	71	13	23	37
67	10	8	100	100	58	33	32	39
67	10	66	100	2	100	0	32	46
67	10	71	100	98	67	9	32	44
67	10	72	100	97	62	7	32	37
67	8	66	100	2	98	1	39	46
67	8	71	100	98	54	14	39	44
67	8	72	100	97	25	51	39	37
67	66	71	2	98	0	94	46	44
67	66	72	2	97	0	96	46	37
67	71	72	98	97	29	63	44	37
68	77	78	97	89	98	1	23	19
68	77	69	97	87	75	20	23	30
68	77	51	97	62	76	10	23	35
68	77	53	97	56	80	8	23	36
68	77	79	97	86	73	7	23	30
68	77	57	97	41	77	5	23	46
68	77	81	97	88	64	11	23	24
68	77	72	97	79	80	17	23	37
68	77	76	97	90	60	20	23	29
68	77	63	97	56	76	10	23	45
68	77	75	97	95	61	34	23	28
68	77	40	97	6	88	4	23	47
68	78	69	89	87	60	27	19	30
68	78	51	89	62	73	16	19	35
68	78	53	89	56	70	13	19	36
68	78	79	89	86	56	22	19	30
68	78	57	89	41	67	9	19	46
68	78	81	89	88	55	29	19	24
68	78	72	89	79	52	27	19	37
68	78	76	89	90	56	27	19	29
68	78	63	89	56	67	19	19	45
68	78	75	89	95	51	31	19	28
68	78	40	89	6	77	4	19	47
68	69	51	87	62	60	19	30	35
68	69	53	87	56	71	12	30	36
68	69	79	87	86	48	22	30	30
68	69	57	87	41	75	10	30	46
68	69	81	87	88	43	29	30	24
68	69	72	87	79	55	23	30	37
68	69	76	87	90	19	46	30	29
68	69	63	87	56	58	17	30	45
68	69	75	87	95	15	58	30	28
68	69	40	87	6	72	8	30	47
68	51	53	62	56	37	11	35	36
68	51	79	62	86	10	69	35	30
68	51	57	62	41	44	5	35	46
68	51	81	62	88	21	58	35	24
68	51	72	62	79	18	10	35	37
68	51	76	62	90	18	66	35	29
68	51	63	62	56	41	17	35	45
68	51	75	62	95	7	69	35	28
68	51	40	62	6	58	2	35	47
68	53	79	56	86	2	69	36	30
68	53	57	56	41	39	13	36	46
68	53	81	56	88	18	62	36	24
68	53	72	56	79	6	53	36	37
68	53	76	56	90	10	68	36	29
68	53	63	56	56	41	26	36	45
68	53	75	56	95	4	71	36	28
68	53	40	56	6	47	4	36	47
68	79	57	86	41	72	6	30	46
68	79	81	86	88	19	51	30	24
68	79	72	86	79	51	16	30	37
68	79	76	86	90	34	50	30	29
68	79	63	86	56	59	11	30	45
68	79	75	86	95	21	60	30	28
68	79	40	86	6	71	1	30	47
68	57	81	41	88	10	71	46	24
68	57	72	41	79	8	65	46	37
68	57	76	41	90	8	71	46	29
68	57	63	41	56	10	42	46	45
68	57	75	41	95	2	73	46	28
68	57	40	41	6	34	1	46	47
68	81	72	88	79	62	21	24	37
68	81	76	88	90	22	52	24	29
68	81	63	88	56	67	8	24	45
68	81	75	88	95	56	24	24	28
68	81	40	88	6	85	1	24	47
68	72	76	79	90	15	62	37	29
68	72	63	79	56	38	14	37	45
68	72	75	79	95	8	73	37	28
68	72	40	79	6	61	0	37	47
68	76	63	90	56	73	4	29	45
68	76	75	90	95	23	42	29	28
68	76	40	90	6	87	0	29	47
68	63	75	56	95	5	82	45	28
68	63	40	56	6	10	0	45	47
68	75	40	95	6	91	1	28	47
69	80	76	0	100	0	98	65535	11
69	80	78	0	0	0	0	65535	65535
69	80	63	0	1	0	0	65535	33
69	76	78	100	0	98	0	11	65535
69	76	63	100	1	96	1	11	33
69	78	63	0	1	0	0	65535	33
70	72	71	100	92	78	20	23	43
70	72	78	100	18	90	5	23	34
70	71	78	92	18	65	16	43	34
71	67	72	92	100	17	69	44	33
71	67	74	92	99	14	75	44	32
71	67	70	92	88	21	18	44	44
71	67	78	92	1	91	0	44	39
71	72	74	100	99	12	58	33	32
71	72	70	100	88	65	19	33	44
71	72	78	100	1	98	0	33	39
71	74	70	99	88	67	12	32	44
71	74	78	99	1	98	3	32	39
71	70	78	88	1	70	5	44	39
72	71	8	97	77	60	7	33	40
72	71	77	97	76	95	5	33	38
72	71	67	97	93	60	17	33	37
72	71	70	97	100	22	55	33	23
72	71	78	97	72	46	22	33	33
72	71	76	97	0	94	1	33	65535
72	71	85	97	69	74	14	33	43
72	71	69	97	2	100	0	33	41
72	71	81	97	0	100	0	33	65535
72	8	77	77	76	31	31	40	38
72	8	67	77	93	20	58	40	37
72	8	70	77	100	5	77	40	23
72	8	78	77	72	3	62	40	33
72	8	76	77	0	26	0	40	65535
72	8	85	77	69	22	21	40	43
72	8	69	77	2	65	3	40	41
72	8	81	77	0	80	0	40	65535
72	77	67	76	93	15	51	38	37
72	77	70	76	100	3	99	38	23
72	77	78	76	72	4	41	38	33
72	77	76	76	0	37	3	38	65535
72	77	85	76	69	7	15	38	43
72	77	69	76	2	15	0	38	41
72	77	81	76	0	40	0	38	65535
72	67	70	93	100	13	62	37	23
72	67	78	93	72	30	49	37	33
72	67	76	93	0	93	0	37	65535
72	67	85	93	69	57	8	37	43
72	67	69	93	2	92	0	37	41
72	67	81	93	0	98	0	37	65535
72	70	78	100	72	63	21	23	33
72	70	76	100	0	100	0	23	65535
72	70	85	100	69	71	16	23	43
72	70	69	100	2	100	0	23	41
72	70	81	100	0	100	0	23	65535
72	78	76	72	0	64	9	33	65535
72	78	85	72	69	41	38	33	43
72	78	69	72	2	59	0	33	41
72	78	81	72	0	81	0	33	65535
72	76	85	0	69	9	68	65535	43
72	76	69	0	2	0	0	65535	41
72	76	81	0	0	7	0	65535	65535
72	85	69	69	2	66	2	43	41
72	85	81	69	0	73	0	43	65535
72	69	81	2	0	3	1	41	65535
73	82	65	8	77	16	46	40	21
73	82	85	8	74	19	51	40	23
73	65	85	77	74	18	61	21	23
74	71	0	99	0	0	0	31	65535
75	68	77	66	40	46	5	25	31
75	68	76	66	1	86	4	25	26
75	77	76	40	1	42	11	31	26
76	77	69	1	100	0	68	37	12
76	77	65	1	0	0	0	37	65535
76	77	81	1	1	0	0	37	34
76	69	65	100	0	100	0	12	65535
76	69	81	100	1	85	1	12	34
76	65	81	0	1	0	0	65535	34
77	75	68	15	100	1	97	31	16
77	75	53	15	63	5	63	31	36
77	75	78	15	89	1	84	31	19
77	75	72	15	82	26	38	31	37
77	75	69	15	3	3	0	31	35
77	75	76	15	0	7	0	31	65535
77	68	53	100	63	82	13	16	36
77	68	78	100	89	58	23	16	19
77	68	72	100	82	60	18	16	37
77	68	69	100	3	89	4	16	35
77	68	76	100	0	91	3	16	65535
77	53	78	63	89	10	69	36	19
77	53	72	63	82	30	27	36	37
77	53	69	63	3	68	0	36	35
77	53	76	63	0	71	0	36	65535
77	78	72	89	82	59	23	19	37
77	78	69	89	3	93	5	19	35
77	78	76	89	0	89	0	19	65535
77	72	69	82	3	85	0	37	35
77	72	76	82	0	87	0	37	65535
77	69	76	3	0	0	0	35	65535
78	72	63	83	0	64	0	35	65535
78	72	71	83	16	38	0	35	41
78	72	77	83	87	14	51	35	21
78	72	68	83	90	11	62	35	20
78	72	70	83	52	14	24	35	37
78	72	76	83	3	72	0	35	38
78	63	71	0	16	0	3	65535	41
78	63	77	0	87	0	91	65535	21
78	63	68	0	90	2	89	65535	20
78	63	70	0	52	8	45	65535	37
78	63	76	0	3	0	0	65535	38
78	71	77	16	87	0	65	41	21
78	71	68	16	90	2	64	41	20
78	71	70	16	52	3	42	41	37
78	71	76	16	3	8	1	41	38
78	77	68	87	90	24	34	21	20
78	77	70	87	52	63	7	21	37
78	77	76	87	3	90	0	21	38
78	68	70	90	52	62	4	20	37
78	68	76	90	3	91	0	20	38
78	70	76	52	3	65	0	37	38
79	68	138	69	83	50	29	29	36
79	68	75	69	20	63	0	29	35
79	138	75	83	20	76	0	36	35
81	51	75	20	2	17	3	35	35
81	51	54	20	6	4	1	35	40
81	51	76	20	0	10	0	35	65535
81	51	68	20	89	3	59	35	24
81	75	54	2	6	3	8	35	40
81	75	76	2	0	0	0	35	65535
81	75	68	2	89	0	92	35	24
81	54	76	6	0	9	0	40	65535
81	54	68	6	89	0	27	40	24
81	76	68	0	89	0	91	65535	24
82	85	73	82	68	50	20	28	37
82	85	65	82	77	25	21	28	24
82	73	65	68	77	22	52	37	24
84	57	54	65	54	52	17	37	46
84	57	53	65	78	20	35	37	31
84	57	51	65	66	47	15	37	40
84	57	81	65	0	69	2	37	65535
84	54	53	54	78	13	62	46	31
84	54	51	54	66	16	23	46	40
84	54	81	54	0	55	0	46	65535
84	53	51	78	66	52	16	31	40
84	53	81	78	0	81	1	31	65535
84	51	81	66	0	63	0	40	65535
85	72	73	70	81	6	56	41	19
85	72	82	70	76	6	59	41	27
85	72	65	70	72	17	12	41	39
85	73	82	81	76	63	17	19	27
85	73	65	81	72	45	20	19	39
85	82	65	76	72	53	13	27	39
117	126	130	86	82	32	33	31	29
117	126	124	86	83	20	63	31	15
117	126	118	86	10	83	0	31	38
117	130	124	82	83	21	63	29	15
117	130	118	82	10	74	1	29	38
117	124	118	83	10	84	1	15	38
118	120	126	92	80	23	53	31	29
118	120	132	92	100	19	59	31	19
118	120	123	92	81	11	50	31	33
118	120	117	92	24	70	0	31	40
118	120	80	92	0	87	0	31	65535
118	126	132	80	100	10	74	29	19
118	126	123	80	81	29	14	29	33
118	126	117	80	24	71	1	29	40
118	126	80	80	0	82	0	29	65535
118	132	123	100	81	61	17	19	33
81	68	51	88	21	60	4	25	35
81	68	76	88	5	61	0	25	39
81	68	75	88	3	74	0	25	35
81	51	76	21	5	20	0	35	39
81	51	75	21	3	24	0	35	35
81	76	75	5	3	0	0	39	35
118	132	117	100	24	91	0	19	40
118	132	80	100	0	95	3	19	65535
118	123	117	81	24	74	0	33	40
118	123	80	81	0	81	0	33	65535
118	117	80	24	0	2	0	40	65535
120	124	132	34	18	34	9	40	35
120	124	136	34	100	2	90	40	23
120	124	118	34	99	6	72	40	34
120	124	123	34	44	22	31	40	38
120	132	136	18	100	1	93	35	23
120	132	118	18	99	4	91	35	34
120	132	123	18	44	14	39	35	38
120	136	118	100	99	64	21	23	34
120	136	123	100	44	79	10	23	38
120	118	123	99	44	72	9	34	38
119	139	133	78	91	19	66	31	12
119	139	73	78	54	61	8	31	40
119	139	137	78	76	19	54	31	21
119	139	138	78	46	59	9	31	47
119	139	131	78	60	43	15	31	43
119	133	73	91	54	78	11	12	40
119	133	137	91	76	63	21	12	21
119	133	138	91	46	74	8	12	47
119	133	131	91	60	67	7	12	43
119	73	137	54	76	10	61	40	21
119	73	138	54	46	31	13	40	47
119	73	131	54	60	19	18	40	43
119	137	138	76	46	66	8	21	47
119	137	131	76	60	51	20	21	43
119	138	131	46	60	11	30	47	43
123	132	118	100	99	66	24	17	32
122	139	131	73	92	11	46	35	17
122	139	136	73	0	70	0	35	65535
122	139	132	73	0	81	0	35	65535
122	139	135	73	0	18	0	35	65535
122	139	137	73	75	45	14	35	38
122	139	138	73	0	55	0	35	65535
122	139	117	73	1	75	2	35	48
122	131	136	92	0	88	0	17	65535
122	131	132	92	0	97	0	17	65535
122	131	135	92	0	70	0	17	65535
122	131	137	92	75	74	17	17	38
122	131	138	92	0	84	0	17	65535
122	131	117	92	1	99	0	17	48
122	136	132	0	0	0	0	65535	65535
122	136	135	0	0	0	0	65535	65535
122	136	137	0	75	0	69	65535	38
122	136	138	0	0	0	0	65535	65535
122	136	117	0	1	0	0	65535	48
122	132	135	0	0	0	0	65535	65535
122	132	137	0	75	0	72	65535	38
122	132	138	0	0	0	0	65535	65535
122	132	117	0	1	0	0	65535	48
122	135	137	0	75	0	16	65535	38
122	135	138	0	0	0	0	65535	65535
122	135	117	0	1	0	0	65535	48
122	137	138	75	0	51	0	38	65535
122	137	117	75	1	73	0	38	48
122	138	117	0	1	0	0	65535	48
124	126	117	76	95	24	17	17	22
124	126	120	76	25	55	5	17	41
124	126	130	76	70	57	16	17	30
124	126	128	76	66	51	14	17	30
124	117	120	95	25	78	7	22	41
124	117	130	95	70	48	26	22	30
124	117	128	95	66	49	25	22	30
124	120	130	25	70	11	69	41	30
124	120	128	25	66	5	53	41	30
124	130	128	70	66	21	30	30	30
128	124	117	66	74	15	66	28	24
128	124	130	66	78	21	47	28	11
128	124	126	66	27	74	1	28	39
128	117	130	74	78	20	48	24	11
128	117	126	74	27	76	4	24	39
128	130	126	78	27	76	1	11	39
130	124	117	70	87	22	24	29	33
130	124	128	70	77	26	47	29	12
130	124	126	70	76	17	42	29	28
130	117	128	87	77	22	44	33	12
130	117	126	87	76	19	45	33	28
130	128	126	77	76	43	25	12	28
131	139	135	91	100	64	24	15	28
131	139	119	91	69	57	14	15	40
131	139	138	91	62	63	13	15	45
131	139	122	91	100	51	37	15	20
131	139	137	91	88	65	15	15	32
131	139	133	91	20	76	2	15	47
131	135	119	100	69	87	5	28	40
131	135	138	100	62	73	11	28	45
131	135	122	100	100	27	54	28	20
131	135	137	100	88	66	15	28	32
131	135	133	100	20	86	2	28	47
131	119	138	69	62	24	28	40	45
131	119	122	69	100	7	73	40	20
131	119	137	69	88	18	48	40	32
131	119	133	69	20	41	3	40	47
131	138	122	62	100	17	75	45	20
131	138	137	62	88	18	63	45	32
131	138	133	62	20	54	2	45	47
131	122	137	100	88	71	19	20	32
131	122	133	100	20	89	4	20	47
131	137	133	88	20	72	1	32	47
132	123	118	99	99	61	23	17	19
132	123	136	99	0	86	1	17	65535
132	123	120	99	7	55	9	17	31
132	118	136	99	0	77	2	19	65535
132	118	120	99	7	63	6	19	31
132	136	120	0	7	2	5	65535	31
133	119	138	96	57	70	11	10	41
133	119	137	96	74	62	14	10	34
133	119	131	96	13	83	0	10	45
133	119	139	96	70	76	14	10	37
133	138	137	57	74	18	31	41	34
133	138	131	57	13	44	5	41	45
133	138	139	57	70	17	28	41	37
133	137	131	74	13	55	0	34	45
133	137	139	74	70	26	22	34	37
133	131	139	13	70	3	55	45	37
135	138	139	51	90	16	64	47	33
135	138	131	51	100	14	72	47	29
135	138	123	51	40	32	25	47	39
135	139	131	90	100	19	63	33	29
135	139	123	90	40	78	8	33	39
135	131	123	100	40	87	3	29	39
136	118	122	3	31	0	38	44	47
136	118	120	3	100	5	95	44	19
136	118	132	3	7	0	6	44	36
136	122	120	31	100	1	77	47	19
136	122	132	31	7	34	1	47	36
136	120	132	100	7	99	1	19	36
137	138	122	56	78	13	30	45	44
137	138	131	56	89	11	61	45	33
137	138	139	56	78	13	54	45	25
137	138	119	56	84	11	62	45	20
137	138	133	56	69	15	48	45	37
137	122	131	78	89	21	54	44	33
137	122	139	78	78	21	48	44	25
137	122	119	78	84	14	56	44	20
137	122	133	78	69	18	46	44	37
137	131	139	89	78	25	54	33	25
137	131	119	89	84	28	55	33	20
137	131	133	89	69	67	16	33	37
137	139	119	78	84	20	51	25	20
137	139	133	78	69	50	21	25	37
137	119	133	84	69	47	21	20	37
138	123	137	12	56	0	48	43	38
138	123	79	12	78	0	75	43	33
138	123	131	12	51	1	57	43	40
138	123	119	12	44	15	31	43	40
138	123	139	12	79	1	70	43	27
138	123	133	12	59	0	57	43	38
138	123	122	12	53	0	50	43	47
138	123	135	12	65	4	53	43	42
138	123	132	12	0	1	0	43	65535
138	137	79	56	78	10	43	38	33
138	137	131	56	51	18	14	38	40
138	137	119	56	44	30	13	38	40
138	137	139	56	79	10	55	38	27
138	137	133	56	59	16	44	38	38
138	137	122	56	53	39	15	38	47
138	137	135	56	65	20	12	38	42
138	137	132	56	0	54	0	38	65535
138	79	131	78	51	59	10	33	40
138	79	119	78	44	61	5	33	40
138	79	139	78	79	19	49	33	27
138	79	133	78	59	53	6	33	38
138	79	122	78	53	57	8	33	47
138	79	135	78	65	56	16	33	42
138	79	132	78	0	80	0	33	65535
138	131	119	51	44	31	9	40	40
138	131	139	51	79	10	49	40	27
138	131	133	51	59	18	32	40	38
138	131	122	51	53	27	23	40	47
138	131	135	51	65	25	18	40	42
138	131	132	51	0	54	0	40	65535
138	119	139	44	79	15	59	40	27
138	119	133	44	59	12	33	40	38
138	119	122	44	53	13	10	40	47
138	119	135	44	65	10	26	40	42
138	119	132	44	0	46	0	40	65535
138	139	133	79	59	53	16	27	38
138	139	122	79	53	57	18	27	47
138	139	135	79	65	53	23	27	42
138	139	132	79	0	79	0	27	65535
138	133	122	59	53	48	7	38	47
138	133	135	59	65	46	17	38	42
138	133	132	59	0	59	0	38	65535
138	122	135	53	65	10	28	47	42
138	122	132	53	0	51	0	47	65535
138	135	132	65	0	64	0	42	65535
139	119	122	76	84	48	8	27	37
139	119	131	76	87	9	63	27	14
139	119	138	76	81	19	64	27	30
139	119	133	76	69	52	21	27	39
139	119	137	76	78	17	56	27	23
139	119	135	76	89	44	25	27	32
139	122	131	84	87	22	60	37	14
139	122	138	84	81	13	54	37	30
139	122	133	84	69	57	9	37	39
139	122	137	84	78	19	55	37	23
139	122	135	84	89	18	57	37	32
139	131	138	87	81	58	16	14	30
139	131	133	87	69	63	18	14	39
139	131	137	87	78	57	26	14	23
139	131	135	87	89	61	21	14	32
139	138	133	81	69	56	9	30	39
139	138	137	81	78	15	39	30	23
139	138	135	81	89	51	22	30	32
139	133	137	69	78	22	54	39	23
139	133	135	69	89	10	65	39	32
139	137	135	78	89	50	23	23	32
